i,AlignChn,ScoredChain,AlignResNum,AlignResType,AlignRespLDDT,n0chn,n0dom,n0res,d0chn,d0dom,d0res,ipTM_pae,ipSAE_d0chn,ipSAE_d0dom,ipSAE 
250     A         B            1           ILE        89.92         665  662  217  8.941  8.925  5.476   0.3433    0.3588    0.3580    0.1762
251     A         B            2           CYS        93.20         665  662  245  8.941  8.925  5.797   0.4073    0.4099    0.4090    0.2297
252     A         B            3           LEU        90.02         665  662  248  8.941  8.925  5.830   0.4096    0.4102    0.4093    0.2316
253     A         B            4           GLN        94.13         665  662  248  8.941  8.925  5.830   0.4190    0.4197    0.4188    0.2392
254     A         B            5           LYS        95.65         665  662  249  8.941  8.925  5.841   0.4265    0.4265    0.4257    0.2443
255     A         B            6           THR        95.00         665  662  243  8.941  8.925  5.775   0.3856    0.3888    0.3880    0.2124
256     A         B            7           SER        91.37         665  662  200  8.941  8.925  5.266   0.3158    0.3355    0.3347    0.1505
257     A         B            8           ASN        91.66         665  662  158  8.941  8.925  4.684   0.2871    0.3184    0.3176    0.1145
258     A         B            9           GLN        91.09         665  662  179  8.941  8.925  4.987   0.2997    0.3244    0.3236    0.1310
259     A         B           10           ILE        94.41         665  662  228  8.941  8.925  5.605   0.3576    0.3676    0.3667    0.1881
260     A         B           11           LEU        96.92         665  662  249  8.941  8.925  5.841   0.4922    0.4922    0.4913    0.2973
261     A         B           12           LYS        92.60         665  662  249  8.941  8.925  5.841   0.4717    0.4717    0.4708    0.2799
262     A         B           13           PRO        96.01         665  662  249  8.941  8.925  5.841   0.5268    0.5268    0.5259    0.3266
263     A         B           14           LYS        91.04         665  662  249  8.941  8.925  5.841   0.5630    0.5630    0.5622    0.3595
264     A         B           15           LEU        85.80         665  662  249  8.941  8.925  5.841   0.5756    0.5756    0.5747    0.3707
265     A         B           16           ILE        84.35         665  662  249  8.941  8.925  5.841   0.5321    0.5321    0.5312    0.3306
266     A         B           17           SER        59.96         665  662  248  8.941  8.925  5.830   0.4134    0.4140    0.4132    0.2336
267     A         B           18           TYR        60.97         665  662  247  8.941  8.925  5.819   0.3848    0.3859    0.3850    0.2119
268     A         B           19           THR        60.38         665  662  246  8.941  8.925  5.808   0.3942    0.3959    0.3950    0.2184
269     A         B           20           LEU        65.47         665  662  249  8.941  8.925  5.841   0.4183    0.4183    0.4175    0.2368
270     A         B           21           PRO        58.24         665  662  230  8.941  8.925  5.629   0.3486    0.3568    0.3560    0.1817
271     A         B           22           VAL        64.15         665  662  227  8.941  8.925  5.594   0.3335    0.3420    0.3411    0.1700
272     A         B           23           VAL        62.33         665  662  217  8.941  8.925  5.476   0.3075    0.3169    0.3161    0.1488
273     A         B           24           GLY        63.53         665  662  115  8.941  8.925  3.956   0.2597    0.3014    0.3006    0.0782
274     A         B           25           GLN        63.53         665  662  94  8.941  8.925  3.521   0.2497    0.2938    0.2930    0.0608
275     A         B           26           SER        67.93         665  662  67  8.941  8.925  2.828   0.2350    0.2914    0.2906    0.0396
276     A         B           27           GLY        75.09         665  662  82  8.941  8.925  3.236   0.2456    0.2969    0.2962    0.0526
277     A         B           28           THR        79.88         665  662  241  8.941  8.925  5.753   0.3574    0.3610    0.3601    0.1913
278     A         B           29           CYS        80.33         665  662  249  8.941  8.925  5.841   0.4337    0.4337    0.4328    0.2492
279     A         B           30           ILE        85.91         665  662  249  8.941  8.925  5.841   0.5138    0.5138    0.5129    0.3140
280     A         B           31           THR        86.23         665  662  249  8.941  8.925  5.841   0.5191    0.5191    0.5182    0.3192
281     A         B           32           ASP        92.72         665  662  249  8.941  8.925  5.841   0.5765    0.5765    0.5757    0.3717
282     A         B           33           PRO        93.28         665  662  249  8.941  8.925  5.841   0.6136    0.6136    0.6128    0.4087
283     A         B           34           LEU        95.95         665  662  249  8.941  8.925  5.841   0.6312    0.6312    0.6304    0.4263
284     A         B           35           LEU        96.52         665  662  249  8.941  8.925  5.841   0.6612    0.6612    0.6603    0.4589
285     A         B           36           ALA        98.26         665  662  249  8.941  8.925  5.841   0.6476    0.6476    0.6468    0.4451
286     A         B           37           MET        95.88         665  662  249  8.941  8.925  5.841   0.6451    0.6451    0.6443    0.4423
287     A         B           38           ASP        93.70         665  662  249  8.941  8.925  5.841   0.5769    0.5769    0.5760    0.3737
288     A         B           39           GLU        90.02         665  662  249  8.941  8.925  5.841   0.5995    0.5995    0.5987    0.3961
289     A         B           40           GLY        91.38         665  662  249  8.941  8.925  5.841   0.6149    0.6149    0.6140    0.4111
290     A         B           41           TYR        95.61         665  662  249  8.941  8.925  5.841   0.6547    0.6547    0.6538    0.4527
291     A         B           42           PHE        95.30         665  662  249  8.941  8.925  5.841   0.6737    0.6737    0.6729    0.4732
292     A         B           43           ALA        97.66         665  662  249  8.941  8.925  5.841   0.6612    0.6612    0.6604    0.4595
293     A         B           44           TYR        93.41         665  662  249  8.941  8.925  5.841   0.6496    0.6496    0.6487    0.4457
294     A         B           45           SER        95.90         665  662  249  8.941  8.925  5.841   0.6175    0.6175    0.6166    0.4123
295     A         B           46           HIS        91.69         665  662  249  8.941  8.925  5.841   0.6157    0.6157    0.6148    0.4103
296     A         B           47           LEU        91.91         665  662  249  8.941  8.925  5.841   0.5884    0.5884    0.5875    0.3833
297     A         B           48           GLU        87.15         665  662  249  8.941  8.925  5.841   0.5269    0.5269    0.5260    0.3258
298     A         B           49           ARG        84.50         665  662  249  8.941  8.925  5.841   0.4261    0.4261    0.4252    0.2432
299     A         B           50           ILE        83.04         665  662  243  8.941  8.925  5.775   0.3706    0.3735    0.3726    0.2008
300     A         B           51           GLY        77.61         665  662  89  8.941  8.925  3.406   0.2504    0.2973    0.2965    0.0580
301     A         B           52           SER        73.55         665  662  111  8.941  8.925  3.878   0.2596    0.3027    0.3019    0.0759
302     A         B           53           CYS        74.22         665  662  145  8.941  8.925  4.482   0.2741    0.3047    0.3039    0.0996
303     A         B           54           SER        69.73         665  662  39  8.941  8.925  1.777   0.2180    0.2870    0.2863    0.0157
304     A         B           55           ARG        72.65         665  662  21  8.941  8.925  1.039   0.2029    0.2731    0.2724    0.0051
305     A         B           56           GLY        79.99         665  662  34  8.941  8.925  1.509   0.2231    0.2834    0.2826    0.0111
306     A         B           57           VAL        84.89         665  662  168  8.941  8.925  4.832   0.2872    0.3103    0.3095    0.1166
307     A         B           58           SER        87.13         665  662  189  8.941  8.925  5.123   0.2976    0.3150    0.3142    0.1317
308     A         B           59           LYS        86.65         665  662  244  8.941  8.925  5.786   0.3627    0.3650    0.3641    0.1953
309     A         B           60           GLN        87.65         665  662  249  8.941  8.925  5.841   0.4659    0.4659    0.4650    0.2748
310     A         B           61           ARG        93.39         665  662  249  8.941  8.925  5.841   0.5261    0.5261    0.5252    0.3252
311     A         B           62           ILE        89.74         665  662  249  8.941  8.925  5.841   0.5642    0.5642    0.5633    0.3600
312     A         B           63           ILE        95.82         665  662  249  8.941  8.925  5.841   0.6056    0.6056    0.6047    0.3999
313     A         B           64           GLY        92.49         665  662  249  8.941  8.925  5.841   0.5837    0.5837    0.5828    0.3792
314     A         B           65           VAL        93.85         665  662  249  8.941  8.925  5.841   0.6309    0.6309    0.6300    0.4263
315     A         B           66           GLY        90.96         665  662  249  8.941  8.925  5.841   0.5868    0.5868    0.5859    0.3827
316     A         B           67           GLU        86.23         665  662  249  8.941  8.925  5.841   0.6032    0.6032    0.6024    0.3985
317     A         B           68           VAL        91.40         665  662  249  8.941  8.925  5.841   0.6273    0.6273    0.6265    0.4232
318     A         B           69           LEU        81.63         665  662  249  8.941  8.925  5.841   0.5121    0.5121    0.5112    0.3135
319     A         B           70           ASP        82.26         665  662  249  8.941  8.925  5.841   0.4786    0.4786    0.4777    0.2856
320     A         B           71           ARG        72.63         665  662  239  8.941  8.925  5.731   0.3801    0.3861    0.3852    0.2084
321     A         B           72           GLY        77.44         665  662  228  8.941  8.925  5.605   0.3550    0.3652    0.3644    0.1868
322     A         B           73           ASP        79.21         665  662  225  8.941  8.925  5.570   0.3679    0.3812    0.3804    0.1962
323     A         B           74           GLU        85.42         665  662  249  8.941  8.925  5.841   0.4483    0.4483    0.4474    0.2617
324     A         B           75           VAL        89.01         665  662  249  8.941  8.925  5.841   0.5358    0.5358    0.5349    0.3348
325     A         B           76           PRO        92.44         665  662  249  8.941  8.925  5.841   0.5753    0.5753    0.5745    0.3717
326     A         B           77           SER        85.82         665  662  249  8.941  8.925  5.841   0.5377    0.5377    0.5368    0.3371
327     A         B           78           LEU        88.60         665  662  249  8.941  8.925  5.841   0.6109    0.6109    0.6101    0.4054
328     A         B           79           PHE        83.93         665  662  249  8.941  8.925  5.841   0.6128    0.6128    0.6120    0.4077
329     A         B           80           MET        85.03         665  662  249  8.941  8.925  5.841   0.5708    0.5708    0.5699    0.3663
330     A         B           81           THR        85.87         665  662  249  8.941  8.925  5.841   0.5590    0.5590    0.5581    0.3549
331     A         B           82           ASN        88.22         665  662  249  8.941  8.925  5.841   0.5694    0.5694    0.5685    0.3649
332     A         B           83           VAL        86.32         665  662  249  8.941  8.925  5.841   0.5754    0.5754    0.5745    0.3704
333     A         B           84           TRP        91.77         665  662  249  8.941  8.925  5.841   0.5667    0.5667    0.5658    0.3619
334     A         B           85           THR        89.69         665  662  249  8.941  8.925  5.841   0.5023    0.5023    0.5014    0.3043
335     A         B           86           PRO        93.65         665  662  249  8.941  8.925  5.841   0.4645    0.4645    0.4636    0.2730
336     A         B           87           PRO        91.08         665  662  248  8.941  8.925  5.830   0.4171    0.4177    0.4168    0.2361
337     A         B           88           ASN        92.51         665  662  246  8.941  8.925  5.808   0.3844    0.3860    0.3851    0.2113
338     A         B           89           PRO        90.63         665  662  243  8.941  8.925  5.775   0.3548    0.3575    0.3567    0.1897
339     A         B           90           ASN        91.08         665  662  246  8.941  8.925  5.808   0.3773    0.3788    0.3779    0.2063
340     A         B           91           THR        95.11         665  662  249  8.941  8.925  5.841   0.4825    0.4825    0.4816    0.2879
341     A         B           92           VAL        96.54         665  662  249  8.941  8.925  5.841   0.5449    0.5449    0.5440    0.3420
342     A         B           93           TYR        96.51         665  662  249  8.941  8.925  5.841   0.5677    0.5677    0.5669    0.3631
343     A         B           94           HIS        97.86         665  662  249  8.941  8.925  5.841   0.6145    0.6145    0.6136    0.4092
344     A         B           95           CYS        98.24         665  662  249  8.941  8.925  5.841   0.6233    0.6233    0.6225    0.4186
345     A         B           96           SER        98.84         665  662  249  8.941  8.925  5.841   0.6354    0.6354    0.6345    0.4313
346     A         B           97           ALA        98.76         665  662  249  8.941  8.925  5.841   0.6501    0.6501    0.6493    0.4473
347     A         B           98           VAL        98.68         665  662  249  8.941  8.925  5.841   0.6607    0.6607    0.6599    0.4590
348     A         B           99           TYR        97.67         665  662  249  8.941  8.925  5.841   0.6634    0.6634    0.6626    0.4621
349     A         B          100           ASN        95.81         665  662  249  8.941  8.925  5.841   0.5883    0.5883    0.5875    0.3839
350     A         B          101           ASN        90.73         665  662  249  8.941  8.925  5.841   0.5234    0.5234    0.5225    0.3240
351     A         B          102           GLU        90.09         665  662  249  8.941  8.925  5.841   0.5434    0.5434    0.5425    0.3409
352     A         B          103           PHE        94.78         665  662  249  8.941  8.925  5.841   0.6303    0.6303    0.6295    0.4260
353     A         B          104           TYR        97.85         665  662  249  8.941  8.925  5.841   0.6586    0.6586    0.6578    0.4561
354     A         B          105           TYR        97.66         665  662  249  8.941  8.925  5.841   0.6647    0.6647    0.6639    0.4631
355     A         B          106           VAL        98.45         665  662  249  8.941  8.925  5.841   0.6439    0.6439    0.6430    0.4395
356     A         B          107           LEU        98.68         665  662  249  8.941  8.925  5.841   0.6525    0.6525    0.6517    0.4494
357     A         B          108           CYS        98.20         665  662  249  8.941  8.925  5.841   0.6282    0.6282    0.6274    0.4234
358     A         B          109           ALA        98.34         665  662  249  8.941  8.925  5.841   0.6223    0.6223    0.6214    0.4171
359     A         B          110           VAL        96.84         665  662  249  8.941  8.925  5.841   0.6071    0.6071    0.6063    0.4016
360     A         B          111           SER        96.98         665  662  249  8.941  8.925  5.841   0.5373    0.5373    0.5363    0.3348
361     A         B          112           THR        93.72         665  662  249  8.941  8.925  5.841   0.4748    0.4748    0.4739    0.2815
362     A         B          113           VAL        93.14         665  662  249  8.941  8.925  5.841   0.4504    0.4504    0.4495    0.2614
363     A         B          114           GLY        92.60         665  662  249  8.941  8.925  5.841   0.4986    0.4986    0.4977    0.3020
364     A         B          115           ASP        93.74         665  662  249  8.941  8.925  5.841   0.5369    0.5369    0.5360    0.3346
365     A         B          116           PRO        97.79         665  662  249  8.941  8.925  5.841   0.5125    0.5125    0.5116    0.3129
366     A         B          117           ILE        96.44         665  662  249  8.941  8.925  5.841   0.5468    0.5468    0.5458    0.3432
367     A         B          118           LEU        93.12         665  662  249  8.941  8.925  5.841   0.5396    0.5396    0.5387    0.3379
368     A         B          119           ASN        94.26         665  662  249  8.941  8.925  5.841   0.4595    0.4595    0.4586    0.2694
369     A         B          120           SER        95.96         665  662  249  8.941  8.925  5.841   0.4399    0.4399    0.4390    0.2534
370     A         B          121           THR        93.86         665  662  249  8.941  8.925  5.841   0.4681    0.4681    0.4672    0.2763
371     A         B          122           TYR        94.65         665  662  249  8.941  8.925  5.841   0.4859    0.4859    0.4850    0.2904
372     A         B          123           TRP        97.78         665  662  249  8.941  8.925  5.841   0.5398    0.5398    0.5389    0.3366
373     A         B          124           SER        95.34         665  662  249  8.941  8.925  5.841   0.4520    0.4520    0.4511    0.2630
374     A         B          125           GLY        97.64         665  662  249  8.941  8.925  5.841   0.5017    0.5017    0.5008    0.3037
375     A         B          126           SER        96.29         665  662  249  8.941  8.925  5.841   0.5315    0.5315    0.5306    0.3300
376     A         B          127           LEU        97.89         665  662  249  8.941  8.925  5.841   0.6003    0.6003    0.5994    0.3947
377     A         B          128           MET        95.75         665  662  249  8.941  8.925  5.841   0.5452    0.5452    0.5443    0.3421
378     A         B          129           MET        96.24         665  662  249  8.941  8.925  5.841   0.6050    0.6050    0.6041    0.3996
379     A         B          130           THR        95.91         665  662  249  8.941  8.925  5.841   0.5935    0.5935    0.5926    0.3879
380     A         B          131           ARG        94.12         665  662  249  8.941  8.925  5.841   0.6101    0.6101    0.6092    0.4047
381     A         B          132           LEU        94.90         665  662  249  8.941  8.925  5.841   0.6315    0.6315    0.6306    0.4264
382     A         B          133           ALA        91.56         665  662  249  8.941  8.925  5.841   0.6099    0.6099    0.6090    0.4047
383     A         B          134           VAL        92.11         665  662  249  8.941  8.925  5.841   0.5595    0.5595    0.5586    0.3554
384     A         B          135           LYS        83.86         665  662  249  8.941  8.925  5.841   0.4521    0.4521    0.4512    0.2637
385     A         B          136           PRO        78.16         665  662  241  8.941  8.925  5.753   0.3918    0.3967    0.3958    0.2164
386     A         B          137           LYS        72.28         665  662  178  8.941  8.925  4.974   0.3013    0.3261    0.3253    0.1312
387     A         B          138           SER        63.95         665  662  66  8.941  8.925  2.798   0.2346    0.2952    0.2944    0.0396
388     A         B          139           ASN        65.74         665  662  0  8.941  8.925  1.039   0.1729    0.0000    0.0000    0.0000
389     A         B          140           GLY        65.87         665  662  0  8.941  8.925  1.039   0.1730    0.0000    0.0000    0.0000
390     A         B          141           GLY        64.09         665  662  4  8.941  8.925  1.039   0.2056    0.2703    0.2696    0.0050
391     A         B          142           GLY        68.27         665  662  121  8.941  8.925  4.068   0.2625    0.2992    0.2984    0.0815
392     A         B          143           TYR        71.64         665  662  230  8.941  8.925  5.629   0.3231    0.3301    0.3293    0.1641
393     A         B          144           ASN        83.51         665  662  244  8.941  8.925  5.786   0.3967    0.3998    0.3989    0.2198
394     A         B          145           GLN        85.84         665  662  249  8.941  8.925  5.841   0.4789    0.4789    0.4780    0.2846
395     A         B          146           HIS        88.38         665  662  249  8.941  8.925  5.841   0.5213    0.5213    0.5204    0.3205
396     A         B          147           GLN        89.54         665  662  249  8.941  8.925  5.841   0.5217    0.5217    0.5208    0.3211
397     A         B          148           LEU        91.89         665  662  249  8.941  8.925  5.841   0.5180    0.5180    0.5171    0.3174
398     A         B          149           ALA        86.46         665  662  246  8.941  8.925  5.808   0.3983    0.4001    0.3992    0.2212
399     A         B          150           LEU        91.98         665  662  248  8.941  8.925  5.830   0.4221    0.4228    0.4219    0.2396
400     A         B          151           ARG        86.78         665  662  223  8.941  8.925  5.547   0.3320    0.3429    0.3421    0.1683
401     A         B          152           SER        89.42         665  662  240  8.941  8.925  5.742   0.3710    0.3759    0.3750    0.2010
402     A         B          153           ILE        96.66         665  662  249  8.941  8.925  5.841   0.5358    0.5358    0.5349    0.3336
403     A         B          154           GLU        96.78         665  662  249  8.941  8.925  5.841   0.5653    0.5653    0.5644    0.3609
404     A         B          155           LYS        97.64         665  662  249  8.941  8.925  5.841   0.5176    0.5176    0.5167    0.3179
405     A         B          156           GLY        97.67         665  662  249  8.941  8.925  5.841   0.4881    0.4881    0.4871    0.2923
406     A         B          157           ARG        95.90         665  662  249  8.941  8.925  5.841   0.5076    0.5076    0.5067    0.3088
407     A         B          158           TYR        98.75         665  662  249  8.941  8.925  5.841   0.6018    0.6018    0.6009    0.3960
408     A         B          159           ASP        97.87         665  662  249  8.941  8.925  5.841   0.5756    0.5756    0.5747    0.3709
409     A         B          160           LYS        98.53         665  662  249  8.941  8.925  5.841   0.5896    0.5896    0.5887    0.3846
410     A         B          161           VAL        98.81         665  662  249  8.941  8.925  5.841   0.6181    0.6181    0.6172    0.4131
411     A         B          162           MET        98.12         665  662  249  8.941  8.925  5.841   0.5567    0.5567    0.5558    0.3534
412     A         B          163           PRO        98.84         665  662  249  8.941  8.925  5.841   0.6131    0.6131    0.6123    0.4082
413     A         B          164           TYR        98.70         665  662  249  8.941  8.925  5.841   0.6107    0.6107    0.6098    0.4052
414     A         B          165           GLY        98.76         665  662  249  8.941  8.925  5.841   0.5306    0.5306    0.5297    0.3309
415     A         B          166           PRO        98.03         665  662  249  8.941  8.925  5.841   0.5718    0.5718    0.5709    0.3682
416     A         B          167           SER        98.19         665  662  249  8.941  8.925  5.841   0.5957    0.5957    0.5948    0.3918
417     A         B          168           GLY        98.74         665  662  249  8.941  8.925  5.841   0.6044    0.6044    0.6036    0.4005
418     A         B          169           ILE        96.91         665  662  249  8.941  8.925  5.841   0.6494    0.6494    0.6486    0.4471
419     A         B          170           LYS        95.30         665  662  249  8.941  8.925  5.841   0.6293    0.6293    0.6284    0.4262
420     A         B          171           GLN        89.66         665  662  249  8.941  8.925  5.841   0.5811    0.5811    0.5803    0.3778
421     A         B          172           GLY        86.88         665  662  249  8.941  8.925  5.841   0.5482    0.5482    0.5473    0.3482
422     A         B          173           ASP        89.35         665  662  249  8.941  8.925  5.841   0.5080    0.5080    0.5071    0.3108
423     A         B          174           THR        95.90         665  662  249  8.941  8.925  5.841   0.6159    0.6159    0.6151    0.4117
424     A         B          175           LEU        98.08         665  662  249  8.941  8.925  5.841   0.6566    0.6566    0.6558    0.4546
425     A         B          176           TYR        98.40         665  662  249  8.941  8.925  5.841   0.6746    0.6746    0.6738    0.4749
426     A         B          177           PHE        98.93         665  662  249  8.941  8.925  5.841   0.6729    0.6729    0.6722    0.4724
427     A         B          178           PRO        98.94         665  662  249  8.941  8.925  5.841   0.6404    0.6404    0.6396    0.4367
428     A         B          179           ALA        98.92         665  662  249  8.941  8.925  5.841   0.6307    0.6307    0.6298    0.4263
429     A         B          180           VAL        98.82         665  662  249  8.941  8.925  5.841   0.6257    0.6257    0.6249    0.4205
430     A         B          181           GLY        98.88         665  662  249  8.941  8.925  5.841   0.6115    0.6115    0.6107    0.4070
431     A         B          182           PHE        98.68         665  662  249  8.941  8.925  5.841   0.6272    0.6272    0.6263    0.4222
432     A         B          183           LEU        98.42         665  662  249  8.941  8.925  5.841   0.5990    0.5990    0.5981    0.3932
433     A         B          184           VAL        97.79         665  662  249  8.941  8.925  5.841   0.5665    0.5665    0.5656    0.3619
434     A         B          185           ARG        95.50         665  662  249  8.941  8.925  5.841   0.4737    0.4737    0.4728    0.2804
435     A         B          186           THR        95.45         665  662  249  8.941  8.925  5.841   0.4317    0.4317    0.4308    0.2474
436     A         B          187           GLU        96.31         665  662  249  8.941  8.925  5.841   0.4898    0.4898    0.4889    0.2938
437     A         B          188           PHE        96.71         665  662  249  8.941  8.925  5.841   0.4600    0.4600    0.4591    0.2696
438     A         B          189           LYS        93.13         665  662  242  8.941  8.925  5.764   0.3573    0.3607    0.3599    0.1918
439     A         B          190           TYR        95.53         665  662  244  8.941  8.925  5.786   0.3856    0.3884    0.3875    0.2120
440     A         B          191           ASN        93.89         665  662  229  8.941  8.925  5.617   0.3351    0.3430    0.3422    0.1724
441     A         B          192           ASP        91.13         665  662  229  8.941  8.925  5.617   0.3377    0.3459    0.3450    0.1744
442     A         B          193           SER        92.90         665  662  220  8.941  8.925  5.511   0.3240    0.3348    0.3340    0.1622
443     A         B          194           ASN        93.09         665  662  212  8.941  8.925  5.415   0.3190    0.3321    0.3313    0.1559
444     A         B          195           CYS        94.63         665  662  236  8.941  8.925  5.697   0.3463    0.3521    0.3513    0.1828
445     A         B          196           PRO        90.60         665  662  191  8.941  8.925  5.149   0.2993    0.3175    0.3168    0.1349
446     A         B          197           ILE        91.46         665  662  180  8.941  8.925  5.001   0.2966    0.3187    0.3179    0.1289
447     A         B          198           THR        89.98         665  662  34  8.941  8.925  1.509   0.2214    0.3029    0.3021    0.0124
448     A         B          199           LYS        87.33         665  662  30  8.941  8.925  1.258   0.2169    0.3031    0.3023    0.0087
449     A         B          200           CYS        93.12         665  662  140  8.941  8.925  4.400   0.2791    0.3141    0.3133    0.1009
450     A         B          201           GLN        90.39         665  662  95  8.941  8.925  3.543   0.2537    0.3056    0.3048    0.0654
451     A         B          202           TYR        89.93         665  662  119  8.941  8.925  4.031   0.2667    0.3057    0.3049    0.0829
452     A         B          203           SER        93.64         665  662  203  8.941  8.925  5.304   0.3135    0.3290    0.3282    0.1484
453     A         B          204           LYS        93.86         665  662  244  8.941  8.925  5.786   0.3712    0.3738    0.3730    0.2019
454     A         B          205           PRO        95.04         665  662  244  8.941  8.925  5.786   0.3886    0.3914    0.3906    0.2144
455     A         B          206           GLU        93.69         665  662  248  8.941  8.925  5.830   0.4011    0.4017    0.4008    0.2244
456     A         B          207           ASN        95.05         665  662  249  8.941  8.925  5.841   0.4794    0.4794    0.4785    0.2852
457     A         B          208           CYS        96.07         665  662  249  8.941  8.925  5.841   0.4790    0.4790    0.4781    0.2851
458     A         B          209           ARG        95.64         665  662  249  8.941  8.925  5.841   0.4958    0.4958    0.4949    0.2988
459     A         B          210           LEU        95.14         665  662  249  8.941  8.925  5.841   0.5067    0.5067    0.5058    0.3078
460     A         B          211           SER        95.68         665  662  249  8.941  8.925  5.841   0.4965    0.4965    0.4956    0.2996
461     A         B          212           MET        96.86         665  662  249  8.941  8.925  5.841   0.4928    0.4928    0.4919    0.2965
462     A         B          213           GLY        95.86         665  662  249  8.941  8.925  5.841   0.4279    0.4279    0.4270    0.2448
463     A         B          214           ILE        94.44         665  662  249  8.941  8.925  5.841   0.4352    0.4352    0.4343    0.2500
464     A         B          215           ARG        91.85         665  662  246  8.941  8.925  5.808   0.3966    0.3983    0.3975    0.2207
465     A         B          216           PRO        90.73         665  662  241  8.941  8.925  5.753   0.3622    0.3660    0.3652    0.1947
466     A         B          217           ASN        91.17         665  662  175  8.941  8.925  4.932   0.2964    0.3203    0.3195    0.1265
467     A         B          218           SER        95.01         665  662  244  8.941  8.925  5.786   0.3789    0.3814    0.3805    0.2069
468     A         B          219           HIS        96.25         665  662  249  8.941  8.925  5.841   0.4769    0.4769    0.4760    0.2830
469     A         B          220           TYR        98.04         665  662  249  8.941  8.925  5.841   0.5714    0.5714    0.5705    0.3666
470     A         B          221           ILE        97.71         665  662  249  8.941  8.925  5.841   0.6006    0.6006    0.5997    0.3950
471     A         B          222           LEU        98.14         665  662  249  8.941  8.925  5.841   0.6189    0.6189    0.6180    0.4132
472     A         B          223           ARG        98.50         665  662  249  8.941  8.925  5.841   0.6221    0.6221    0.6212    0.4171
473     A         B          224           SER        98.62         665  662  249  8.941  8.925  5.841   0.6139    0.6139    0.6131    0.4089
474     A         B          225           GLY        98.85         665  662  249  8.941  8.925  5.841   0.5901    0.5901    0.5893    0.3856
475     A         B          226           LEU        98.73         665  662  249  8.941  8.925  5.841   0.6472    0.6472    0.6464    0.4442
476     A         B          227           LEU        98.84         665  662  249  8.941  8.925  5.841   0.6510    0.6510    0.6501    0.4479
477     A         B          228           LYS        97.99         665  662  249  8.941  8.925  5.841   0.6377    0.6377    0.6369    0.4339
478     A         B          229           TYR        97.19         665  662  249  8.941  8.925  5.841   0.6425    0.6425    0.6417    0.4389
479     A         B          230           ASN        94.57         665  662  249  8.941  8.925  5.841   0.5709    0.5709    0.5700    0.3667
480     A         B          231           LEU        92.47         665  662  249  8.941  8.925  5.841   0.5637    0.5637    0.5628    0.3595
481     A         B          232           SER        88.46         665  662  248  8.941  8.925  5.830   0.4419    0.4427    0.4418    0.2558
482     A         B          233           ASP        80.33         665  662  245  8.941  8.925  5.797   0.4288    0.4317    0.4308    0.2445
483     A         B          234           GLY        78.15         665  662  218  8.941  8.925  5.488   0.3274    0.3407    0.3399    0.1643
484     A         B          235           GLU        71.51         665  662  215  8.941  8.925  5.452   0.3171    0.3304    0.3296    0.1559
485     A         B          236           ASN        76.65         665  662  231  8.941  8.925  5.640   0.3460    0.3544    0.3536    0.1807
486     A         B          237           PRO        86.69         665  662  243  8.941  8.925  5.775   0.3867    0.3901    0.3893    0.2124
487     A         B          238           LYS        91.45         665  662  249  8.941  8.925  5.841   0.4726    0.4726    0.4716    0.2801
488     A         B          239           VAL        96.79         665  662  249  8.941  8.925  5.841   0.5828    0.5828    0.5819    0.3777
489     A         B          240           VAL        97.56         665  662  249  8.941  8.925  5.841   0.6197    0.6197    0.6188    0.4148
490     A         B          241           PHE        98.77         665  662  249  8.941  8.925  5.841   0.6439    0.6439    0.6431    0.4402
491     A         B          242           ILE        98.55         665  662  249  8.941  8.925  5.841   0.6314    0.6314    0.6306    0.4275
492     A         B          243           GLU        97.93         665  662  249  8.941  8.925  5.841   0.5838    0.5838    0.5830    0.3792
493     A         B          244           ILE        98.10         665  662  249  8.941  8.925  5.841   0.5872    0.5872    0.5863    0.3828
494     A         B          245           SER        93.76         665  662  249  8.941  8.925  5.841   0.4831    0.4831    0.4822    0.2896
495     A         B          246           ASP        91.57         665  662  248  8.941  8.925  5.830   0.4406    0.4413    0.4405    0.2550
496     A         B          247           GLN        91.75         665  662  248  8.941  8.925  5.830   0.4300    0.4306    0.4298    0.2467
497     A         B          248           ARG        92.45         665  662  249  8.941  8.925  5.841   0.4491    0.4491    0.4482    0.2620
498     A         B          249           LEU        96.05         665  662  249  8.941  8.925  5.841   0.4850    0.4850    0.4841    0.2907
499     A         B          250           SER        96.94         665  662  249  8.941  8.925  5.841   0.5016    0.5016    0.5006    0.3047
500     A         B          251           ILE        97.52         665  662  249  8.941  8.925  5.841   0.5263    0.5263    0.5254    0.3257
501     A         B          252           GLY        98.44         665  662  249  8.941  8.925  5.841   0.4921    0.4921    0.4912    0.2965
502     A         B          253           SER        98.10         665  662  249  8.941  8.925  5.841   0.5631    0.5631    0.5623    0.3596
503     A         B          254           PRO        98.36         665  662  249  8.941  8.925  5.841   0.6329    0.6329    0.6321    0.4292
504     A         B          255           SER        98.77         665  662  249  8.941  8.925  5.841   0.6334    0.6334    0.6325    0.4296
505     A         B          256           LYS        98.86         665  662  249  8.941  8.925  5.841   0.6636    0.6636    0.6628    0.4620
506     A         B          257           ILE        98.68         665  662  249  8.941  8.925  5.841   0.6760    0.6760    0.6752    0.4761
507     A         B          258           TYR        97.95         665  662  249  8.941  8.925  5.841   0.6804    0.6804    0.6797    0.4811
508     A         B          259           ASP        91.02         665  662  249  8.941  8.925  5.841   0.6484    0.6484    0.6476    0.4470
509     A         B          260           SER        91.80         665  662  249  8.941  8.925  5.841   0.6251    0.6251    0.6242    0.4225
510     A         B          261           LEU        83.76         665  662  249  8.941  8.925  5.841   0.6322    0.6322    0.6314    0.4294
511     A         B          262           GLY        83.88         665  662  249  8.941  8.925  5.841   0.6144    0.6144    0.6135    0.4128
512     A         B          263           GLN        85.23         665  662  249  8.941  8.925  5.841   0.6451    0.6451    0.6443    0.4435
513     A         B          264           PRO        93.43         665  662  249  8.941  8.925  5.841   0.6651    0.6651    0.6643    0.4653
514     A         B          265           VAL        96.36         665  662  249  8.941  8.925  5.841   0.6783    0.6783    0.6775    0.4787
515     A         B          266           PHE        98.21         665  662  249  8.941  8.925  5.841   0.6904    0.6904    0.6897    0.4929
516     A         B          267           TYR        98.91         665  662  249  8.941  8.925  5.841   0.6718    0.6718    0.6710    0.4706
517     A         B          268           GLN        98.79         665  662  249  8.941  8.925  5.841   0.6572    0.6572    0.6563    0.4548
518     A         B          269           ALA        98.29         665  662  249  8.941  8.925  5.841   0.6245    0.6245    0.6237    0.4199
519     A         B          270           SER        97.17         665  662  249  8.941  8.925  5.841   0.5774    0.5774    0.5765    0.3735
520     A         B          271           PHE        96.47         665  662  249  8.941  8.925  5.841   0.5803    0.5803    0.5794    0.3754
521     A         B          272           SER        95.53         665  662  249  8.941  8.925  5.841   0.4988    0.4988    0.4979    0.3020
522     A         B          273           TRP        95.67         665  662  249  8.941  8.925  5.841   0.5569    0.5569    0.5560    0.3534
523     A         B          274           ASP        96.59         665  662  249  8.941  8.925  5.841   0.5558    0.5558    0.5549    0.3531
524     A         B          275           THR        95.58         665  662  249  8.941  8.925  5.841   0.5549    0.5549    0.5540    0.3529
525     A         B          276           MET        96.57         665  662  249  8.941  8.925  5.841   0.6268    0.6268    0.6259    0.4230
526     A         B          277           ILE        98.61         665  662  249  8.941  8.925  5.841   0.6170    0.6170    0.6162    0.4124
527     A         B          278           LYS        98.05         665  662  249  8.941  8.925  5.841   0.6403    0.6403    0.6395    0.4372
528     A         B          279           PHE        98.31         665  662  249  8.941  8.925  5.841   0.6496    0.6496    0.6488    0.4470
529     A         B          280           GLY        96.46         665  662  249  8.941  8.925  5.841   0.6232    0.6232    0.6223    0.4207
530     A         B          281           ASP        91.13         665  662  249  8.941  8.925  5.841   0.6421    0.6421    0.6413    0.4397
531     A         B          282           VAL        94.04         665  662  249  8.941  8.925  5.841   0.6645    0.6645    0.6637    0.4638
532     A         B          283           LEU        88.53         665  662  249  8.941  8.925  5.841   0.6221    0.6221    0.6212    0.4190
533     A         B          284           THR        88.39         665  662  249  8.941  8.925  5.841   0.6098    0.6098    0.6089    0.4067
534     A         B          285           VAL        91.55         665  662  249  8.941  8.925  5.841   0.6032    0.6032    0.6024    0.3996
535     A         B          286           ASN        90.99         665  662  249  8.941  8.925  5.841   0.5629    0.5629    0.5620    0.3606
536     A         B          287           PRO        92.45         665  662  249  8.941  8.925  5.841   0.5493    0.5493    0.5484    0.3482
537     A         B          288           LEU        97.21         665  662  249  8.941  8.925  5.841   0.6295    0.6295    0.6287    0.4258
538     A         B          289           VAL        92.19         665  662  249  8.941  8.925  5.841   0.6266    0.6266    0.6258    0.4229
539     A         B          290           VAL        95.56         665  662  249  8.941  8.925  5.841   0.6489    0.6489    0.6481    0.4463
540     A         B          291           ASN        90.77         665  662  249  8.941  8.925  5.841   0.6302    0.6302    0.6293    0.4264
541     A         B          292           TRP        96.01         665  662  249  8.941  8.925  5.841   0.6601    0.6601    0.6593    0.4586
542     A         B          293           ARG        96.25         665  662  249  8.941  8.925  5.841   0.6169    0.6169    0.6161    0.4132
543     A         B          294           ASN        92.87         665  662  249  8.941  8.925  5.841   0.5897    0.5897    0.5888    0.3862
544     A         B          295           ASN        97.38         665  662  249  8.941  8.925  5.841   0.5980    0.5980    0.5971    0.3939
545     A         B          296           THR        94.96         665  662  249  8.941  8.925  5.841   0.6036    0.6036    0.6027    0.3997
546     A         B          297           VAL        97.12         665  662  249  8.941  8.925  5.841   0.5828    0.5828    0.5819    0.3787
547     A         B          298           ILE        98.40         665  662  249  8.941  8.925  5.841   0.5993    0.5993    0.5984    0.3944
548     A         B          299           SER        97.27         665  662  249  8.941  8.925  5.841   0.5896    0.5896    0.5887    0.3858
549     A         B          300           ARG        97.22         665  662  249  8.941  8.925  5.841   0.5921    0.5921    0.5912    0.3874
550     A         B          301           PRO        93.69         665  662  249  8.941  8.925  5.841   0.5756    0.5756    0.5747    0.3713
551     A         B          302           GLY        90.85         665  662  249  8.941  8.925  5.841   0.5033    0.5033    0.5024    0.3063
552     A         B          303           GLN        84.34         665  662  249  8.941  8.925  5.841   0.4665    0.4665    0.4656    0.2756
553     A         B          304           SER        82.31         665  662  241  8.941  8.925  5.753   0.3679    0.3717    0.3708    0.1990
554     A         B          305           GLN        83.87         665  662  249  8.941  8.925  5.841   0.4182    0.4182    0.4173    0.2378
555     A         B          306           CYS        92.11         665  662  249  8.941  8.925  5.841   0.4755    0.4755    0.4746    0.2825
556     A         B          307           PRO        90.67         665  662  249  8.941  8.925  5.841   0.5344    0.5344    0.5335    0.3334
557     A         B          308           ARG        92.96         665  662  249  8.941  8.925  5.841   0.5407    0.5407    0.5398    0.3387
558     A         B          309           PHE        90.72         665  662  249  8.941  8.925  5.841   0.5401    0.5401    0.5392    0.3378
559     A         B          310           ASN        92.48         665  662  249  8.941  8.925  5.841   0.5010    0.5010    0.5001    0.3036
560     A         B          311           THR        92.71         665  662  249  8.941  8.925  5.841   0.4433    0.4433    0.4424    0.2568
561     A         B          312           CYS        94.37         665  662  249  8.941  8.925  5.841   0.4484    0.4484    0.4475    0.2611
562     A         B          313           PRO        95.65         665  662  249  8.941  8.925  5.841   0.4587    0.4587    0.4578    0.2690
563     A         B          314           GLU        92.65         665  662  249  8.941  8.925  5.841   0.4564    0.4564    0.4555    0.2670
564     A         B          315           ILE        93.18         665  662  249  8.941  8.925  5.841   0.4594    0.4594    0.4585    0.2689
565     A         B          316           CYS        92.35         665  662  249  8.941  8.925  5.841   0.4734    0.4734    0.4725    0.2803
566     A         B          317           TRP        93.43         665  662  249  8.941  8.925  5.841   0.5224    0.5224    0.5215    0.3215
567     A         B          318           GLU        91.93         665  662  249  8.941  8.925  5.841   0.4761    0.4761    0.4752    0.2829
568     A         B          319           GLY        94.41         665  662  249  8.941  8.925  5.841   0.4986    0.4986    0.4977    0.3019
569     A         B          320           VAL        95.11         665  662  249  8.941  8.925  5.841   0.5816    0.5816    0.5807    0.3766
570     A         B          321           TYR        97.78         665  662  249  8.941  8.925  5.841   0.6034    0.6034    0.6025    0.3979
571     A         B          322           ASN        98.57         665  662  249  8.941  8.925  5.841   0.6242    0.6242    0.6233    0.4200
572     A         B          323           ASP        98.07         665  662  249  8.941  8.925  5.841   0.6144    0.6144    0.6135    0.4102
573     A         B          324           ALA        98.55         665  662  249  8.941  8.925  5.841   0.6397    0.6397    0.6388    0.4366
574     A         B          325           PHE        98.20         665  662  249  8.941  8.925  5.841   0.7045    0.7045    0.7037    0.5090
575     A         B          326           LEU        95.59         665  662  249  8.941  8.925  5.841   0.6800    0.6800    0.6793    0.4810
576     A         B          327           ILE        94.55         665  662  249  8.941  8.925  5.841   0.6619    0.6619    0.6611    0.4604
577     A         B          328           ASP        89.35         665  662  249  8.941  8.925  5.841   0.6578    0.6578    0.6570    0.4565
578     A         B          329           ARG        84.65         665  662  249  8.941  8.925  5.841   0.6408    0.6408    0.6400    0.4393
579     A         B          330           ILE        82.51         665  662  249  8.941  8.925  5.841   0.6566    0.6566    0.6558    0.4555
580     A         B          331           ASN        87.36         665  662  249  8.941  8.925  5.841   0.6596    0.6596    0.6588    0.4592
581     A         B          332           TRP        92.57         665  662  249  8.941  8.925  5.841   0.6864    0.6864    0.6856    0.4892
582     A         B          333           ILE        95.32         665  662  249  8.941  8.925  5.841   0.6939    0.6939    0.6931    0.4974
583     A         B          334           SER        98.04         665  662  249  8.941  8.925  5.841   0.6757    0.6757    0.6749    0.4763
584     A         B          335           ALA        98.46         665  662  249  8.941  8.925  5.841   0.6848    0.6848    0.6840    0.4867
585     A         B          336           GLY        98.89         665  662  249  8.941  8.925  5.841   0.6520    0.6520    0.6511    0.4502
586     A         B          337           VAL        98.69         665  662  249  8.941  8.925  5.841   0.6556    0.6556    0.6548    0.4525
587     A         B          338           PHE        98.49         665  662  249  8.941  8.925  5.841   0.6519    0.6519    0.6511    0.4491
588     A         B          339           LEU        95.92         665  662  249  8.941  8.925  5.841   0.6420    0.6420    0.6412    0.4381
589     A         B          340           ASP        94.39         665  662  249  8.941  8.925  5.841   0.5550    0.5550    0.5541    0.3520
590     A         B          341           SER        91.69         665  662  249  8.941  8.925  5.841   0.5362    0.5362    0.5353    0.3353
591     A         B          342           ASN        89.38         665  662  249  8.941  8.925  5.841   0.4955    0.4955    0.4946    0.2990
592     A         B          343           GLN        84.36         665  662  249  8.941  8.925  5.841   0.4543    0.4543    0.4534    0.2652
593     A         B          344           THR        87.99         665  662  249  8.941  8.925  5.841   0.4752    0.4752    0.4743    0.2820
594     A         B          345           ALA        90.47         665  662  249  8.941  8.925  5.841   0.5338    0.5338    0.5329    0.3319
595     A         B          346           GLU        89.00         665  662  249  8.941  8.925  5.841   0.5643    0.5643    0.5634    0.3605
596     A         B          347           ASN        93.96         665  662  249  8.941  8.925  5.841   0.6157    0.6157    0.6149    0.4110
597     A         B          348           PRO        96.17         665  662  249  8.941  8.925  5.841   0.6350    0.6350    0.6342    0.4310
598     A         B          349           VAL        97.75         665  662  249  8.941  8.925  5.841   0.6423    0.6423    0.6415    0.4385
599     A         B          350           PHE        98.63         665  662  249  8.941  8.925  5.841   0.6896    0.6896    0.6888    0.4913
600     A         B          351           THR        98.29         665  662  249  8.941  8.925  5.841   0.6453    0.6453    0.6445    0.4417
601     A         B          352           VAL        98.26         665  662  249  8.941  8.925  5.841   0.6864    0.6864    0.6857    0.4877
602     A         B          353           PHE        98.54         665  662  249  8.941  8.925  5.841   0.6760    0.6760    0.6752    0.4759
603     A         B          354           LYS        96.23         665  662  249  8.941  8.925  5.841   0.6249    0.6249    0.6240    0.4222
604     A         B          355           ASP        95.55         665  662  249  8.941  8.925  5.841   0.5741    0.5741    0.5732    0.3723
605     A         B          356           ASN        94.99         665  662  249  8.941  8.925  5.841   0.5609    0.5609    0.5600    0.3588
606     A         B          357           GLU        95.37         665  662  249  8.941  8.925  5.841   0.5448    0.5448    0.5439    0.3439
607     A         B          358           ILE        97.43         665  662  249  8.941  8.925  5.841   0.6279    0.6279    0.6270    0.4239
608     A         B          359           LEU        97.32         665  662  249  8.941  8.925  5.841   0.6493    0.6493    0.6485    0.4471
609     A         B          360           TYR        97.12         665  662  249  8.941  8.925  5.841   0.5943    0.5943    0.5934    0.3903
610     A         B          361           ARG        95.98         665  662  249  8.941  8.925  5.841   0.5717    0.5717    0.5708    0.3689
611     A         B          362           ALA        97.09         665  662  249  8.941  8.925  5.841   0.6106    0.6106    0.6098    0.4065
612     A         B          363           GLN        94.86         665  662  249  8.941  8.925  5.841   0.5574    0.5574    0.5565    0.3550
613     A         B          364           LEU        95.79         665  662  249  8.941  8.925  5.841   0.6050    0.6050    0.6041    0.3999
614     A         B          365           ALA        89.71         665  662  249  8.941  8.925  5.841   0.5717    0.5717    0.5708    0.3677
615     A         B          366           SER        86.19         665  662  249  8.941  8.925  5.841   0.4712    0.4712    0.4703    0.2794
616     A         B          367           GLU        84.00         665  662  249  8.941  8.925  5.841   0.4453    0.4453    0.4444    0.2584
617     A         B          368           ASP        81.46         665  662  249  8.941  8.925  5.841   0.4067    0.4067    0.4058    0.2292
618     A         B          369           THR        86.90         665  662  249  8.941  8.925  5.841   0.5498    0.5498    0.5489    0.3464
619     A         B          370           ASN        83.69         665  662  249  8.941  8.925  5.841   0.5466    0.5466    0.5457    0.3437
620     A         B          371           ALA        91.99         665  662  249  8.941  8.925  5.841   0.5623    0.5623    0.5614    0.3577
621     A         B          372           GLN        89.29         665  662  249  8.941  8.925  5.841   0.5472    0.5472    0.5463    0.3444
622     A         B          373           LYS        94.11         665  662  249  8.941  8.925  5.841   0.6213    0.6213    0.6205    0.4167
623     A         B          374           THR        98.03         665  662  249  8.941  8.925  5.841   0.6399    0.6399    0.6390    0.4355
624     A         B          375           ILE        98.45         665  662  249  8.941  8.925  5.841   0.6539    0.6539    0.6531    0.4504
625     A         B          376           THR        98.80         665  662  249  8.941  8.925  5.841   0.6527    0.6527    0.6519    0.4492
626     A         B          377           ASN        98.01         665  662  249  8.941  8.925  5.841   0.6733    0.6733    0.6725    0.4730
627     A         B          378           CYS        96.51         665  662  249  8.941  8.925  5.841   0.6853    0.6853    0.6846    0.4870
628     A         B          379           PHE        93.74         665  662  249  8.941  8.925  5.841   0.6914    0.6914    0.6906    0.4939
629     A         B          380           LEU        86.78         665  662  249  8.941  8.925  5.841   0.6685    0.6685    0.6677    0.4678
630     A         B          381           LEU        89.08         665  662  249  8.941  8.925  5.841   0.6411    0.6411    0.6403    0.4382
631     A         B          382           LYS        79.59         665  662  249  8.941  8.925  5.841   0.5770    0.5770    0.5761    0.3746
632     A         B          383           ASN        80.22         665  662  249  8.941  8.925  5.841   0.5805    0.5805    0.5796    0.3777
633     A         B          384           LYS        87.23         665  662  249  8.941  8.925  5.841   0.6064    0.6064    0.6055    0.4035
634     A         B          385           ILE        91.66         665  662  249  8.941  8.925  5.841   0.6920    0.6920    0.6912    0.4948
635     A         B          386           TRP        95.07         665  662  249  8.941  8.925  5.841   0.7027    0.7027    0.7020    0.5073
636     A         B          387           CYS        97.97         665  662  249  8.941  8.925  5.841   0.6869    0.6869    0.6861    0.4886
637     A         B          388           ILE        96.25         665  662  249  8.941  8.925  5.841   0.6852    0.6852    0.6844    0.4860
638     A         B          389           SER        97.98         665  662  249  8.941  8.925  5.841   0.6523    0.6523    0.6515    0.4492
639     A         B          390           LEU        95.26         665  662  249  8.941  8.925  5.841   0.6550    0.6550    0.6542    0.4511
640     A         B          391           VAL        95.39         665  662  249  8.941  8.925  5.841   0.6497    0.6497    0.6489    0.4462
641     A         B          392           GLU        90.27         665  662  249  8.941  8.925  5.841   0.6294    0.6294    0.6285    0.4247
642     A         B          393           ILE        88.43         665  662  249  8.941  8.925  5.841   0.5509    0.5509    0.5500    0.3474
643     A         B          394           TYR        73.87         665  662  249  8.941  8.925  5.841   0.4903    0.4903    0.4894    0.2948
644     A         B          395           ASP        63.33         665  662  213  8.941  8.925  5.427   0.3256    0.3395    0.3386    0.1606
645     A         B          396           THR        56.19         665  662  123  8.941  8.925  4.105   0.2689    0.3137    0.3129    0.0886
646     A         B          397           GLY        57.96         665  662  46  8.941  8.925  2.095   0.2265    0.2948    0.2940    0.0225
647     A         B          398           ASP        56.65         665  662  96  8.941  8.925  3.565   0.2542    0.2989    0.2981    0.0637
648     A         B          399           ASN        59.88         665  662  127  8.941  8.925  4.177   0.2687    0.3058    0.3050    0.0882
649     A         B          400           VAL        65.57         665  662  245  8.941  8.925  5.797   0.3879    0.3901    0.3892    0.2142
650     A         B          401           ILE        69.59         665  662  249  8.941  8.925  5.841   0.4713    0.4713    0.4704    0.2785
651     A         B          402           ARG        77.90         665  662  249  8.941  8.925  5.841   0.5067    0.5067    0.5058    0.3087
652     A         B          403           PRO        87.48         665  662  249  8.941  8.925  5.841   0.5580    0.5580    0.5571    0.3542
653     A         B          404           LYS        89.46         665  662  249  8.941  8.925  5.841   0.6167    0.6167    0.6158    0.4121
654     A         B          405           LEU        91.98         665  662  249  8.941  8.925  5.841   0.6410    0.6410    0.6401    0.4368
655     A         B          406           PHE        96.09         665  662  249  8.941  8.925  5.841   0.6720    0.6720    0.6712    0.4708
656     A         B          407           ALA        94.97         665  662  249  8.941  8.925  5.841   0.6631    0.6631    0.6623    0.4615
657     A         B          408           VAL        97.88         665  662  249  8.941  8.925  5.841   0.6633    0.6633    0.6625    0.4612
658     A         B          409           LYS        95.06         665  662  249  8.941  8.925  5.841   0.6519    0.6519    0.6511    0.4492
659     A         B          410           ILE        95.63         665  662  249  8.941  8.925  5.841   0.6454    0.6454    0.6446    0.4431
660     A         B          411           PRO        93.19         665  662  249  8.941  8.925  5.841   0.4952    0.4952    0.4943    0.3012
661     A         B          412           GLU        85.37         665  662  241  8.941  8.925  5.753   0.4017    0.4066    0.4057    0.2251
662     A         B          413           GLN        84.64         665  662  217  8.941  8.925  5.476   0.3434    0.3596    0.3588    0.1771
663     A         B          414           CYS        90.29         665  662  189  8.941  8.925  5.123   0.3155    0.3411    0.3403    0.1473
664     A         B          415           THR        79.98         665  662  43  8.941  8.925  1.965   0.2183    0.3017    0.3009    0.0207
665     A         B          416           HIS        64.98         665  662  0  8.941  8.925  1.039   0.1415    0.0000    0.0000    0.0000
1       B         A            1           ALA        67.86         665  654  1  8.941  8.880  1.039   0.1403    0.2739    0.2711    0.0051
2       B         A            2           VAL        79.62         665  654  322  8.941  8.880  6.565   0.3387    0.3683    0.3652    0.2412
3       B         A            3           SER        89.59         665  654  416  8.941  8.880  7.344   0.4209    0.4209    0.4177    0.3315
4       B         A            4           LEU        92.88         665  654  416  8.941  8.880  7.344   0.5586    0.5586    0.5554    0.4634
5       B         A            5           VAL        93.63         665  654  416  8.941  8.880  7.344   0.5464    0.5464    0.5430    0.4506
6       B         A            6           GLU        93.93         665  654  416  8.941  8.880  7.344   0.5217    0.5217    0.5183    0.4263
7       B         A            7           SER        93.10         665  654  416  8.941  8.880  7.344   0.4458    0.4458    0.4425    0.3540
8       B         A            8           GLY        93.30         665  654  416  8.941  8.880  7.344   0.4188    0.4188    0.4156    0.3289
9       B         A            9           ASP        92.57         665  654  416  8.941  8.880  7.344   0.4550    0.4550    0.4517    0.3618
10      B         A           10           GLN        90.16         665  654  416  8.941  8.880  7.344   0.4074    0.4074    0.4042    0.3184
11      B         A           11           THR        92.00         665  654  416  8.941  8.880  7.344   0.4607    0.4607    0.4574    0.3672
12      B         A           12           VAL        91.34         665  654  416  8.941  8.880  7.344   0.4019    0.4019    0.3987    0.3133
13      B         A           13           ALA        89.00         665  654  416  8.941  8.880  7.344   0.4117    0.4117    0.4084    0.3220
14      B         A           14           PRO        87.83         665  654  416  8.941  8.880  7.344   0.4451    0.4451    0.4418    0.3528
15      B         A           15           GLY        89.67         665  654  416  8.941  8.880  7.344   0.4384    0.4384    0.4351    0.3467
16      B         A           16           GLY        92.66         665  654  416  8.941  8.880  7.344   0.4762    0.4762    0.4729    0.3825
17      B         A           17           SER        94.69         665  654  416  8.941  8.880  7.344   0.4876    0.4876    0.4842    0.3932
18      B         A           18           VAL        95.20         665  654  416  8.941  8.880  7.344   0.5281    0.5281    0.5248    0.4327
19      B         A           19           THR        97.02         665  654  416  8.941  8.880  7.344   0.5819    0.5819    0.5786    0.4866
20      B         A           20           LEU        97.68         665  654  416  8.941  8.880  7.344   0.6170    0.6170    0.6139    0.5235
21      B         A           21           SER        96.41         665  654  416  8.941  8.880  7.344   0.5895    0.5895    0.5863    0.4949
22      B         A           22           CYS        95.30         665  654  416  8.941  8.880  7.344   0.5882    0.5882    0.5850    0.4938
23      B         A           23           THR        93.26         665  654  416  8.941  8.880  7.344   0.5531    0.5531    0.5498    0.4578
24      B         A           24           SER        86.24         665  654  416  8.941  8.880  7.344   0.4450    0.4450    0.4418    0.3543
25      B         A           25           SER        83.36         665  654  295  8.941  8.880  6.312   0.3262    0.3642    0.3611    0.2242
26      B         A           26           GLY        71.13         665  654  176  8.941  8.880  4.946   0.2571    0.3203    0.3174    0.1271
27      B         A           27           GLY        58.14         665  654  155  8.941  8.880  4.639   0.2482    0.3337    0.3307    0.1205
28      B         A           28           SER        55.46         665  654  199  8.941  8.880  5.253   0.2750    0.3425    0.3394    0.1546
29      B         A           29           PHE        66.26         665  654  360  8.941  8.880  6.897   0.3633    0.3809    0.3778    0.2709
30      B         A           30           GLY        56.71         665  654  413  8.941  8.880  7.321   0.4022    0.4033    0.4001    0.3150
31      B         A           31           ASN        55.15         665  654  416  8.941  8.880  7.344   0.4563    0.4563    0.4531    0.3650
32      B         A           32           SER        70.04         665  654  416  8.941  8.880  7.344   0.4785    0.4785    0.4752    0.3864
33      B         A           33           GLY        82.08         665  654  416  8.941  8.880  7.344   0.5407    0.5407    0.5375    0.4470
34      B         A           34           VAL        90.43         665  654  416  8.941  8.880  7.344   0.6337    0.6337    0.6306    0.5418
35      B         A           35           ALA        91.53         665  654  416  8.941  8.880  7.344   0.6344    0.6344    0.6313    0.5422
36      B         A           36           TRP        95.79         665  654  416  8.941  8.880  7.344   0.6563    0.6563    0.6533    0.5660
37      B         A           37           VAL        94.32         665  654  416  8.941  8.880  7.344   0.6319    0.6319    0.6288    0.5392
38      B         A           38           ARG        93.79         665  654  416  8.941  8.880  7.344   0.6430    0.6430    0.6399    0.5509
39      B         A           39           GLN        93.78         665  654  416  8.941  8.880  7.344   0.6136    0.6136    0.6105    0.5196
40      B         A           40           ALA        87.97         665  654  416  8.941  8.880  7.344   0.5789    0.5789    0.5756    0.4835
41      B         A           41           PRO        85.57         665  654  416  8.941  8.880  7.344   0.4511    0.4511    0.4478    0.3589
42      B         A           42           GLY        85.26         665  654  405  8.941  8.880  7.260   0.3518    0.3545    0.3514    0.2668
43      B         A           43           GLY        87.07         665  654  416  8.941  8.880  7.344   0.4722    0.4722    0.4688    0.3783
44      B         A           44           PRO        87.70         665  654  416  8.941  8.880  7.344   0.5479    0.5479    0.5446    0.4525
45      B         A           45           LEU        93.54         665  654  416  8.941  8.880  7.344   0.5938    0.5938    0.5906    0.4989
46      B         A           46           GLU        90.22         665  654  416  8.941  8.880  7.344   0.6166    0.6166    0.6135    0.5230
47      B         A           47           PHE        90.37         665  654  416  8.941  8.880  7.344   0.6286    0.6286    0.6255    0.5357
48      B         A           48           LEU        93.67         665  654  416  8.941  8.880  7.344   0.6331    0.6331    0.6300    0.5407
49      B         A           49           GLY        91.68         665  654  416  8.941  8.880  7.344   0.6121    0.6121    0.6090    0.5194
50      B         A           50           PHE        84.86         665  654  416  8.941  8.880  7.344   0.6386    0.6386    0.6355    0.5470
51      B         A           51           ILE        88.92         665  654  416  8.941  8.880  7.344   0.6568    0.6568    0.6538    0.5664
52      B         A           52           ILE        75.83         665  654  416  8.941  8.880  7.344   0.6510    0.6510    0.6479    0.5598
53      B         A           53           PRO        79.15         665  654  416  8.941  8.880  7.344   0.5850    0.5850    0.5818    0.4909
54      B         A           54           ALA        65.76         665  654  416  8.941  8.880  7.344   0.5724    0.5724    0.5692    0.4782
55      B         A           55           LEU        65.38         665  654  416  8.941  8.880  7.344   0.5977    0.5977    0.5945    0.5042
56      B         A           56           GLY        73.06         665  654  416  8.941  8.880  7.344   0.5695    0.5695    0.5662    0.4756
57      B         A           57           VAL        68.47         665  654  416  8.941  8.880  7.344   0.5680    0.5680    0.5647    0.4741
58      B         A           58           SER        83.71         665  654  416  8.941  8.880  7.344   0.5615    0.5615    0.5583    0.4676
59      B         A           59           LYS        79.10         665  654  416  8.941  8.880  7.344   0.5917    0.5917    0.5885    0.4973
60      B         A           60           VAL        90.39         665  654  416  8.941  8.880  7.344   0.6028    0.6028    0.5996    0.5090
61      B         A           61           ASN        86.81         665  654  416  8.941  8.880  7.344   0.5626    0.5626    0.5593    0.4677
62      B         A           62           SER        80.29         665  654  416  8.941  8.880  7.344   0.5102    0.5102    0.5069    0.4153
63      B         A           63           LYS        83.10         665  654  416  8.941  8.880  7.344   0.5231    0.5231    0.5198    0.4277
64      B         A           64           TYR        88.16         665  654  416  8.941  8.880  7.344   0.5201    0.5201    0.5168    0.4248
65      B         A           65           GLU        84.54         665  654  415  8.941  8.880  7.336   0.3900    0.3903    0.3871    0.3030
66      B         A           66           GLY        90.82         665  654  416  8.941  8.880  7.344   0.4150    0.4150    0.4118    0.3258
67      B         A           67           ARG        91.24         665  654  416  8.941  8.880  7.344   0.4930    0.4930    0.4897    0.3987
68      B         A           68           VAL        93.54         665  654  416  8.941  8.880  7.344   0.5807    0.5807    0.5774    0.4858
69      B         A           69           THR        95.27         665  654  416  8.941  8.880  7.344   0.5923    0.5923    0.5891    0.4979
70      B         A           70           ILE        94.53         665  654  416  8.941  8.880  7.344   0.6307    0.6307    0.6276    0.5382
71      B         A           71           SER        93.89         665  654  416  8.941  8.880  7.344   0.5858    0.5858    0.5825    0.4916
72      B         A           72           SER        88.48         665  654  416  8.941  8.880  7.344   0.5505    0.5505    0.5472    0.4560
73      B         A           73           ASP        88.22         665  654  416  8.941  8.880  7.344   0.5356    0.5356    0.5323    0.4407
74      B         A           74           PRO        76.24         665  654  416  8.941  8.880  7.344   0.4939    0.4939    0.4906    0.4005
75      B         A           75           ALA        75.14         665  654  416  8.941  8.880  7.344   0.4920    0.4920    0.4888    0.3987
76      B         A           76           ASN        84.87         665  654  416  8.941  8.880  7.344   0.4903    0.4903    0.4870    0.3968
77      B         A           77           ASN        84.27         665  654  416  8.941  8.880  7.344   0.5291    0.5291    0.5258    0.4345
78      B         A           78           THR        93.61         665  654  416  8.941  8.880  7.344   0.5854    0.5854    0.5822    0.4909
79      B         A           79           ALA        94.41         665  654  416  8.941  8.880  7.344   0.6274    0.6274    0.6243    0.5348
80      B         A           80           TYR        97.18         665  654  416  8.941  8.880  7.344   0.6315    0.6315    0.6284    0.5390
81      B         A           81           LEU        97.85         665  654  416  8.941  8.880  7.344   0.6321    0.6321    0.6290    0.5398
82      B         A           82           THR        97.14         665  654  416  8.941  8.880  7.344   0.6182    0.6182    0.6150    0.5245
83      B         A           83           ILE        95.74         665  654  416  8.941  8.880  7.344   0.5998    0.5998    0.5966    0.5053
84      B         A           84           SER        94.18         665  654  416  8.941  8.880  7.344   0.5375    0.5375    0.5342    0.4423
85      B         A           85           ASN        90.90         665  654  416  8.941  8.880  7.344   0.5116    0.5116    0.5083    0.4165
86      B         A           86           LEU        91.94         665  654  416  8.941  8.880  7.344   0.5257    0.5257    0.5224    0.4301
87      B         A           87           THR        87.63         665  654  416  8.941  8.880  7.344   0.4889    0.4889    0.4855    0.3941
88      B         A           88           ALA        84.86         665  654  416  8.941  8.880  7.344   0.4833    0.4833    0.4800    0.3887
89      B         A           89           ALA        85.95         665  654  416  8.941  8.880  7.344   0.5321    0.5321    0.5288    0.4362
90      B         A           90           ASP        91.33         665  654  416  8.941  8.880  7.344   0.5679    0.5679    0.5646    0.4722
91      B         A           91           THR        91.80         665  654  416  8.941  8.880  7.344   0.5983    0.5983    0.5951    0.5034
92      B         A           92           ALA        93.00         665  654  416  8.941  8.880  7.344   0.5952    0.5952    0.5920    0.5001
93      B         A           93           THR        95.76         665  654  416  8.941  8.880  7.344   0.6266    0.6266    0.6235    0.5332
94      B         A           94           TYR        97.32         665  654  416  8.941  8.880  7.344   0.6498    0.6498    0.6468    0.5584
95      B         A           95           TYR        96.70         665  654  416  8.941  8.880  7.344   0.6447    0.6447    0.6417    0.5529
96      B         A           96           CYS        93.52         665  654  416  8.941  8.880  7.344   0.6077    0.6077    0.6046    0.5142
97      B         A           97           GLY        93.42         665  654  416  8.941  8.880  7.344   0.6009    0.6009    0.5977    0.5068
98      B         A           98           LEU        87.17         665  654  416  8.941  8.880  7.344   0.5782    0.5782    0.5749    0.4835
99      B         A           99           GLY        75.69         665  654  416  8.941  8.880  7.344   0.5017    0.5017    0.4984    0.4080
100     B         A          100           THR        62.22         665  654  416  8.941  8.880  7.344   0.4448    0.4448    0.4415    0.3536
101     B         A          101           GLY        52.41         665  654  416  8.941  8.880  7.344   0.4550    0.4550    0.4517    0.3632
102     B         A          102           GLU        52.39         665  654  416  8.941  8.880  7.344   0.4947    0.4947    0.4914    0.4002
103     B         A          103           SER        48.98         665  654  416  8.941  8.880  7.344   0.5085    0.5085    0.5052    0.4135
104     B         A          104           VAL        52.32         665  654  416  8.941  8.880  7.344   0.5684    0.5684    0.5651    0.4723
105     B         A          105           PHE        53.79         665  654  416  8.941  8.880  7.344   0.5715    0.5715    0.5682    0.4758
106     B         A          106           ALA        50.20         665  654  416  8.941  8.880  7.344   0.5551    0.5551    0.5518    0.4594
107     B         A          107           SER        53.71         665  654  416  8.941  8.880  7.344   0.4818    0.4818    0.4785    0.3888
108     B         A          108           SER        50.59         665  654  416  8.941  8.880  7.344   0.5171    0.5171    0.5138    0.4232
109     B         A          109           PRO        47.36         665  654  416  8.941  8.880  7.344   0.5333    0.5333    0.5300    0.4390
110     B         A          110           PHE        46.31         665  654  416  8.941  8.880  7.344   0.5261    0.5261    0.5228    0.4321
111     B         A          111           ASP        50.55         665  654  416  8.941  8.880  7.344   0.5398    0.5398    0.5365    0.4449
112     B         A          112           GLU        50.81         665  654  416  8.941  8.880  7.344   0.5237    0.5237    0.5204    0.4288
113     B         A          113           LYS        57.74         665  654  416  8.941  8.880  7.344   0.5413    0.5413    0.5380    0.4461
114     B         A          114           LEU        63.20         665  654  416  8.941  8.880  7.344   0.5747    0.5747    0.5714    0.4795
115     B         A          115           LEU        64.76         665  654  416  8.941  8.880  7.344   0.5734    0.5734    0.5701    0.4780
116     B         A          116           LEU        62.85         665  654  416  8.941  8.880  7.344   0.5746    0.5746    0.5714    0.4792
117     B         A          117           GLY        70.02         665  654  416  8.941  8.880  7.344   0.5346    0.5346    0.5314    0.4402
118     B         A          118           ALA        79.85         665  654  416  8.941  8.880  7.344   0.5541    0.5541    0.5508    0.4587
119     B         A          119           LEU        87.56         665  654  416  8.941  8.880  7.344   0.5877    0.5877    0.5845    0.4928
120     B         A          120           SER        81.14         665  654  416  8.941  8.880  7.344   0.5202    0.5202    0.5169    0.4254
121     B         A          121           VAL        88.89         665  654  416  8.941  8.880  7.344   0.5889    0.5889    0.5856    0.4941
122     B         A          122           TRP        94.72         665  654  416  8.941  8.880  7.344   0.6215    0.6215    0.6184    0.5281
123     B         A          123           GLY        95.64         665  654  416  8.941  8.880  7.344   0.5941    0.5941    0.5909    0.4994
124     B         A          124           GLN        93.55         665  654  416  8.941  8.880  7.344   0.5326    0.5326    0.5293    0.4373
125     B         A          125           GLY        96.83         665  654  416  8.941  8.880  7.344   0.5127    0.5127    0.5094    0.4173
126     B         A          126           THR        96.13         665  654  416  8.941  8.880  7.344   0.5482    0.5482    0.5449    0.4524
127     B         A          127           LYS        95.64         665  654  416  8.941  8.880  7.344   0.5559    0.5559    0.5526    0.4599
128     B         A          128           VAL        95.54         665  654  416  8.941  8.880  7.344   0.5842    0.5842    0.5809    0.4888
129     B         A          129           THR        92.48         665  654  416  8.941  8.880  7.344   0.5527    0.5527    0.5494    0.4568
130     B         A          130           VAL        90.53         665  654  416  8.941  8.880  7.344   0.4496    0.4496    0.4463    0.3569
131     B         A          131           THR        84.25         665  654  155  8.941  8.880  4.639   0.2465    0.3123    0.3094    0.1095
132     B         A          132           GLY        74.12         665  654  0  8.941  8.880  1.039   0.1035    0.0000    0.0000    0.0000
133     B         A          133           GLY        55.31         665  654  0  8.941  8.880  1.039   0.0861    0.0000    0.0000    0.0000
134     B         A          134           GLY        54.16         665  654  0  8.941  8.880  1.039   0.0858    0.0000    0.0000    0.0000
135     B         A          135           SER        49.25         665  654  0  8.941  8.880  1.039   0.0875    0.0000    0.0000    0.0000
136     B         A          136           GLY        49.16         665  654  0  8.941  8.880  1.039   0.0876    0.0000    0.0000    0.0000
137     B         A          137           GLY        48.08         665  654  0  8.941  8.880  1.039   0.0896    0.0000    0.0000    0.0000
138     B         A          138           GLY        49.78         665  654  0  8.941  8.880  1.039   0.0944    0.0000    0.0000    0.0000
139     B         A          139           SER        50.43         665  654  0  8.941  8.880  1.039   0.1007    0.0000    0.0000    0.0000
140     B         A          140           GLY        51.53         665  654  0  8.941  8.880  1.039   0.1046    0.0000    0.0000    0.0000
141     B         A          141           GLY        49.38         665  654  0  8.941  8.880  1.039   0.1128    0.0000    0.0000    0.0000
142     B         A          142           GLY        52.22         665  654  0  8.941  8.880  1.039   0.1371    0.0000    0.0000    0.0000
143     B         A          143           SER        61.34         665  654  27  8.941  8.880  1.039   0.1920    0.2855    0.2828    0.0054
144     B         A          144           ILE        80.12         665  654  413  8.941  8.880  7.321   0.3931    0.3941    0.3909    0.3056
145     B         A          145           THR        84.59         665  654  416  8.941  8.880  7.344   0.4630    0.4630    0.4597    0.3698
146     B         A          146           VAL        91.21         665  654  416  8.941  8.880  7.344   0.5479    0.5479    0.5446    0.4521
147     B         A          147           THR        93.92         665  654  416  8.941  8.880  7.344   0.5574    0.5574    0.5541    0.4614
148     B         A          148           GLN        95.87         665  654  416  8.941  8.880  7.344   0.5530    0.5530    0.5496    0.4570
149     B         A          149           SER        95.37         665  654  416  8.941  8.880  7.344   0.4273    0.4273    0.4240    0.3366
150     B         A          150           PRO        93.32         665  654  416  8.941  8.880  7.344   0.4135    0.4135    0.4102    0.3235
151     B         A          151           ALA        92.27         665  654  416  8.941  8.880  7.344   0.4088    0.4088    0.4055    0.3191
152     B         A          152           SER        92.08         665  654  416  8.941  8.880  7.344   0.4152    0.4152    0.4119    0.3251
153     B         A          153           PRO        94.34         665  654  416  8.941  8.880  7.344   0.4245    0.4245    0.4212    0.3335
154     B         A          154           GLU        95.56         665  654  416  8.941  8.880  7.344   0.4499    0.4499    0.4466    0.3569
155     B         A          155           LYS        95.94         665  654  416  8.941  8.880  7.344   0.4702    0.4702    0.4669    0.3759
156     B         A          156           LYS        95.88         665  654  416  8.941  8.880  7.344   0.4365    0.4365    0.4332    0.3444
157     B         A          157           VAL        96.11         665  654  416  8.941  8.880  7.344   0.5009    0.5009    0.4975    0.4052
158     B         A          158           GLY        96.82         665  654  416  8.941  8.880  7.344   0.4730    0.4730    0.4696    0.3785
159     B         A          159           GLU        95.36         665  654  416  8.941  8.880  7.344   0.5006    0.5006    0.4973    0.4050
160     B         A          160           THR        96.81         665  654  416  8.941  8.880  7.344   0.5380    0.5380    0.5347    0.4419
161     B         A          161           ALA        97.00         665  654  416  8.941  8.880  7.344   0.5388    0.5388    0.5355    0.4426
162     B         A          162           THR        97.29         665  654  416  8.941  8.880  7.344   0.5628    0.5628    0.5595    0.4668
163     B         A          163           LEU        97.69         665  654  416  8.941  8.880  7.344   0.5850    0.5850    0.5818    0.4896
164     B         A          164           THR        97.88         665  654  416  8.941  8.880  7.344   0.5814    0.5814    0.5781    0.4858
165     B         A          165           CYS        97.36         665  654  416  8.941  8.880  7.344   0.5745    0.5745    0.5712    0.4790
166     B         A          166           THR        97.05         665  654  416  8.941  8.880  7.344   0.5644    0.5644    0.5611    0.4684
167     B         A          167           LEU        93.38         665  654  416  8.941  8.880  7.344   0.5607    0.5607    0.5574    0.4649
168     B         A          168           SER        89.18         665  654  416  8.941  8.880  7.344   0.5063    0.5063    0.5029    0.4112
169     B         A          169           SER        82.75         665  654  416  8.941  8.880  7.344   0.5139    0.5139    0.5106    0.4189
170     B         A          170           ALA        84.17         665  654  416  8.941  8.880  7.344   0.5438    0.5438    0.5405    0.4483
171     B         A          171           VAL        79.66         665  654  416  8.941  8.880  7.344   0.5309    0.5309    0.5276    0.4354
172     B         A          172           PRO        72.20         665  654  416  8.941  8.880  7.344   0.5130    0.5130    0.5097    0.4180
173     B         A          173           LYS        78.08         665  654  416  8.941  8.880  7.344   0.5050    0.5050    0.5016    0.4101
174     B         A          174           SER        70.96         665  654  416  8.941  8.880  7.344   0.5127    0.5127    0.5094    0.4175
175     B         A          175           ASN        81.33         665  654  416  8.941  8.880  7.344   0.5575    0.5575    0.5542    0.4619
176     B         A          176           VAL        92.49         665  654  416  8.941  8.880  7.344   0.6051    0.6051    0.6019    0.5104
177     B         A          177           ALA        92.95         665  654  416  8.941  8.880  7.344   0.6208    0.6208    0.6177    0.5272
178     B         A          178           TRP        97.77         665  654  416  8.941  8.880  7.344   0.6366    0.6366    0.6335    0.5442
179     B         A          179           TYR        96.97         665  654  416  8.941  8.880  7.344   0.6443    0.6443    0.6412    0.5524
180     B         A          180           LYS        97.77         665  654  416  8.941  8.880  7.344   0.6328    0.6328    0.6297    0.5396
181     B         A          181           GLN        96.86         665  654  416  8.941  8.880  7.344   0.6135    0.6135    0.6103    0.5193
182     B         A          182           LYS        94.53         665  654  416  8.941  8.880  7.344   0.5777    0.5777    0.5744    0.4820
183     B         A          183           PRO        90.94         665  654  416  8.941  8.880  7.344   0.4667    0.4667    0.4634    0.3730
184     B         A          184           GLY        92.01         665  654  416  8.941  8.880  7.344   0.4635    0.4635    0.4601    0.3701
185     B         A          185           GLN        94.15         665  654  416  8.941  8.880  7.344   0.5680    0.5680    0.5647    0.4725
186     B         A          186           PRO        94.24         665  654  416  8.941  8.880  7.344   0.5867    0.5867    0.5835    0.4915
187     B         A          187           PRO        95.53         665  654  416  8.941  8.880  7.344   0.5994    0.5994    0.5962    0.5047
188     B         A          188           GLU        93.75         665  654  416  8.941  8.880  7.344   0.5863    0.5863    0.5830    0.4911
189     B         A          189           LEU        93.82         665  654  416  8.941  8.880  7.344   0.6292    0.6292    0.6261    0.5359
190     B         A          190           LEU        97.10         665  654  416  8.941  8.880  7.344   0.6113    0.6113    0.6081    0.5171
191     B         A          191           ILE        96.02         665  654  416  8.941  8.880  7.344   0.6189    0.6189    0.6158    0.5251
192     B         A          192           TYR        87.86         665  654  416  8.941  8.880  7.344   0.6181    0.6181    0.6150    0.5243
193     B         A          193           GLY        83.91         665  654  416  8.941  8.880  7.344   0.5438    0.5438    0.5405    0.4484
194     B         A          194           GLY        90.32         665  654  416  8.941  8.880  7.344   0.5398    0.5398    0.5365    0.4447
195     B         A          195           SER        88.32         665  654  416  8.941  8.880  7.344   0.5204    0.5204    0.5171    0.4255
196     B         A          196           THR        84.33         665  654  416  8.941  8.880  7.344   0.5718    0.5718    0.5685    0.4762
197     B         A          197           ARG        92.70         665  654  416  8.941  8.880  7.344   0.5671    0.5671    0.5638    0.4715
198     B         A          198           ALA        90.87         665  654  416  8.941  8.880  7.344   0.5642    0.5642    0.5609    0.4686
199     B         A          199           SER        82.98         665  654  416  8.941  8.880  7.344   0.4692    0.4692    0.4659    0.3762
200     B         A          200           GLY        91.98         665  654  416  8.941  8.880  7.344   0.4697    0.4697    0.4664    0.3765
201     B         A          201           VAL        95.68         665  654  416  8.941  8.880  7.344   0.5466    0.5466    0.5433    0.4507
202     B         A          202           PRO        95.85         665  654  416  8.941  8.880  7.344   0.5189    0.5189    0.5156    0.4232
203     B         A          203           SER        94.67         665  654  416  8.941  8.880  7.344   0.4970    0.4970    0.4936    0.4019
204     B         A          204           ARG        96.23         665  654  416  8.941  8.880  7.344   0.5007    0.5007    0.4973    0.4053
205     B         A          205           TYR        98.05         665  654  416  8.941  8.880  7.344   0.5869    0.5869    0.5836    0.4914
206     B         A          206           SER        96.35         665  654  416  8.941  8.880  7.344   0.5607    0.5607    0.5574    0.4648
207     B         A          207           GLY        96.86         665  654  416  8.941  8.880  7.344   0.5527    0.5527    0.5494    0.4568
208     B         A          208           SER        96.29         665  654  416  8.941  8.880  7.344   0.5163    0.5163    0.5129    0.4206
209     B         A          209           GLY        95.00         665  654  416  8.941  8.880  7.344   0.4361    0.4361    0.4328    0.3447
210     B         A          210           SER        86.97         665  654  416  8.941  8.880  7.344   0.4275    0.4275    0.4242    0.3369
211     B         A          211           GLY        89.32         665  654  416  8.941  8.880  7.344   0.4610    0.4610    0.4577    0.3681
212     B         A          212           THR        93.11         665  654  416  8.941  8.880  7.344   0.5184    0.5184    0.5150    0.4229
213     B         A          213           THR        96.19         665  654  416  8.941  8.880  7.344   0.5580    0.5580    0.5547    0.4620
214     B         A          214           PHE        96.91         665  654  416  8.941  8.880  7.344   0.6031    0.6031    0.5999    0.5084
215     B         A          215           TYR        97.91         665  654  416  8.941  8.880  7.344   0.5965    0.5965    0.5933    0.5013
216     B         A          216           LEU        98.29         665  654  416  8.941  8.880  7.344   0.6047    0.6047    0.6015    0.5100
217     B         A          217           THR        97.86         665  654  416  8.941  8.880  7.344   0.5910    0.5910    0.5877    0.4956
218     B         A          218           ILE        97.69         665  654  416  8.941  8.880  7.344   0.5803    0.5803    0.5771    0.4847
219     B         A          219           SER        96.33         665  654  416  8.941  8.880  7.344   0.4880    0.4880    0.4846    0.3936
220     B         A          220           SER        96.34         665  654  416  8.941  8.880  7.344   0.4774    0.4774    0.4741    0.3829
221     B         A          221           LEU        96.03         665  654  416  8.941  8.880  7.344   0.5329    0.5329    0.5296    0.4367
222     B         A          222           GLN        96.10         665  654  416  8.941  8.880  7.344   0.5092    0.5092    0.5058    0.4133
223     B         A          223           PRO        94.75         665  654  416  8.941  8.880  7.344   0.4875    0.4875    0.4841    0.3926
224     B         A          224           GLU        94.26         665  654  416  8.941  8.880  7.344   0.4621    0.4621    0.4588    0.3687
225     B         A          225           ASP        96.49         665  654  416  8.941  8.880  7.344   0.5396    0.5396    0.5362    0.4434
226     B         A          226           PHE        96.87         665  654  416  8.941  8.880  7.344   0.5770    0.5770    0.5737    0.4813
227     B         A          227           ALA        97.08         665  654  416  8.941  8.880  7.344   0.5451    0.5451    0.5418    0.4490
228     B         A          228           THR        97.00         665  654  416  8.941  8.880  7.344   0.6267    0.6267    0.6235    0.5331
229     B         A          229           TYR        98.36         665  654  416  8.941  8.880  7.344   0.6398    0.6398    0.6367    0.5474
230     B         A          230           TYR        96.66         665  654  416  8.941  8.880  7.344   0.6344    0.6344    0.6313    0.5416
231     B         A          231           CYS        96.27         665  654  416  8.941  8.880  7.344   0.6048    0.6048    0.6017    0.5107
232     B         A          232           ARG        91.48         665  654  416  8.941  8.880  7.344   0.5900    0.5900    0.5868    0.4953
233     B         A          233           VAL        88.92         665  654  416  8.941  8.880  7.344   0.5942    0.5942    0.5910    0.4993
234     B         A          234           TYR        79.88         665  654  416  8.941  8.880  7.344   0.5537    0.5537    0.5504    0.4582
235     B         A          235           GLY        73.73         665  654  416  8.941  8.880  7.344   0.4881    0.4881    0.4848    0.3943
236     B         A          236           GLU        66.90         665  654  416  8.941  8.880  7.344   0.5004    0.5004    0.4971    0.4058
237     B         A          237           GLU        72.55         665  654  416  8.941  8.880  7.344   0.5339    0.5339    0.5306    0.4387
238     B         A          238           PRO        83.00         665  654  416  8.941  8.880  7.344   0.5543    0.5543    0.5510    0.4590
239     B         A          239           SER        85.17         665  654  416  8.941  8.880  7.344   0.5473    0.5473    0.5440    0.4523
240     B         A          240           PHE        92.19         665  654  416  8.941  8.880  7.344   0.6153    0.6153    0.6122    0.5216
241     B         A          241           GLY        93.95         665  654  416  8.941  8.880  7.344   0.5919    0.5919    0.5886    0.4970
242     B         A          242           GLN        91.70         665  654  416  8.941  8.880  7.344   0.5548    0.5548    0.5515    0.4591
243     B         A          243           GLY        95.71         665  654  416  8.941  8.880  7.344   0.5266    0.5266    0.5233    0.4309
244     B         A          244           THR        97.14         665  654  416  8.941  8.880  7.344   0.5859    0.5859    0.5826    0.4906
245     B         A          245           THR        96.04         665  654  416  8.941  8.880  7.344   0.5744    0.5744    0.5711    0.4787
246     B         A          246           LEU        97.07         665  654  416  8.941  8.880  7.344   0.5508    0.5508    0.5475    0.4546
247     B         A          247           LYS        95.69         665  654  416  8.941  8.880  7.344   0.5101    0.5101    0.5067    0.4147
248     B         A          248           LEU        93.90         665  654  416  8.941  8.880  7.344   0.4265    0.4265    0.4232    0.3355
249     B         A          249           LYS        86.90         665  654  52  8.941  8.880  2.332   0.2153    0.2789    0.2762    0.0257
