i,AlignChn,ScoredChain,AlignResNum,AlignResType,AlignRespLDDT,n0chn,n0dom,n0res,d0chn,d0dom,d0res,ipTM_pae,ipSAE_d0chn,ipSAE_d0dom,ipSAE 
250     A         B            1           ILE        94.13         665  7  0  8.941  1.039  1.039   0.1152    0.0000    0.0000    0.0000
251     A         B            2           CYS        95.67         665  7  0  8.941  1.039  1.039   0.1252    0.0000    0.0000    0.0000
252     A         B            3           LEU        94.33         665  7  0  8.941  1.039  1.039   0.1273    0.0000    0.0000    0.0000
253     A         B            4           GLN        95.21         665  7  0  8.941  1.039  1.039   0.1302    0.0000    0.0000    0.0000
254     A         B            5           LYS        96.27         665  7  0  8.941  1.039  1.039   0.1302    0.0000    0.0000    0.0000
255     A         B            6           THR        95.46         665  7  0  8.941  1.039  1.039   0.1266    0.0000    0.0000    0.0000
256     A         B            7           SER        91.55         665  7  0  8.941  1.039  1.039   0.1234    0.0000    0.0000    0.0000
257     A         B            8           ASN        91.80         665  7  0  8.941  1.039  1.039   0.1195    0.0000    0.0000    0.0000
258     A         B            9           GLN        91.29         665  7  0  8.941  1.039  1.039   0.1207    0.0000    0.0000    0.0000
259     A         B           10           ILE        95.19         665  7  0  8.941  1.039  1.039   0.1307    0.0000    0.0000    0.0000
260     A         B           11           LEU        97.19         665  7  0  8.941  1.039  1.039   0.1417    0.0000    0.0000    0.0000
261     A         B           12           LYS        93.46         665  7  0  8.941  1.039  1.039   0.1420    0.0000    0.0000    0.0000
262     A         B           13           PRO        96.29         665  7  0  8.941  1.039  1.039   0.1457    0.0000    0.0000    0.0000
263     A         B           14           LYS        91.35         665  7  0  8.941  1.039  1.039   0.1467    0.0000    0.0000    0.0000
264     A         B           15           LEU        87.65         665  7  0  8.941  1.039  1.039   0.1487    0.0000    0.0000    0.0000
265     A         B           16           ILE        85.94         665  7  0  8.941  1.039  1.039   0.1501    0.0000    0.0000    0.0000
266     A         B           17           SER        62.30         665  7  0  8.941  1.039  1.039   0.1435    0.0000    0.0000    0.0000
267     A         B           18           TYR        62.51         665  7  0  8.941  1.039  1.039   0.1411    0.0000    0.0000    0.0000
268     A         B           19           THR        60.86         665  7  0  8.941  1.039  1.039   0.1445    0.0000    0.0000    0.0000
269     A         B           20           LEU        67.69         665  7  0  8.941  1.039  1.039   0.1437    0.0000    0.0000    0.0000
270     A         B           21           PRO        58.41         665  7  0  8.941  1.039  1.039   0.1422    0.0000    0.0000    0.0000
271     A         B           22           VAL        65.34         665  7  0  8.941  1.039  1.039   0.1419    0.0000    0.0000    0.0000
272     A         B           23           VAL        63.12         665  7  0  8.941  1.039  1.039   0.1421    0.0000    0.0000    0.0000
273     A         B           24           GLY        64.10         665  7  0  8.941  1.039  1.039   0.1394    0.0000    0.0000    0.0000
274     A         B           25           GLN        64.41         665  7  0  8.941  1.039  1.039   0.1419    0.0000    0.0000    0.0000
275     A         B           26           SER        66.20         665  7  0  8.941  1.039  1.039   0.1451    0.0000    0.0000    0.0000
276     A         B           27           GLY        73.14         665  7  0  8.941  1.039  1.039   0.1476    0.0000    0.0000    0.0000
277     A         B           28           THR        79.52         665  7  0  8.941  1.039  1.039   0.1501    0.0000    0.0000    0.0000
278     A         B           29           CYS        76.00         665  7  0  8.941  1.039  1.039   0.1528    0.0000    0.0000    0.0000
279     A         B           30           ILE        85.41         665  7  0  8.941  1.039  1.039   0.1533    0.0000    0.0000    0.0000
280     A         B           31           THR        85.05         665  7  0  8.941  1.039  1.039   0.1516    0.0000    0.0000    0.0000
281     A         B           32           ASP        91.72         665  7  0  8.941  1.039  1.039   0.1525    0.0000    0.0000    0.0000
282     A         B           33           PRO        93.85         665  7  0  8.941  1.039  1.039   0.1551    0.0000    0.0000    0.0000
283     A         B           34           LEU        96.77         665  7  1  8.941  1.039  1.039   0.1523    0.2628    0.0048    0.0048
284     A         B           35           LEU        96.93         665  7  0  8.941  1.039  1.039   0.1540    0.0000    0.0000    0.0000
285     A         B           36           ALA        98.54         665  7  0  8.941  1.039  1.039   0.1545    0.0000    0.0000    0.0000
286     A         B           37           MET        97.18         665  7  0  8.941  1.039  1.039   0.1530    0.0000    0.0000    0.0000
287     A         B           38           ASP        96.27         665  7  0  8.941  1.039  1.039   0.1539    0.0000    0.0000    0.0000
288     A         B           39           GLU        95.33         665  7  0  8.941  1.039  1.039   0.1491    0.0000    0.0000    0.0000
289     A         B           40           GLY        94.93         665  7  0  8.941  1.039  1.039   0.1471    0.0000    0.0000    0.0000
290     A         B           41           TYR        96.43         665  7  0  8.941  1.039  1.039   0.1528    0.0000    0.0000    0.0000
291     A         B           42           PHE        95.77         665  7  0  8.941  1.039  1.039   0.1525    0.0000    0.0000    0.0000
292     A         B           43           ALA        97.80         665  7  0  8.941  1.039  1.039   0.1536    0.0000    0.0000    0.0000
293     A         B           44           TYR        94.14         665  7  0  8.941  1.039  1.039   0.1527    0.0000    0.0000    0.0000
294     A         B           45           SER        96.47         665  7  0  8.941  1.039  1.039   0.1523    0.0000    0.0000    0.0000
295     A         B           46           HIS        92.21         665  7  0  8.941  1.039  1.039   0.1538    0.0000    0.0000    0.0000
296     A         B           47           LEU        91.91         665  7  1  8.941  1.039  1.039   0.1517    0.2659    0.0049    0.0049
297     A         B           48           GLU        86.78         665  7  0  8.941  1.039  1.039   0.1545    0.0000    0.0000    0.0000
298     A         B           49           ARG        81.17         665  7  0  8.941  1.039  1.039   0.1492    0.0000    0.0000    0.0000
299     A         B           50           ILE        80.71         665  7  0  8.941  1.039  1.039   0.1529    0.0000    0.0000    0.0000
300     A         B           51           GLY        70.95         665  7  0  8.941  1.039  1.039   0.1529    0.0000    0.0000    0.0000
301     A         B           52           SER        64.45         665  7  0  8.941  1.039  1.039   0.1532    0.0000    0.0000    0.0000
302     A         B           53           CYS        66.92         665  7  0  8.941  1.039  1.039   0.1579    0.0000    0.0000    0.0000
303     A         B           54           SER        60.48         665  7  1  8.941  1.039  1.039   0.1513    0.2643    0.0048    0.0048
304     A         B           55           ARG        61.24         665  7  1  8.941  1.039  1.039   0.1526    0.2636    0.0048    0.0048
305     A         B           56           GLY        73.18         665  7  0  8.941  1.039  1.039   0.1467    0.0000    0.0000    0.0000
306     A         B           57           VAL        82.09         665  7  0  8.941  1.039  1.039   0.1508    0.0000    0.0000    0.0000
307     A         B           58           SER        86.47         665  7  0  8.941  1.039  1.039   0.1484    0.0000    0.0000    0.0000
308     A         B           59           LYS        85.51         665  7  0  8.941  1.039  1.039   0.1499    0.0000    0.0000    0.0000
309     A         B           60           GLN        87.23         665  7  1  8.941  1.039  1.039   0.1495    0.2799    0.0052    0.0052
310     A         B           61           ARG        93.46         665  7  0  8.941  1.039  1.039   0.1511    0.0000    0.0000    0.0000
311     A         B           62           ILE        90.70         665  7  0  8.941  1.039  1.039   0.1532    0.0000    0.0000    0.0000
312     A         B           63           ILE        95.78         665  7  0  8.941  1.039  1.039   0.1539    0.0000    0.0000    0.0000
313     A         B           64           GLY        92.65         665  7  0  8.941  1.039  1.039   0.1521    0.0000    0.0000    0.0000
314     A         B           65           VAL        93.83         665  7  0  8.941  1.039  1.039   0.1535    0.0000    0.0000    0.0000
315     A         B           66           GLY        90.83         665  7  0  8.941  1.039  1.039   0.1511    0.0000    0.0000    0.0000
316     A         B           67           GLU        85.68         665  7  0  8.941  1.039  1.039   0.1508    0.0000    0.0000    0.0000
317     A         B           68           VAL        93.04         665  7  0  8.941  1.039  1.039   0.1526    0.0000    0.0000    0.0000
318     A         B           69           LEU        82.84         665  7  0  8.941  1.039  1.039   0.1441    0.0000    0.0000    0.0000
319     A         B           70           ASP        84.61         665  7  0  8.941  1.039  1.039   0.1430    0.0000    0.0000    0.0000
320     A         B           71           ARG        74.27         665  7  0  8.941  1.039  1.039   0.1292    0.0000    0.0000    0.0000
321     A         B           72           GLY        77.91         665  7  0  8.941  1.039  1.039   0.1290    0.0000    0.0000    0.0000
322     A         B           73           ASP        80.50         665  7  0  8.941  1.039  1.039   0.1355    0.0000    0.0000    0.0000
323     A         B           74           GLU        87.65         665  7  0  8.941  1.039  1.039   0.1413    0.0000    0.0000    0.0000
324     A         B           75           VAL        90.05         665  7  0  8.941  1.039  1.039   0.1461    0.0000    0.0000    0.0000
325     A         B           76           PRO        93.48         665  7  0  8.941  1.039  1.039   0.1494    0.0000    0.0000    0.0000
326     A         B           77           SER        85.33         665  7  0  8.941  1.039  1.039   0.1472    0.0000    0.0000    0.0000
327     A         B           78           LEU        88.37         665  7  0  8.941  1.039  1.039   0.1508    0.0000    0.0000    0.0000
328     A         B           79           PHE        82.60         665  7  0  8.941  1.039  1.039   0.1529    0.0000    0.0000    0.0000
329     A         B           80           MET        83.28         665  7  0  8.941  1.039  1.039   0.1504    0.0000    0.0000    0.0000
330     A         B           81           THR        84.98         665  7  0  8.941  1.039  1.039   0.1499    0.0000    0.0000    0.0000
331     A         B           82           ASN        86.68         665  7  0  8.941  1.039  1.039   0.1503    0.0000    0.0000    0.0000
332     A         B           83           VAL        85.27         665  7  0  8.941  1.039  1.039   0.1510    0.0000    0.0000    0.0000
333     A         B           84           TRP        91.16         665  7  0  8.941  1.039  1.039   0.1508    0.0000    0.0000    0.0000
334     A         B           85           THR        89.16         665  7  0  8.941  1.039  1.039   0.1480    0.0000    0.0000    0.0000
335     A         B           86           PRO        92.91         665  7  0  8.941  1.039  1.039   0.1465    0.0000    0.0000    0.0000
336     A         B           87           PRO        89.35         665  7  0  8.941  1.039  1.039   0.1409    0.0000    0.0000    0.0000
337     A         B           88           ASN        91.83         665  7  0  8.941  1.039  1.039   0.1463    0.0000    0.0000    0.0000
338     A         B           89           PRO        91.02         665  7  0  8.941  1.039  1.039   0.1468    0.0000    0.0000    0.0000
339     A         B           90           ASN        89.49         665  7  0  8.941  1.039  1.039   0.1445    0.0000    0.0000    0.0000
340     A         B           91           THR        94.24         665  7  0  8.941  1.039  1.039   0.1440    0.0000    0.0000    0.0000
341     A         B           92           VAL        96.43         665  7  0  8.941  1.039  1.039   0.1503    0.0000    0.0000    0.0000
342     A         B           93           TYR        96.43         665  7  0  8.941  1.039  1.039   0.1457    0.0000    0.0000    0.0000
343     A         B           94           HIS        97.60         665  7  0  8.941  1.039  1.039   0.1513    0.0000    0.0000    0.0000
344     A         B           95           CYS        98.31         665  7  0  8.941  1.039  1.039   0.1517    0.0000    0.0000    0.0000
345     A         B           96           SER        98.86         665  7  0  8.941  1.039  1.039   0.1525    0.0000    0.0000    0.0000
346     A         B           97           ALA        98.79         665  7  0  8.941  1.039  1.039   0.1537    0.0000    0.0000    0.0000
347     A         B           98           VAL        98.79         665  7  0  8.941  1.039  1.039   0.1531    0.0000    0.0000    0.0000
348     A         B           99           TYR        98.29         665  7  0  8.941  1.039  1.039   0.1538    0.0000    0.0000    0.0000
349     A         B          100           ASN        96.05         665  7  0  8.941  1.039  1.039   0.1497    0.0000    0.0000    0.0000
350     A         B          101           ASN        88.54         665  7  0  8.941  1.039  1.039   0.1369    0.0000    0.0000    0.0000
351     A         B          102           GLU        88.45         665  7  0  8.941  1.039  1.039   0.1433    0.0000    0.0000    0.0000
352     A         B          103           PHE        94.37         665  7  0  8.941  1.039  1.039   0.1507    0.0000    0.0000    0.0000
353     A         B          104           TYR        97.44         665  7  0  8.941  1.039  1.039   0.1526    0.0000    0.0000    0.0000
354     A         B          105           TYR        97.60         665  7  0  8.941  1.039  1.039   0.1538    0.0000    0.0000    0.0000
355     A         B          106           VAL        98.25         665  7  0  8.941  1.039  1.039   0.1523    0.0000    0.0000    0.0000
356     A         B          107           LEU        98.64         665  7  0  8.941  1.039  1.039   0.1533    0.0000    0.0000    0.0000
357     A         B          108           CYS        98.12         665  7  0  8.941  1.039  1.039   0.1507    0.0000    0.0000    0.0000
358     A         B          109           ALA        98.20         665  7  0  8.941  1.039  1.039   0.1496    0.0000    0.0000    0.0000
359     A         B          110           VAL        97.02         665  7  0  8.941  1.039  1.039   0.1489    0.0000    0.0000    0.0000
360     A         B          111           SER        96.62         665  7  0  8.941  1.039  1.039   0.1477    0.0000    0.0000    0.0000
361     A         B          112           THR        93.74         665  7  0  8.941  1.039  1.039   0.1449    0.0000    0.0000    0.0000
362     A         B          113           VAL        92.26         665  7  0  8.941  1.039  1.039   0.1471    0.0000    0.0000    0.0000
363     A         B          114           GLY        89.49         665  7  0  8.941  1.039  1.039   0.1457    0.0000    0.0000    0.0000
364     A         B          115           ASP        90.90         665  7  0  8.941  1.039  1.039   0.1498    0.0000    0.0000    0.0000
365     A         B          116           PRO        96.93         665  7  0  8.941  1.039  1.039   0.1489    0.0000    0.0000    0.0000
366     A         B          117           ILE        94.31         665  7  0  8.941  1.039  1.039   0.1512    0.0000    0.0000    0.0000
367     A         B          118           LEU        89.19         665  7  0  8.941  1.039  1.039   0.1478    0.0000    0.0000    0.0000
368     A         B          119           ASN        92.11         665  7  0  8.941  1.039  1.039   0.1453    0.0000    0.0000    0.0000
369     A         B          120           SER        94.44         665  7  0  8.941  1.039  1.039   0.1497    0.0000    0.0000    0.0000
370     A         B          121           THR        92.72         665  7  0  8.941  1.039  1.039   0.1483    0.0000    0.0000    0.0000
371     A         B          122           TYR        93.28         665  7  0  8.941  1.039  1.039   0.1449    0.0000    0.0000    0.0000
372     A         B          123           TRP        97.12         665  7  0  8.941  1.039  1.039   0.1466    0.0000    0.0000    0.0000
373     A         B          124           SER        95.32         665  7  0  8.941  1.039  1.039   0.1446    0.0000    0.0000    0.0000
374     A         B          125           GLY        97.60         665  7  0  8.941  1.039  1.039   0.1444    0.0000    0.0000    0.0000
375     A         B          126           SER        96.10         665  7  0  8.941  1.039  1.039   0.1447    0.0000    0.0000    0.0000
376     A         B          127           LEU        97.81         665  7  0  8.941  1.039  1.039   0.1503    0.0000    0.0000    0.0000
377     A         B          128           MET        94.98         665  7  0  8.941  1.039  1.039   0.1464    0.0000    0.0000    0.0000
378     A         B          129           MET        96.18         665  7  0  8.941  1.039  1.039   0.1517    0.0000    0.0000    0.0000
379     A         B          130           THR        95.18         665  7  0  8.941  1.039  1.039   0.1524    0.0000    0.0000    0.0000
380     A         B          131           ARG        93.18         665  7  0  8.941  1.039  1.039   0.1481    0.0000    0.0000    0.0000
381     A         B          132           LEU        93.97         665  7  0  8.941  1.039  1.039   0.1521    0.0000    0.0000    0.0000
382     A         B          133           ALA        90.02         665  7  0  8.941  1.039  1.039   0.1523    0.0000    0.0000    0.0000
383     A         B          134           VAL        90.97         665  7  0  8.941  1.039  1.039   0.1491    0.0000    0.0000    0.0000
384     A         B          135           LYS        81.81         665  7  0  8.941  1.039  1.039   0.1412    0.0000    0.0000    0.0000
385     A         B          136           PRO        77.22         665  7  0  8.941  1.039  1.039   0.1355    0.0000    0.0000    0.0000
386     A         B          137           LYS        68.74         665  7  0  8.941  1.039  1.039   0.1304    0.0000    0.0000    0.0000
387     A         B          138           SER        59.12         665  7  0  8.941  1.039  1.039   0.1149    0.0000    0.0000    0.0000
388     A         B          139           ASN        62.55         665  7  0  8.941  1.039  1.039   0.1082    0.0000    0.0000    0.0000
389     A         B          140           GLY        62.82         665  7  0  8.941  1.039  1.039   0.1135    0.0000    0.0000    0.0000
390     A         B          141           GLY        61.48         665  7  0  8.941  1.039  1.039   0.1182    0.0000    0.0000    0.0000
391     A         B          142           GLY        64.57         665  7  0  8.941  1.039  1.039   0.1238    0.0000    0.0000    0.0000
392     A         B          143           TYR        67.06         665  7  0  8.941  1.039  1.039   0.1335    0.0000    0.0000    0.0000
393     A         B          144           ASN        80.82         665  7  0  8.941  1.039  1.039   0.1406    0.0000    0.0000    0.0000
394     A         B          145           GLN        82.12         665  7  0  8.941  1.039  1.039   0.1413    0.0000    0.0000    0.0000
395     A         B          146           HIS        86.39         665  7  0  8.941  1.039  1.039   0.1445    0.0000    0.0000    0.0000
396     A         B          147           GLN        87.65         665  7  0  8.941  1.039  1.039   0.1430    0.0000    0.0000    0.0000
397     A         B          148           LEU        90.60         665  7  0  8.941  1.039  1.039   0.1432    0.0000    0.0000    0.0000
398     A         B          149           ALA        83.75         665  7  0  8.941  1.039  1.039   0.1347    0.0000    0.0000    0.0000
399     A         B          150           LEU        91.84         665  7  0  8.941  1.039  1.039   0.1365    0.0000    0.0000    0.0000
400     A         B          151           ARG        86.07         665  7  0  8.941  1.039  1.039   0.1284    0.0000    0.0000    0.0000
401     A         B          152           SER        89.28         665  7  0  8.941  1.039  1.039   0.1321    0.0000    0.0000    0.0000
402     A         B          153           ILE        96.74         665  7  0  8.941  1.039  1.039   0.1445    0.0000    0.0000    0.0000
403     A         B          154           GLU        96.95         665  7  0  8.941  1.039  1.039   0.1464    0.0000    0.0000    0.0000
404     A         B          155           LYS        97.75         665  7  0  8.941  1.039  1.039   0.1430    0.0000    0.0000    0.0000
405     A         B          156           GLY        97.91         665  7  0  8.941  1.039  1.039   0.1448    0.0000    0.0000    0.0000
406     A         B          157           ARG        96.04         665  7  0  8.941  1.039  1.039   0.1427    0.0000    0.0000    0.0000
407     A         B          158           TYR        98.76         665  7  0  8.941  1.039  1.039   0.1494    0.0000    0.0000    0.0000
408     A         B          159           ASP        97.80         665  7  0  8.941  1.039  1.039   0.1473    0.0000    0.0000    0.0000
409     A         B          160           LYS        98.51         665  7  0  8.941  1.039  1.039   0.1445    0.0000    0.0000    0.0000
410     A         B          161           VAL        98.82         665  7  0  8.941  1.039  1.039   0.1505    0.0000    0.0000    0.0000
411     A         B          162           MET        98.26         665  7  0  8.941  1.039  1.039   0.1433    0.0000    0.0000    0.0000
412     A         B          163           PRO        98.85         665  7  0  8.941  1.039  1.039   0.1504    0.0000    0.0000    0.0000
413     A         B          164           TYR        98.37         665  7  0  8.941  1.039  1.039   0.1502    0.0000    0.0000    0.0000
414     A         B          165           GLY        98.68         665  7  0  8.941  1.039  1.039   0.1484    0.0000    0.0000    0.0000
415     A         B          166           PRO        98.25         665  7  0  8.941  1.039  1.039   0.1532    0.0000    0.0000    0.0000
416     A         B          167           SER        98.48         665  7  0  8.941  1.039  1.039   0.1559    0.0000    0.0000    0.0000
417     A         B          168           GLY        98.89         665  7  0  8.941  1.039  1.039   0.1537    0.0000    0.0000    0.0000
418     A         B          169           ILE        98.68         665  7  0  8.941  1.039  1.039   0.1538    0.0000    0.0000    0.0000
419     A         B          170           LYS        97.52         665  7  0  8.941  1.039  1.039   0.1509    0.0000    0.0000    0.0000
420     A         B          171           GLN        95.84         665  7  0  8.941  1.039  1.039   0.1467    0.0000    0.0000    0.0000
421     A         B          172           GLY        95.29         665  7  0  8.941  1.039  1.039   0.1412    0.0000    0.0000    0.0000
422     A         B          173           ASP        92.25         665  7  0  8.941  1.039  1.039   0.1412    0.0000    0.0000    0.0000
423     A         B          174           THR        97.84         665  7  0  8.941  1.039  1.039   0.1496    0.0000    0.0000    0.0000
424     A         B          175           LEU        98.42         665  7  0  8.941  1.039  1.039   0.1513    0.0000    0.0000    0.0000
425     A         B          176           TYR        98.82         665  7  0  8.941  1.039  1.039   0.1501    0.0000    0.0000    0.0000
426     A         B          177           PHE        98.94         665  7  0  8.941  1.039  1.039   0.1520    0.0000    0.0000    0.0000
427     A         B          178           PRO        98.95         665  7  0  8.941  1.039  1.039   0.1528    0.0000    0.0000    0.0000
428     A         B          179           ALA        98.92         665  7  0  8.941  1.039  1.039   0.1509    0.0000    0.0000    0.0000
429     A         B          180           VAL        98.66         665  7  0  8.941  1.039  1.039   0.1490    0.0000    0.0000    0.0000
430     A         B          181           GLY        98.85         665  7  0  8.941  1.039  1.039   0.1493    0.0000    0.0000    0.0000
431     A         B          182           PHE        98.51         665  7  0  8.941  1.039  1.039   0.1495    0.0000    0.0000    0.0000
432     A         B          183           LEU        98.31         665  7  0  8.941  1.039  1.039   0.1491    0.0000    0.0000    0.0000
433     A         B          184           VAL        97.48         665  7  0  8.941  1.039  1.039   0.1467    0.0000    0.0000    0.0000
434     A         B          185           ARG        94.65         665  7  0  8.941  1.039  1.039   0.1439    0.0000    0.0000    0.0000
435     A         B          186           THR        94.61         665  7  0  8.941  1.039  1.039   0.1457    0.0000    0.0000    0.0000
436     A         B          187           GLU        96.05         665  7  0  8.941  1.039  1.039   0.1467    0.0000    0.0000    0.0000
437     A         B          188           PHE        96.57         665  7  0  8.941  1.039  1.039   0.1424    0.0000    0.0000    0.0000
438     A         B          189           LYS        93.05         665  7  0  8.941  1.039  1.039   0.1358    0.0000    0.0000    0.0000
439     A         B          190           TYR        95.24         665  7  0  8.941  1.039  1.039   0.1373    0.0000    0.0000    0.0000
440     A         B          191           ASN        94.11         665  7  0  8.941  1.039  1.039   0.1337    0.0000    0.0000    0.0000
441     A         B          192           ASP        91.31         665  7  0  8.941  1.039  1.039   0.1348    0.0000    0.0000    0.0000
442     A         B          193           SER        92.70         665  7  0  8.941  1.039  1.039   0.1339    0.0000    0.0000    0.0000
443     A         B          194           ASN        92.78         665  7  0  8.941  1.039  1.039   0.1345    0.0000    0.0000    0.0000
444     A         B          195           CYS        94.45         665  7  0  8.941  1.039  1.039   0.1359    0.0000    0.0000    0.0000
445     A         B          196           PRO        89.79         665  7  0  8.941  1.039  1.039   0.1296    0.0000    0.0000    0.0000
446     A         B          197           ILE        90.91         665  7  0  8.941  1.039  1.039   0.1309    0.0000    0.0000    0.0000
447     A         B          198           THR        90.10         665  7  0  8.941  1.039  1.039   0.1236    0.0000    0.0000    0.0000
448     A         B          199           LYS        87.08         665  7  0  8.941  1.039  1.039   0.1269    0.0000    0.0000    0.0000
449     A         B          200           CYS        92.23         665  7  0  8.941  1.039  1.039   0.1365    0.0000    0.0000    0.0000
450     A         B          201           GLN        89.00         665  7  0  8.941  1.039  1.039   0.1296    0.0000    0.0000    0.0000
451     A         B          202           TYR        86.06         665  7  0  8.941  1.039  1.039   0.1334    0.0000    0.0000    0.0000
452     A         B          203           SER        92.46         665  7  0  8.941  1.039  1.039   0.1393    0.0000    0.0000    0.0000
453     A         B          204           LYS        92.75         665  7  0  8.941  1.039  1.039   0.1437    0.0000    0.0000    0.0000
454     A         B          205           PRO        94.67         665  7  0  8.941  1.039  1.039   0.1407    0.0000    0.0000    0.0000
455     A         B          206           GLU        92.65         665  7  0  8.941  1.039  1.039   0.1456    0.0000    0.0000    0.0000
456     A         B          207           ASN        94.06         665  7  0  8.941  1.039  1.039   0.1451    0.0000    0.0000    0.0000
457     A         B          208           CYS        95.77         665  7  0  8.941  1.039  1.039   0.1476    0.0000    0.0000    0.0000
458     A         B          209           ARG        94.77         665  7  0  8.941  1.039  1.039   0.1439    0.0000    0.0000    0.0000
459     A         B          210           LEU        92.51         665  7  0  8.941  1.039  1.039   0.1486    0.0000    0.0000    0.0000
460     A         B          211           SER        93.39         665  7  0  8.941  1.039  1.039   0.1477    0.0000    0.0000    0.0000
461     A         B          212           MET        95.54         665  7  0  8.941  1.039  1.039   0.1475    0.0000    0.0000    0.0000
462     A         B          213           GLY        93.38         665  7  0  8.941  1.039  1.039   0.1486    0.0000    0.0000    0.0000
463     A         B          214           ILE        87.85         665  7  0  8.941  1.039  1.039   0.1464    0.0000    0.0000    0.0000
464     A         B          215           ARG        81.42         665  7  0  8.941  1.039  1.039   0.1427    0.0000    0.0000    0.0000
465     A         B          216           PRO        84.40         665  7  0  8.941  1.039  1.039   0.1446    0.0000    0.0000    0.0000
466     A         B          217           ASN        84.77         665  7  0  8.941  1.039  1.039   0.1436    0.0000    0.0000    0.0000
467     A         B          218           SER        90.50         665  7  0  8.941  1.039  1.039   0.1453    0.0000    0.0000    0.0000
468     A         B          219           HIS        94.67         665  7  0  8.941  1.039  1.039   0.1466    0.0000    0.0000    0.0000
469     A         B          220           TYR        97.23         665  7  0  8.941  1.039  1.039   0.1463    0.0000    0.0000    0.0000
470     A         B          221           ILE        96.85         665  7  0  8.941  1.039  1.039   0.1492    0.0000    0.0000    0.0000
471     A         B          222           LEU        97.11         665  7  0  8.941  1.039  1.039   0.1494    0.0000    0.0000    0.0000
472     A         B          223           ARG        98.37         665  7  0  8.941  1.039  1.039   0.1489    0.0000    0.0000    0.0000
473     A         B          224           SER        98.52         665  7  0  8.941  1.039  1.039   0.1518    0.0000    0.0000    0.0000
474     A         B          225           GLY        98.88         665  7  0  8.941  1.039  1.039   0.1504    0.0000    0.0000    0.0000
475     A         B          226           LEU        98.85         665  7  0  8.941  1.039  1.039   0.1509    0.0000    0.0000    0.0000
476     A         B          227           LEU        98.84         665  7  0  8.941  1.039  1.039   0.1523    0.0000    0.0000    0.0000
477     A         B          228           LYS        98.27         665  7  0  8.941  1.039  1.039   0.1490    0.0000    0.0000    0.0000
478     A         B          229           TYR        97.46         665  7  0  8.941  1.039  1.039   0.1498    0.0000    0.0000    0.0000
479     A         B          230           ASN        95.40         665  7  0  8.941  1.039  1.039   0.1463    0.0000    0.0000    0.0000
480     A         B          231           LEU        93.16         665  7  0  8.941  1.039  1.039   0.1454    0.0000    0.0000    0.0000
481     A         B          232           SER        89.93         665  7  0  8.941  1.039  1.039   0.1384    0.0000    0.0000    0.0000
482     A         B          233           ASP        80.80         665  7  0  8.941  1.039  1.039   0.1310    0.0000    0.0000    0.0000
483     A         B          234           GLY        79.21         665  7  0  8.941  1.039  1.039   0.1151    0.0000    0.0000    0.0000
484     A         B          235           GLU        76.23         665  7  0  8.941  1.039  1.039   0.1209    0.0000    0.0000    0.0000
485     A         B          236           ASN        77.85         665  7  0  8.941  1.039  1.039   0.1240    0.0000    0.0000    0.0000
486     A         B          237           PRO        87.98         665  7  0  8.941  1.039  1.039   0.1355    0.0000    0.0000    0.0000
487     A         B          238           LYS        91.97         665  7  0  8.941  1.039  1.039   0.1417    0.0000    0.0000    0.0000
488     A         B          239           VAL        97.28         665  7  0  8.941  1.039  1.039   0.1470    0.0000    0.0000    0.0000
489     A         B          240           VAL        97.92         665  7  0  8.941  1.039  1.039   0.1475    0.0000    0.0000    0.0000
490     A         B          241           PHE        98.78         665  7  0  8.941  1.039  1.039   0.1501    0.0000    0.0000    0.0000
491     A         B          242           ILE        98.63         665  7  0  8.941  1.039  1.039   0.1487    0.0000    0.0000    0.0000
492     A         B          243           GLU        98.11         665  7  0  8.941  1.039  1.039   0.1491    0.0000    0.0000    0.0000
493     A         B          244           ILE        98.07         665  7  0  8.941  1.039  1.039   0.1474    0.0000    0.0000    0.0000
494     A         B          245           SER        94.90         665  7  0  8.941  1.039  1.039   0.1383    0.0000    0.0000    0.0000
495     A         B          246           ASP        91.15         665  7  0  8.941  1.039  1.039   0.1384    0.0000    0.0000    0.0000
496     A         B          247           GLN        92.92         665  7  0  8.941  1.039  1.039   0.1394    0.0000    0.0000    0.0000
497     A         B          248           ARG        92.56         665  7  0  8.941  1.039  1.039   0.1395    0.0000    0.0000    0.0000
498     A         B          249           LEU        95.41         665  7  0  8.941  1.039  1.039   0.1455    0.0000    0.0000    0.0000
499     A         B          250           SER        95.89         665  7  0  8.941  1.039  1.039   0.1493    0.0000    0.0000    0.0000
500     A         B          251           ILE        95.34         665  7  0  8.941  1.039  1.039   0.1497    0.0000    0.0000    0.0000
501     A         B          252           GLY        97.32         665  7  0  8.941  1.039  1.039   0.1473    0.0000    0.0000    0.0000
502     A         B          253           SER        96.68         665  7  0  8.941  1.039  1.039   0.1497    0.0000    0.0000    0.0000
503     A         B          254           PRO        97.59         665  7  0  8.941  1.039  1.039   0.1544    0.0000    0.0000    0.0000
504     A         B          255           SER        98.73         665  7  0  8.941  1.039  1.039   0.1542    0.0000    0.0000    0.0000
505     A         B          256           LYS        98.87         665  7  0  8.941  1.039  1.039   0.1522    0.0000    0.0000    0.0000
506     A         B          257           ILE        98.90         665  7  0  8.941  1.039  1.039   0.1538    0.0000    0.0000    0.0000
507     A         B          258           TYR        98.74         665  7  0  8.941  1.039  1.039   0.1486    0.0000    0.0000    0.0000
508     A         B          259           ASP        97.23         665  7  0  8.941  1.039  1.039   0.1492    0.0000    0.0000    0.0000
509     A         B          260           SER        97.84         665  7  0  8.941  1.039  1.039   0.1451    0.0000    0.0000    0.0000
510     A         B          261           LEU        95.27         665  7  0  8.941  1.039  1.039   0.1489    0.0000    0.0000    0.0000
511     A         B          262           GLY        96.45         665  7  0  8.941  1.039  1.039   0.1412    0.0000    0.0000    0.0000
512     A         B          263           GLN        96.52         665  7  0  8.941  1.039  1.039   0.1458    0.0000    0.0000    0.0000
513     A         B          264           PRO        98.31         665  7  0  8.941  1.039  1.039   0.1528    0.0000    0.0000    0.0000
514     A         B          265           VAL        98.75         665  7  0  8.941  1.039  1.039   0.1532    0.0000    0.0000    0.0000
515     A         B          266           PHE        98.84         665  7  0  8.941  1.039  1.039   0.1500    0.0000    0.0000    0.0000
516     A         B          267           TYR        98.91         665  7  0  8.941  1.039  1.039   0.1505    0.0000    0.0000    0.0000
517     A         B          268           GLN        98.63         665  7  0  8.941  1.039  1.039   0.1514    0.0000    0.0000    0.0000
518     A         B          269           ALA        97.35         665  7  0  8.941  1.039  1.039   0.1527    0.0000    0.0000    0.0000
519     A         B          270           SER        95.61         665  7  0  8.941  1.039  1.039   0.1510    0.0000    0.0000    0.0000
520     A         B          271           PHE        92.85         665  7  0  8.941  1.039  1.039   0.1513    0.0000    0.0000    0.0000
521     A         B          272           SER        93.08         665  7  0  8.941  1.039  1.039   0.1459    0.0000    0.0000    0.0000
522     A         B          273           TRP        93.70         665  7  0  8.941  1.039  1.039   0.1485    0.0000    0.0000    0.0000
523     A         B          274           ASP        95.70         665  7  0  8.941  1.039  1.039   0.1494    0.0000    0.0000    0.0000
524     A         B          275           THR        94.21         665  7  0  8.941  1.039  1.039   0.1517    0.0000    0.0000    0.0000
525     A         B          276           MET        96.75         665  7  0  8.941  1.039  1.039   0.1488    0.0000    0.0000    0.0000
526     A         B          277           ILE        98.64         665  7  0  8.941  1.039  1.039   0.1496    0.0000    0.0000    0.0000
527     A         B          278           LYS        98.25         665  7  0  8.941  1.039  1.039   0.1497    0.0000    0.0000    0.0000
528     A         B          279           PHE        98.75         665  7  0  8.941  1.039  1.039   0.1510    0.0000    0.0000    0.0000
529     A         B          280           GLY        98.54         665  7  0  8.941  1.039  1.039   0.1535    0.0000    0.0000    0.0000
530     A         B          281           ASP        97.59         665  7  0  8.941  1.039  1.039   0.1510    0.0000    0.0000    0.0000
531     A         B          282           VAL        98.33         665  7  0  8.941  1.039  1.039   0.1513    0.0000    0.0000    0.0000
532     A         B          283           LEU        96.50         665  7  0  8.941  1.039  1.039   0.1501    0.0000    0.0000    0.0000
533     A         B          284           THR        96.60         665  7  0  8.941  1.039  1.039   0.1440    0.0000    0.0000    0.0000
534     A         B          285           VAL        96.58         665  7  0  8.941  1.039  1.039   0.1472    0.0000    0.0000    0.0000
535     A         B          286           ASN        95.39         665  7  0  8.941  1.039  1.039   0.1425    0.0000    0.0000    0.0000
536     A         B          287           PRO        95.75         665  7  0  8.941  1.039  1.039   0.1431    0.0000    0.0000    0.0000
537     A         B          288           LEU        98.25         665  7  0  8.941  1.039  1.039   0.1475    0.0000    0.0000    0.0000
538     A         B          289           VAL        97.16         665  7  0  8.941  1.039  1.039   0.1470    0.0000    0.0000    0.0000
539     A         B          290           VAL        98.15         665  7  0  8.941  1.039  1.039   0.1495    0.0000    0.0000    0.0000
540     A         B          291           ASN        97.26         665  7  0  8.941  1.039  1.039   0.1475    0.0000    0.0000    0.0000
541     A         B          292           TRP        98.20         665  7  0  8.941  1.039  1.039   0.1486    0.0000    0.0000    0.0000
542     A         B          293           ARG        98.33         665  7  0  8.941  1.039  1.039   0.1475    0.0000    0.0000    0.0000
543     A         B          294           ASN        95.42         665  7  0  8.941  1.039  1.039   0.1429    0.0000    0.0000    0.0000
544     A         B          295           ASN        98.07         665  7  0  8.941  1.039  1.039   0.1467    0.0000    0.0000    0.0000
545     A         B          296           THR        96.22         665  7  0  8.941  1.039  1.039   0.1466    0.0000    0.0000    0.0000
546     A         B          297           VAL        97.66         665  7  0  8.941  1.039  1.039   0.1506    0.0000    0.0000    0.0000
547     A         B          298           ILE        98.41         665  7  0  8.941  1.039  1.039   0.1524    0.0000    0.0000    0.0000
548     A         B          299           SER        96.68         665  7  0  8.941  1.039  1.039   0.1534    0.0000    0.0000    0.0000
549     A         B          300           ARG        94.75         665  7  0  8.941  1.039  1.039   0.1546    0.0000    0.0000    0.0000
550     A         B          301           PRO        88.13         665  7  0  8.941  1.039  1.039   0.1550    0.0000    0.0000    0.0000
551     A         B          302           GLY        84.04         665  7  0  8.941  1.039  1.039   0.1516    0.0000    0.0000    0.0000
552     A         B          303           GLN        68.96         665  7  0  8.941  1.039  1.039   0.1498    0.0000    0.0000    0.0000
553     A         B          304           SER        62.33         665  7  0  8.941  1.039  1.039   0.1513    0.0000    0.0000    0.0000
554     A         B          305           GLN        74.76         665  7  0  8.941  1.039  1.039   0.1490    0.0000    0.0000    0.0000
555     A         B          306           CYS        87.57         665  7  0  8.941  1.039  1.039   0.1514    0.0000    0.0000    0.0000
556     A         B          307           PRO        84.09         665  7  0  8.941  1.039  1.039   0.1495    0.0000    0.0000    0.0000
557     A         B          308           ARG        90.83         665  7  0  8.941  1.039  1.039   0.1510    0.0000    0.0000    0.0000
558     A         B          309           PHE        92.25         665  7  0  8.941  1.039  1.039   0.1489    0.0000    0.0000    0.0000
559     A         B          310           ASN        89.51         665  7  0  8.941  1.039  1.039   0.1477    0.0000    0.0000    0.0000
560     A         B          311           THR        92.55         665  7  0  8.941  1.039  1.039   0.1460    0.0000    0.0000    0.0000
561     A         B          312           CYS        93.63         665  7  0  8.941  1.039  1.039   0.1460    0.0000    0.0000    0.0000
562     A         B          313           PRO        94.99         665  7  0  8.941  1.039  1.039   0.1472    0.0000    0.0000    0.0000
563     A         B          314           GLU        88.59         665  7  0  8.941  1.039  1.039   0.1470    0.0000    0.0000    0.0000
564     A         B          315           ILE        88.18         665  7  0  8.941  1.039  1.039   0.1468    0.0000    0.0000    0.0000
565     A         B          316           CYS        84.86         665  7  0  8.941  1.039  1.039   0.1489    0.0000    0.0000    0.0000
566     A         B          317           TRP        86.21         665  7  0  8.941  1.039  1.039   0.1481    0.0000    0.0000    0.0000
567     A         B          318           GLU        82.47         665  7  0  8.941  1.039  1.039   0.1519    0.0000    0.0000    0.0000
568     A         B          319           GLY        89.86         665  7  0  8.941  1.039  1.039   0.1505    0.0000    0.0000    0.0000
569     A         B          320           VAL        91.34         665  7  0  8.941  1.039  1.039   0.1510    0.0000    0.0000    0.0000
570     A         B          321           TYR        95.77         665  7  0  8.941  1.039  1.039   0.1454    0.0000    0.0000    0.0000
571     A         B          322           ASN        98.06         665  7  0  8.941  1.039  1.039   0.1500    0.0000    0.0000    0.0000
572     A         B          323           ASP        98.15         665  7  0  8.941  1.039  1.039   0.1541    0.0000    0.0000    0.0000
573     A         B          324           ALA        98.71         665  7  0  8.941  1.039  1.039   0.1517    0.0000    0.0000    0.0000
574     A         B          325           PHE        98.83         665  7  0  8.941  1.039  1.039   0.1520    0.0000    0.0000    0.0000
575     A         B          326           LEU        98.63         665  7  0  8.941  1.039  1.039   0.1505    0.0000    0.0000    0.0000
576     A         B          327           ILE        98.17         665  7  0  8.941  1.039  1.039   0.1530    0.0000    0.0000    0.0000
577     A         B          328           ASP        97.29         665  7  0  8.941  1.039  1.039   0.1519    0.0000    0.0000    0.0000
578     A         B          329           ARG        96.66         665  7  0  8.941  1.039  1.039   0.1442    0.0000    0.0000    0.0000
579     A         B          330           ILE        94.95         665  7  0  8.941  1.039  1.039   0.1455    0.0000    0.0000    0.0000
580     A         B          331           ASN        97.02         665  7  0  8.941  1.039  1.039   0.1484    0.0000    0.0000    0.0000
581     A         B          332           TRP        98.31         665  7  0  8.941  1.039  1.039   0.1491    0.0000    0.0000    0.0000
582     A         B          333           ILE        98.50         665  7  0  8.941  1.039  1.039   0.1532    0.0000    0.0000    0.0000
583     A         B          334           SER        98.81         665  7  0  8.941  1.039  1.039   0.1522    0.0000    0.0000    0.0000
584     A         B          335           ALA        98.80         665  7  0  8.941  1.039  1.039   0.1538    0.0000    0.0000    0.0000
585     A         B          336           GLY        98.93         665  7  0  8.941  1.039  1.039   0.1558    0.0000    0.0000    0.0000
586     A         B          337           VAL        98.74         665  7  0  8.941  1.039  1.039   0.1545    0.0000    0.0000    0.0000
587     A         B          338           PHE        98.46         665  7  0  8.941  1.039  1.039   0.1515    0.0000    0.0000    0.0000
588     A         B          339           LEU        94.43         665  7  0  8.941  1.039  1.039   0.1544    0.0000    0.0000    0.0000
589     A         B          340           ASP        93.20         665  7  0  8.941  1.039  1.039   0.1522    0.0000    0.0000    0.0000
590     A         B          341           SER        85.27         665  7  0  8.941  1.039  1.039   0.1522    0.0000    0.0000    0.0000
591     A         B          342           ASN        82.31         665  7  0  8.941  1.039  1.039   0.1507    0.0000    0.0000    0.0000
592     A         B          343           GLN        70.67         665  7  0  8.941  1.039  1.039   0.1518    0.0000    0.0000    0.0000
593     A         B          344           THR        75.83         665  7  0  8.941  1.039  1.039   0.1544    0.0000    0.0000    0.0000
594     A         B          345           ALA        84.26         665  7  0  8.941  1.039  1.039   0.1544    0.0000    0.0000    0.0000
595     A         B          346           GLU        82.33         665  7  0  8.941  1.039  1.039   0.1548    0.0000    0.0000    0.0000
596     A         B          347           ASN        91.31         665  7  0  8.941  1.039  1.039   0.1543    0.0000    0.0000    0.0000
597     A         B          348           PRO        95.89         665  7  0  8.941  1.039  1.039   0.1586    0.0000    0.0000    0.0000
598     A         B          349           VAL        97.89         665  7  0  8.941  1.039  1.039   0.1547    0.0000    0.0000    0.0000
599     A         B          350           PHE        98.70         665  7  0  8.941  1.039  1.039   0.1552    0.0000    0.0000    0.0000
600     A         B          351           THR        98.48         665  7  0  8.941  1.039  1.039   0.1527    0.0000    0.0000    0.0000
601     A         B          352           VAL        98.66         665  7  0  8.941  1.039  1.039   0.1542    0.0000    0.0000    0.0000
602     A         B          353           PHE        98.72         665  7  0  8.941  1.039  1.039   0.1507    0.0000    0.0000    0.0000
603     A         B          354           LYS        98.35         665  7  0  8.941  1.039  1.039   0.1488    0.0000    0.0000    0.0000
604     A         B          355           ASP        97.94         665  7  0  8.941  1.039  1.039   0.1478    0.0000    0.0000    0.0000
605     A         B          356           ASN        96.96         665  7  0  8.941  1.039  1.039   0.1415    0.0000    0.0000    0.0000
606     A         B          357           GLU        96.28         665  7  0  8.941  1.039  1.039   0.1449    0.0000    0.0000    0.0000
607     A         B          358           ILE        97.65         665  7  0  8.941  1.039  1.039   0.1481    0.0000    0.0000    0.0000
608     A         B          359           LEU        98.09         665  7  0  8.941  1.039  1.039   0.1493    0.0000    0.0000    0.0000
609     A         B          360           TYR        97.51         665  7  0  8.941  1.039  1.039   0.1490    0.0000    0.0000    0.0000
610     A         B          361           ARG        94.97         665  7  0  8.941  1.039  1.039   0.1441    0.0000    0.0000    0.0000
611     A         B          362           ALA        97.36         665  7  0  8.941  1.039  1.039   0.1528    0.0000    0.0000    0.0000
612     A         B          363           GLN        94.67         665  7  0  8.941  1.039  1.039   0.1487    0.0000    0.0000    0.0000
613     A         B          364           LEU        96.56         665  7  0  8.941  1.039  1.039   0.1529    0.0000    0.0000    0.0000
614     A         B          365           ALA        89.34         665  7  0  8.941  1.039  1.039   0.1505    0.0000    0.0000    0.0000
615     A         B          366           SER        84.50         665  7  0  8.941  1.039  1.039   0.1503    0.0000    0.0000    0.0000
616     A         B          367           GLU        83.95         665  7  0  8.941  1.039  1.039   0.1535    0.0000    0.0000    0.0000
617     A         B          368           ASP        73.72         665  7  0  8.941  1.039  1.039   0.1533    0.0000    0.0000    0.0000
618     A         B          369           THR        83.79         665  7  0  8.941  1.039  1.039   0.1539    0.0000    0.0000    0.0000
619     A         B          370           ASN        76.74         665  7  0  8.941  1.039  1.039   0.1526    0.0000    0.0000    0.0000
620     A         B          371           ALA        89.89         665  7  0  8.941  1.039  1.039   0.1551    0.0000    0.0000    0.0000
621     A         B          372           GLN        86.68         665  7  0  8.941  1.039  1.039   0.1527    0.0000    0.0000    0.0000
622     A         B          373           LYS        92.26         665  7  0  8.941  1.039  1.039   0.1527    0.0000    0.0000    0.0000
623     A         B          374           THR        97.97         665  7  0  8.941  1.039  1.039   0.1561    0.0000    0.0000    0.0000
624     A         B          375           ILE        98.59         665  7  0  8.941  1.039  1.039   0.1541    0.0000    0.0000    0.0000
625     A         B          376           THR        98.88         665  7  0  8.941  1.039  1.039   0.1550    0.0000    0.0000    0.0000
626     A         B          377           ASN        98.52         665  7  0  8.941  1.039  1.039   0.1525    0.0000    0.0000    0.0000
627     A         B          378           CYS        98.51         665  7  0  8.941  1.039  1.039   0.1541    0.0000    0.0000    0.0000
628     A         B          379           PHE        97.43         665  7  0  8.941  1.039  1.039   0.1521    0.0000    0.0000    0.0000
629     A         B          380           LEU        96.04         665  7  0  8.941  1.039  1.039   0.1478    0.0000    0.0000    0.0000
630     A         B          381           LEU        94.04         665  7  0  8.941  1.039  1.039   0.1476    0.0000    0.0000    0.0000
631     A         B          382           LYS        90.43         665  7  0  8.941  1.039  1.039   0.1434    0.0000    0.0000    0.0000
632     A         B          383           ASN        93.78         665  7  0  8.941  1.039  1.039   0.1394    0.0000    0.0000    0.0000
633     A         B          384           LYS        94.72         665  7  0  8.941  1.039  1.039   0.1488    0.0000    0.0000    0.0000
634     A         B          385           ILE        97.53         665  7  0  8.941  1.039  1.039   0.1521    0.0000    0.0000    0.0000
635     A         B          386           TRP        97.20         665  7  0  8.941  1.039  1.039   0.1537    0.0000    0.0000    0.0000
636     A         B          387           CYS        98.50         665  7  0  8.941  1.039  1.039   0.1543    0.0000    0.0000    0.0000
637     A         B          388           ILE        96.82         665  7  0  8.941  1.039  1.039   0.1549    0.0000    0.0000    0.0000
638     A         B          389           SER        98.25         665  7  0  8.941  1.039  1.039   0.1535    0.0000    0.0000    0.0000
639     A         B          390           LEU        96.05         665  7  0  8.941  1.039  1.039   0.1545    0.0000    0.0000    0.0000
640     A         B          391           VAL        95.76         665  7  0  8.941  1.039  1.039   0.1555    0.0000    0.0000    0.0000
641     A         B          392           GLU        89.23         665  7  0  8.941  1.039  1.039   0.1572    0.0000    0.0000    0.0000
642     A         B          393           ILE        88.40         665  7  0  8.941  1.039  1.039   0.1536    0.0000    0.0000    0.0000
643     A         B          394           TYR        71.08         665  7  0  8.941  1.039  1.039   0.1516    0.0000    0.0000    0.0000
644     A         B          395           ASP        63.91         665  7  0  8.941  1.039  1.039   0.1485    0.0000    0.0000    0.0000
645     A         B          396           THR        54.50         665  7  0  8.941  1.039  1.039   0.1438    0.0000    0.0000    0.0000
646     A         B          397           GLY        57.64         665  7  0  8.941  1.039  1.039   0.1436    0.0000    0.0000    0.0000
647     A         B          398           ASP        56.66         665  7  0  8.941  1.039  1.039   0.1472    0.0000    0.0000    0.0000
648     A         B          399           ASN        56.63         665  7  0  8.941  1.039  1.039   0.1478    0.0000    0.0000    0.0000
649     A         B          400           VAL        66.21         665  7  0  8.941  1.039  1.039   0.1477    0.0000    0.0000    0.0000
650     A         B          401           ILE        70.62         665  7  0  8.941  1.039  1.039   0.1507    0.0000    0.0000    0.0000
651     A         B          402           ARG        79.94         665  7  0  8.941  1.039  1.039   0.1500    0.0000    0.0000    0.0000
652     A         B          403           PRO        88.78         665  7  0  8.941  1.039  1.039   0.1542    0.0000    0.0000    0.0000
653     A         B          404           LYS        90.05         665  7  0  8.941  1.039  1.039   0.1522    0.0000    0.0000    0.0000
654     A         B          405           LEU        92.87         665  7  0  8.941  1.039  1.039   0.1534    0.0000    0.0000    0.0000
655     A         B          406           PHE        96.64         665  7  0  8.941  1.039  1.039   0.1515    0.0000    0.0000    0.0000
656     A         B          407           ALA        95.30         665  7  0  8.941  1.039  1.039   0.1544    0.0000    0.0000    0.0000
657     A         B          408           VAL        98.07         665  7  0  8.941  1.039  1.039   0.1516    0.0000    0.0000    0.0000
658     A         B          409           LYS        96.69         665  7  0  8.941  1.039  1.039   0.1497    0.0000    0.0000    0.0000
659     A         B          410           ILE        97.98         665  7  0  8.941  1.039  1.039   0.1517    0.0000    0.0000    0.0000
660     A         B          411           PRO        95.50         665  7  0  8.941  1.039  1.039   0.1450    0.0000    0.0000    0.0000
661     A         B          412           GLU        91.28         665  7  0  8.941  1.039  1.039   0.1338    0.0000    0.0000    0.0000
662     A         B          413           GLN        89.79         665  7  0  8.941  1.039  1.039   0.1175    0.0000    0.0000    0.0000
663     A         B          414           CYS        91.96         665  7  0  8.941  1.039  1.039   0.1168    0.0000    0.0000    0.0000
664     A         B          415           THR        80.90         665  7  0  8.941  1.039  1.039   0.0959    0.0000    0.0000    0.0000
665     A         B          416           HIS        63.45         665  7  0  8.941  1.039  1.039   0.0865    0.0000    0.0000    0.0000
1       B         A            1           SER        69.65         665  136  0  8.941  4.333  1.039   0.1070    0.0000    0.0000    0.0000
2       B         A            2           ILE        81.99         665  136  0  8.941  4.333  1.039   0.1487    0.0000    0.0000    0.0000
3       B         A            3           THR        92.72         665  136  0  8.941  4.333  1.039   0.1552    0.0000    0.0000    0.0000
4       B         A            4           LEU        96.22         665  136  4  8.941  4.333  1.039   0.1625    0.2705    0.0801    0.0050
5       B         A            5           VAL        95.86         665  136  4  8.941  4.333  1.039   0.1630    0.2687    0.0795    0.0049
6       B         A            6           GLN        96.86         665  136  2  8.941  4.333  1.039   0.1605    0.2662    0.0785    0.0049
7       B         A            7           SER        94.84         665  136  1  8.941  4.333  1.039   0.1619    0.2696    0.0798    0.0050
8       B         A            8           GLY        97.24         665  136  0  8.941  4.333  1.039   0.1590    0.0000    0.0000    0.0000
9       B         A            9           ASP        94.27         665  136  0  8.941  4.333  1.039   0.1563    0.0000    0.0000    0.0000
10      B         A           10           VAL        93.81         665  136  0  8.941  4.333  1.039   0.1549    0.0000    0.0000    0.0000
11      B         A           11           THR        93.13         665  136  0  8.941  4.333  1.039   0.1574    0.0000    0.0000    0.0000
12      B         A           12           VAL        92.15         665  136  0  8.941  4.333  1.039   0.1508    0.0000    0.0000    0.0000
13      B         A           13           ALA        90.91         665  136  0  8.941  4.333  1.039   0.1544    0.0000    0.0000    0.0000
14      B         A           14           PRO        88.36         665  136  0  8.941  4.333  1.039   0.1554    0.0000    0.0000    0.0000
15      B         A           15           GLY        91.00         665  136  0  8.941  4.333  1.039   0.1563    0.0000    0.0000    0.0000
16      B         A           16           GLY        93.87         665  136  0  8.941  4.333  1.039   0.1604    0.0000    0.0000    0.0000
17      B         A           17           SER        96.31         665  136  0  8.941  4.333  1.039   0.1604    0.0000    0.0000    0.0000
18      B         A           18           VAL        96.59         665  136  4  8.941  4.333  1.039   0.1656    0.2677    0.0791    0.0049
19      B         A           19           THR        97.29         665  136  7  8.941  4.333  1.039   0.1666    0.2718    0.0806    0.0050
20      B         A           20           LEU        98.39         665  136  7  8.941  4.333  1.039   0.1661    0.2711    0.0804    0.0050
21      B         A           21           THR        97.17         665  136  7  8.941  4.333  1.039   0.1646    0.2720    0.0807    0.0050
22      B         A           22           CYS        96.65         665  136  5  8.941  4.333  1.039   0.1648    0.2714    0.0805    0.0050
23      B         A           23           THR        94.59         665  136  4  8.941  4.333  1.039   0.1609    0.2684    0.0793    0.0049
24      B         A           24           SER        86.57         665  136  1  8.941  4.333  1.039   0.1538    0.2646    0.0779    0.0048
25      B         A           25           SER        82.79         665  136  0  8.941  4.333  1.039   0.1501    0.0000    0.0000    0.0000
26      B         A           26           GLY        76.75         665  136  0  8.941  4.333  1.039   0.1512    0.0000    0.0000    0.0000
27      B         A           27           GLY        71.37         665  136  0  8.941  4.333  1.039   0.1479    0.0000    0.0000    0.0000
28      B         A           28           SER        64.34         665  136  0  8.941  4.333  1.039   0.1496    0.0000    0.0000    0.0000
29      B         A           29           PHE        77.79         665  136  0  8.941  4.333  1.039   0.1484    0.0000    0.0000    0.0000
30      B         A           30           GLY        61.33         665  136  0  8.941  4.333  1.039   0.1455    0.0000    0.0000    0.0000
31      B         A           31           ASN        56.37         665  136  0  8.941  4.333  1.039   0.1496    0.0000    0.0000    0.0000
32      B         A           32           LYS        75.30         665  136  0  8.941  4.333  1.039   0.1554    0.0000    0.0000    0.0000
33      B         A           33           ALA        87.67         665  136  7  8.941  4.333  1.039   0.1617    0.2762    0.0823    0.0051
34      B         A           34           VAL        93.51         665  136  7  8.941  4.333  1.039   0.1608    0.2733    0.0812    0.0051
35      B         A           35           ALA        96.60         665  136  6  8.941  4.333  1.039   0.1632    0.2711    0.0804    0.0050
36      B         A           36           TRP        98.02         665  136  9  8.941  4.333  1.039   0.1678    0.2739    0.0814    0.0051
37      B         A           37           VAL        96.02         665  136  2  8.941  4.333  1.039   0.1619    0.2664    0.0786    0.0049
38      B         A           38           ARG        93.18         665  136  6  8.941  4.333  1.039   0.1631    0.2635    0.0775    0.0048
39      B         A           39           GLN        91.39         665  136  1  8.941  4.333  1.039   0.1612    0.2629    0.0773    0.0048
40      B         A           40           ARG        85.10         665  136  0  8.941  4.333  1.039   0.1547    0.0000    0.0000    0.0000
41      B         A           41           PRO        76.73         665  136  0  8.941  4.333  1.039   0.1425    0.0000    0.0000    0.0000
42      B         A           42           GLY        75.43         665  136  0  8.941  4.333  1.039   0.1323    0.0000    0.0000    0.0000
43      B         A           43           GLY        75.78         665  136  0  8.941  4.333  1.039   0.1422    0.0000    0.0000    0.0000
44      B         A           44           PRO        80.05         665  136  0  8.941  4.333  1.039   0.1535    0.0000    0.0000    0.0000
45      B         A           45           TYR        92.15         665  136  0  8.941  4.333  1.039   0.1579    0.0000    0.0000    0.0000
46      B         A           46           GLU        89.27         665  136  0  8.941  4.333  1.039   0.1601    0.0000    0.0000    0.0000
47      B         A           47           TRP        92.89         665  136  1  8.941  4.333  1.039   0.1617    0.2627    0.0772    0.0048
48      B         A           48           LEU        95.13         665  136  2  8.941  4.333  1.039   0.1631    0.2639    0.0777    0.0048
49      B         A           49           GLY        94.87         665  136  7  8.941  4.333  1.039   0.1627    0.2699    0.0799    0.0050
50      B         A           50           PHE        93.90         665  136  11  8.941  4.333  1.039   0.1656    0.2767    0.0825    0.0051
51      B         A           51           ILE        90.34         665  136  10  8.941  4.333  1.039   0.1635    0.2774    0.0827    0.0052
52      B         A           52           ILE        75.50         665  136  11  8.941  4.333  1.039   0.1664    0.2880    0.0869    0.0054
53      B         A           53           PRO        73.89         665  136  4  8.941  4.333  1.039   0.1568    0.2693    0.0797    0.0050
54      B         A           54           ALA        60.38         665  136  2  8.941  4.333  1.039   0.1586    0.2734    0.0812    0.0051
55      B         A           55           TYR        56.97         665  136  5  8.941  4.333  1.039   0.1600    0.2716    0.0806    0.0050
56      B         A           56           GLY        64.02         665  136  4  8.941  4.333  1.039   0.1563    0.2734    0.0812    0.0051
57      B         A           57           VAL        69.17         665  136  8  8.941  4.333  1.039   0.1635    0.2785    0.0832    0.0052
58      B         A           58           SER        84.77         665  136  5  8.941  4.333  1.039   0.1602    0.2731    0.0811    0.0050
59      B         A           59           ARG        85.23         665  136  7  8.941  4.333  1.039   0.1614    0.2732    0.0811    0.0051
60      B         A           60           TYR        91.43         665  136  7  8.941  4.333  1.039   0.1644    0.2709    0.0803    0.0050
61      B         A           61           ASN        90.66         665  136  2  8.941  4.333  1.039   0.1617    0.2630    0.0773    0.0048
62      B         A           62           PRO        82.51         665  136  2  8.941  4.333  1.039   0.1613    0.2650    0.0780    0.0048
63      B         A           63           ALA        84.50         665  136  0  8.941  4.333  1.039   0.1614    0.0000    0.0000    0.0000
64      B         A           64           TYR        89.06         665  136  0  8.941  4.333  1.039   0.1572    0.0000    0.0000    0.0000
65      B         A           65           GLU        82.34         665  136  0  8.941  4.333  1.039   0.1475    0.0000    0.0000    0.0000
66      B         A           66           GLY        90.36         665  136  0  8.941  4.333  1.039   0.1521    0.0000    0.0000    0.0000
67      B         A           67           ARG        92.10         665  136  0  8.941  4.333  1.039   0.1585    0.0000    0.0000    0.0000
68      B         A           68           VAL        93.33         665  136  7  8.941  4.333  1.039   0.1633    0.2672    0.0789    0.0049
69      B         A           69           THR        96.04         665  136  7  8.941  4.333  1.039   0.1633    0.2760    0.0822    0.0051
70      B         A           70           ILE        95.91         665  136  7  8.941  4.333  1.039   0.1627    0.2742    0.0815    0.0051
71      B         A           71           SER        91.00         665  136  7  8.941  4.333  1.039   0.1618    0.2746    0.0817    0.0051
72      B         A           72           VAL        82.12         665  136  8  8.941  4.333  1.039   0.1606    0.2707    0.0802    0.0050
73      B         A           73           ASP        79.07         665  136  0  8.941  4.333  1.039   0.1534    0.0000    0.0000    0.0000
74      B         A           74           SER        58.41         665  136  0  8.941  4.333  1.039   0.1479    0.0000    0.0000    0.0000
75      B         A           75           ALA        64.32         665  136  2  8.941  4.333  1.039   0.1569    0.2687    0.0794    0.0049
76      B         A           76           SER        77.38         665  136  0  8.941  4.333  1.039   0.1531    0.0000    0.0000    0.0000
77      B         A           77           ASN        77.31         665  136  1  8.941  4.333  1.039   0.1527    0.2628    0.0772    0.0048
78      B         A           78           THR        92.17         665  136  3  8.941  4.333  1.039   0.1584    0.2692    0.0796    0.0049
79      B         A           79           ALA        94.91         665  136  6  8.941  4.333  1.039   0.1601    0.2711    0.0804    0.0050
80      B         A           80           SER        96.53         665  136  9  8.941  4.333  1.039   0.1647    0.2763    0.0823    0.0051
81      B         A           81           LEU        98.49         665  136  8  8.941  4.333  1.039   0.1657    0.2722    0.0808    0.0050
82      B         A           82           THR        97.78         665  136  8  8.941  4.333  1.039   0.1678    0.2763    0.0823    0.0051
83      B         A           83           ILE        95.97         665  136  6  8.941  4.333  1.039   0.1656    0.2674    0.0790    0.0049
84      B         A           84           SER        94.85         665  136  7  8.941  4.333  1.039   0.1637    0.2683    0.0793    0.0049
85      B         A           85           ASN        91.34         665  136  0  8.941  4.333  1.039   0.1617    0.0000    0.0000    0.0000
86      B         A           86           LEU        92.72         665  136  0  8.941  4.333  1.039   0.1603    0.0000    0.0000    0.0000
87      B         A           87           THR        87.25         665  136  0  8.941  4.333  1.039   0.1566    0.0000    0.0000    0.0000
88      B         A           88           ALA        83.81         665  136  0  8.941  4.333  1.039   0.1554    0.0000    0.0000    0.0000
89      B         A           89           ALA        85.10         665  136  0  8.941  4.333  1.039   0.1584    0.0000    0.0000    0.0000
90      B         A           90           ASP        91.54         665  136  0  8.941  4.333  1.039   0.1574    0.0000    0.0000    0.0000
91      B         A           91           THR        91.28         665  136  0  8.941  4.333  1.039   0.1598    0.0000    0.0000    0.0000
92      B         A           92           ALA        92.29         665  136  0  8.941  4.333  1.039   0.1616    0.0000    0.0000    0.0000
93      B         A           93           THR        94.71         665  136  4  8.941  4.333  1.039   0.1638    0.2669    0.0788    0.0049
94      B         A           94           TYR        97.80         665  136  4  8.941  4.333  1.039   0.1656    0.2646    0.0779    0.0048
95      B         A           95           TYR        97.47         665  136  5  8.941  4.333  1.039   0.1651    0.2666    0.0787    0.0049
96      B         A           96           CYS        96.72         665  136  7  8.941  4.333  1.039   0.1652    0.2692    0.0796    0.0049
97      B         A           97           ALA        96.87         665  136  2  8.941  4.333  1.039   0.1630    0.2666    0.0787    0.0049
98      B         A           98           LEU        91.37         665  136  4  8.941  4.333  1.039   0.1594    0.2656    0.0783    0.0049
99      B         A           99           GLY        89.71         665  136  0  8.941  4.333  1.039   0.1576    0.0000    0.0000    0.0000
100     B         A          100           GLU        70.92         665  136  0  8.941  4.333  1.039   0.1558    0.0000    0.0000    0.0000
101     B         A          101           GLY        71.80         665  136  0  8.941  4.333  1.039   0.1524    0.0000    0.0000    0.0000
102     B         A          102           GLU        60.82         665  136  0  8.941  4.333  1.039   0.1554    0.0000    0.0000    0.0000
103     B         A          103           ILE        46.96         665  136  0  8.941  4.333  1.039   0.1600    0.0000    0.0000    0.0000
104     B         A          104           VAL        50.79         665  136  1  8.941  4.333  1.039   0.1620    0.2639    0.0777    0.0048
105     B         A          105           TYR        35.17         665  136  0  8.941  4.333  1.039   0.1567    0.0000    0.0000    0.0000
106     B         A          106           ALA        31.82         665  136  1  8.941  4.333  1.039   0.1511    0.2644    0.0779    0.0048
107     B         A          107           ALA        27.54         665  136  0  8.941  4.333  1.039   0.1473    0.0000    0.0000    0.0000
108     B         A          108           SER        27.99         665  136  0  8.941  4.333  1.039   0.1508    0.0000    0.0000    0.0000
109     B         A          109           PRO        24.07         665  136  0  8.941  4.333  1.039   0.1484    0.0000    0.0000    0.0000
110     B         A          110           PHE        29.10         665  136  1  8.941  4.333  1.039   0.1529    0.2622    0.0770    0.0048
111     B         A          111           ASP        38.39         665  136  0  8.941  4.333  1.039   0.1541    0.0000    0.0000    0.0000
112     B         A          112           GLU        43.33         665  136  1  8.941  4.333  1.039   0.1562    0.2749    0.0818    0.0051
113     B         A          113           ASN        56.13         665  136  1  8.941  4.333  1.039   0.1596    0.2675    0.0790    0.0049
114     B         A          114           TYR        70.70         665  136  5  8.941  4.333  1.039   0.1622    0.2659    0.0784    0.0049
115     B         A          115           LYS        76.36         665  136  1  8.941  4.333  1.039   0.1612    0.2630    0.0773    0.0048
116     B         A          116           LEU        89.66         665  136  2  8.941  4.333  1.039   0.1646    0.2693    0.0797    0.0050
117     B         A          117           GLY        85.42         665  136  0  8.941  4.333  1.039   0.1541    0.0000    0.0000    0.0000
118     B         A          118           ALA        91.42         665  136  0  8.941  4.333  1.039   0.1551    0.0000    0.0000    0.0000
119     B         A          119           LEU        95.73         665  136  0  8.941  4.333  1.039   0.1591    0.0000    0.0000    0.0000
120     B         A          120           TYR        88.61         665  136  1  8.941  4.333  1.039   0.1561    0.2633    0.0774    0.0048
121     B         A          121           ILE        92.13         665  136  1  8.941  4.333  1.039   0.1601    0.2653    0.0782    0.0049
122     B         A          122           TRP        97.35         665  136  1  8.941  4.333  1.039   0.1630    0.2651    0.0781    0.0048
123     B         A          123           GLY        97.50         665  136  3  8.941  4.333  1.039   0.1638    0.2681    0.0792    0.0049
124     B         A          124           GLN        96.22         665  136  5  8.941  4.333  1.039   0.1630    0.2687    0.0795    0.0049
125     B         A          125           GLY        97.02         665  136  1  8.941  4.333  1.039   0.1601    0.2641    0.0777    0.0048
126     B         A          126           THR        97.96         665  136  5  8.941  4.333  1.039   0.1631    0.2664    0.0786    0.0049
127     B         A          127           LYS        95.26         665  136  0  8.941  4.333  1.039   0.1621    0.0000    0.0000    0.0000
128     B         A          128           VAL        96.03         665  136  0  8.941  4.333  1.039   0.1614    0.0000    0.0000    0.0000
129     B         A          129           THR        92.76         665  136  0  8.941  4.333  1.039   0.1594    0.0000    0.0000    0.0000
130     B         A          130           VAL        91.13         665  136  0  8.941  4.333  1.039   0.1539    0.0000    0.0000    0.0000
131     B         A          131           SER        80.07         665  136  0  8.941  4.333  1.039   0.1250    0.0000    0.0000    0.0000
132     B         A          132           GLY        71.50         665  136  0  8.941  4.333  1.039   0.0932    0.0000    0.0000    0.0000
133     B         A          133           GLY        51.87         665  136  0  8.941  4.333  1.039   0.0829    0.0000    0.0000    0.0000
134     B         A          134           GLY        53.53         665  136  0  8.941  4.333  1.039   0.0827    0.0000    0.0000    0.0000
135     B         A          135           SER        47.56         665  136  0  8.941  4.333  1.039   0.0838    0.0000    0.0000    0.0000
136     B         A          136           GLY        49.56         665  136  0  8.941  4.333  1.039   0.0843    0.0000    0.0000    0.0000
137     B         A          137           GLY        48.79         665  136  0  8.941  4.333  1.039   0.0853    0.0000    0.0000    0.0000
138     B         A          138           GLY        47.12         665  136  0  8.941  4.333  1.039   0.0869    0.0000    0.0000    0.0000
139     B         A          139           SER        48.56         665  136  0  8.941  4.333  1.039   0.0878    0.0000    0.0000    0.0000
140     B         A          140           GLY        49.94         665  136  0  8.941  4.333  1.039   0.0876    0.0000    0.0000    0.0000
141     B         A          141           GLY        46.82         665  136  0  8.941  4.333  1.039   0.0881    0.0000    0.0000    0.0000
142     B         A          142           GLY        52.86         665  136  0  8.941  4.333  1.039   0.0915    0.0000    0.0000    0.0000
143     B         A          143           SER        58.28         665  136  0  8.941  4.333  1.039   0.1007    0.0000    0.0000    0.0000
144     B         A          144           ILE        79.71         665  136  0  8.941  4.333  1.039   0.1383    0.0000    0.0000    0.0000
145     B         A          145           THR        86.67         665  136  0  8.941  4.333  1.039   0.1535    0.0000    0.0000    0.0000
146     B         A          146           LEU        93.23         665  136  0  8.941  4.333  1.039   0.1582    0.0000    0.0000    0.0000
147     B         A          147           THR        95.07         665  136  0  8.941  4.333  1.039   0.1607    0.0000    0.0000    0.0000
148     B         A          148           GLN        96.70         665  136  0  8.941  4.333  1.039   0.1546    0.0000    0.0000    0.0000
149     B         A          149           SER        96.36         665  136  0  8.941  4.333  1.039   0.1515    0.0000    0.0000    0.0000
150     B         A          150           PRO        95.17         665  136  0  8.941  4.333  1.039   0.1498    0.0000    0.0000    0.0000
151     B         A          151           SER        92.24         665  136  0  8.941  4.333  1.039   0.1476    0.0000    0.0000    0.0000
152     B         A          152           SER        92.82         665  136  0  8.941  4.333  1.039   0.1486    0.0000    0.0000    0.0000
153     B         A          153           PRO        95.05         665  136  0  8.941  4.333  1.039   0.1483    0.0000    0.0000    0.0000
154     B         A          154           SER        95.65         665  136  0  8.941  4.333  1.039   0.1523    0.0000    0.0000    0.0000
155     B         A          155           LEU        96.74         665  136  0  8.941  4.333  1.039   0.1550    0.0000    0.0000    0.0000
156     B         A          156           SER        96.71         665  136  0  8.941  4.333  1.039   0.1541    0.0000    0.0000    0.0000
157     B         A          157           VAL        96.60         665  136  0  8.941  4.333  1.039   0.1601    0.0000    0.0000    0.0000
158     B         A          158           GLY        97.59         665  136  0  8.941  4.333  1.039   0.1579    0.0000    0.0000    0.0000
159     B         A          159           GLU        96.43         665  136  0  8.941  4.333  1.039   0.1589    0.0000    0.0000    0.0000
160     B         A          160           THR        97.60         665  136  2  8.941  4.333  1.039   0.1611    0.2641    0.0778    0.0048
161     B         A          161           ALA        98.06         665  136  2  8.941  4.333  1.039   0.1611    0.2665    0.0786    0.0049
162     B         A          162           THR        97.64         665  136  2  8.941  4.333  1.039   0.1606    0.2640    0.0777    0.0048
163     B         A          163           LEU        98.50         665  136  2  8.941  4.333  1.039   0.1603    0.2702    0.0800    0.0050
164     B         A          164           THR        98.24         665  136  1  8.941  4.333  1.039   0.1605    0.2632    0.0774    0.0048
165     B         A          165           CYS        97.86         665  136  2  8.941  4.333  1.039   0.1606    0.2654    0.0782    0.0049
166     B         A          166           THR        97.67         665  136  2  8.941  4.333  1.039   0.1616    0.2666    0.0787    0.0049
167     B         A          167           ALA        94.62         665  136  3  8.941  4.333  1.039   0.1600    0.2668    0.0787    0.0049
168     B         A          168           SER        89.60         665  136  0  8.941  4.333  1.039   0.1578    0.0000    0.0000    0.0000
169     B         A          169           ALA        85.62         665  136  3  8.941  4.333  1.039   0.1615    0.2669    0.0788    0.0049
170     B         A          170           PRO        84.90         665  136  4  8.941  4.333  1.039   0.1607    0.2695    0.0797    0.0050
171     B         A          171           VAL        86.40         665  136  1  8.941  4.333  1.039   0.1586    0.2639    0.0777    0.0048
172     B         A          172           PRO        76.72         665  136  0  8.941  4.333  1.039   0.1550    0.0000    0.0000    0.0000
173     B         A          173           LYS        78.94         665  136  0  8.941  4.333  1.039   0.1515    0.0000    0.0000    0.0000
174     B         A          174           SER        73.27         665  136  0  8.941  4.333  1.039   0.1513    0.0000    0.0000    0.0000
175     B         A          175           ASN        87.77         665  136  0  8.941  4.333  1.039   0.1546    0.0000    0.0000    0.0000
176     B         A          176           VAL        95.54         665  136  3  8.941  4.333  1.039   0.1603    0.2663    0.0785    0.0049
177     B         A          177           ALA        96.09         665  136  2  8.941  4.333  1.039   0.1585    0.2682    0.0793    0.0049
178     B         A          178           TRP        98.68         665  136  7  8.941  4.333  1.039   0.1631    0.2714    0.0804    0.0050
179     B         A          179           TYR        97.65         665  136  7  8.941  4.333  1.039   0.1633    0.2722    0.0807    0.0050
180     B         A          180           LYS        97.98         665  136  7  8.941  4.333  1.039   0.1644    0.2732    0.0811    0.0050
181     B         A          181           GLN        94.34         665  136  2  8.941  4.333  1.039   0.1621    0.2686    0.0794    0.0049
182     B         A          182           LEU        93.40         665  136  4  8.941  4.333  1.039   0.1630    0.2703    0.0800    0.0050
183     B         A          183           PRO        87.18         665  136  0  8.941  4.333  1.039   0.1530    0.0000    0.0000    0.0000
184     B         A          184           GLY        87.51         665  136  0  8.941  4.333  1.039   0.1533    0.0000    0.0000    0.0000
185     B         A          185           GLN        91.96         665  136  0  8.941  4.333  1.039   0.1582    0.0000    0.0000    0.0000
186     B         A          186           PRO        92.16         665  136  0  8.941  4.333  1.039   0.1576    0.0000    0.0000    0.0000
187     B         A          187           PRO        93.44         665  136  0  8.941  4.333  1.039   0.1574    0.0000    0.0000    0.0000
188     B         A          188           GLU        94.21         665  136  1  8.941  4.333  1.039   0.1596    0.2700    0.0799    0.0050
189     B         A          189           LEU        96.23         665  136  4  8.941  4.333  1.039   0.1599    0.2669    0.0788    0.0049
190     B         A          190           LEU        97.87         665  136  5  8.941  4.333  1.039   0.1604    0.2683    0.0793    0.0049
191     B         A          191           ILE        96.87         665  136  7  8.941  4.333  1.039   0.1618    0.2717    0.0806    0.0050
192     B         A          192           TYR        90.71         665  136  3  8.941  4.333  1.039   0.1590    0.2715    0.0805    0.0050
193     B         A          193           GLY        86.51         665  136  0  8.941  4.333  1.039   0.1554    0.0000    0.0000    0.0000
194     B         A          194           GLY        92.44         665  136  2  8.941  4.333  1.039   0.1562    0.2661    0.0785    0.0049
195     B         A          195           SER        89.90         665  136  1  8.941  4.333  1.039   0.1529    0.2636    0.0776    0.0048
196     B         A          196           THR        84.08         665  136  1  8.941  4.333  1.039   0.1558    0.2643    0.0778    0.0048
197     B         A          197           ARG        91.99         665  136  1  8.941  4.333  1.039   0.1525    0.2630    0.0773    0.0048
198     B         A          198           ALA        91.37         665  136  1  8.941  4.333  1.039   0.1562    0.2691    0.0796    0.0049
199     B         A          199           SER        82.06         665  136  0  8.941  4.333  1.039   0.1527    0.0000    0.0000    0.0000
200     B         A          200           GLY        91.18         665  136  1  8.941  4.333  1.039   0.1562    0.2684    0.0793    0.0049
201     B         A          201           VAL        96.05         665  136  2  8.941  4.333  1.039   0.1581    0.2651    0.0781    0.0048
202     B         A          202           PRO        96.21         665  136  0  8.941  4.333  1.039   0.1563    0.0000    0.0000    0.0000
203     B         A          203           SER        94.81         665  136  1  8.941  4.333  1.039   0.1560    0.2649    0.0780    0.0048
204     B         A          204           ARG        96.96         665  136  0  8.941  4.333  1.039   0.1565    0.0000    0.0000    0.0000
205     B         A          205           TYR        98.39         665  136  3  8.941  4.333  1.039   0.1574    0.2676    0.0791    0.0049
206     B         A          206           SER        96.83         665  136  2  8.941  4.333  1.039   0.1571    0.2715    0.0805    0.0050
207     B         A          207           GLY        97.35         665  136  2  8.941  4.333  1.039   0.1546    0.2658    0.0784    0.0049
208     B         A          208           SER        96.32         665  136  0  8.941  4.333  1.039   0.1539    0.0000    0.0000    0.0000
209     B         A          209           GLY        95.54         665  136  0  8.941  4.333  1.039   0.1442    0.0000    0.0000    0.0000
210     B         A          210           SER        88.57         665  136  0  8.941  4.333  1.039   0.1479    0.0000    0.0000    0.0000
211     B         A          211           GLY        91.97         665  136  0  8.941  4.333  1.039   0.1517    0.0000    0.0000    0.0000
212     B         A          212           THR        94.40         665  136  2  8.941  4.333  1.039   0.1583    0.2648    0.0780    0.0048
213     B         A          213           THR        96.43         665  136  2  8.941  4.333  1.039   0.1600    0.2661    0.0785    0.0049
214     B         A          214           PHE        97.61         665  136  4  8.941  4.333  1.039   0.1598    0.2681    0.0792    0.0049
215     B         A          215           THR        97.77         665  136  2  8.941  4.333  1.039   0.1587    0.2638    0.0776    0.0048
216     B         A          216           LEU        98.72         665  136  4  8.941  4.333  1.039   0.1605    0.2709    0.0803    0.0050
217     B         A          217           THR        98.43         665  136  4  8.941  4.333  1.039   0.1608    0.2674    0.0789    0.0049
218     B         A          218           ILE        98.27         665  136  4  8.941  4.333  1.039   0.1603    0.2685    0.0794    0.0049
219     B         A          219           SER        96.99         665  136  0  8.941  4.333  1.039   0.1563    0.0000    0.0000    0.0000
220     B         A          220           SER        97.19         665  136  0  8.941  4.333  1.039   0.1558    0.0000    0.0000    0.0000
221     B         A          221           LEU        97.60         665  136  0  8.941  4.333  1.039   0.1574    0.0000    0.0000    0.0000
222     B         A          222           THR        96.69         665  136  0  8.941  4.333  1.039   0.1573    0.0000    0.0000    0.0000
223     B         A          223           ALA        94.34         665  136  0  8.941  4.333  1.039   0.1549    0.0000    0.0000    0.0000
224     B         A          224           ASP        92.12         665  136  0  8.941  4.333  1.039   0.1493    0.0000    0.0000    0.0000
225     B         A          225           ASP        97.38         665  136  0  8.941  4.333  1.039   0.1551    0.0000    0.0000    0.0000
226     B         A          226           PHE        96.81         665  136  0  8.941  4.333  1.039   0.1582    0.0000    0.0000    0.0000
227     B         A          227           ALA        95.97         665  136  0  8.941  4.333  1.039   0.1548    0.0000    0.0000    0.0000
228     B         A          228           THR        95.18         665  136  5  8.941  4.333  1.039   0.1640    0.2666    0.0787    0.0049
229     B         A          229           TYR        98.45         665  136  7  8.941  4.333  1.039   0.1634    0.2720    0.0807    0.0050
230     B         A          230           TYR        96.95         665  136  7  8.941  4.333  1.039   0.1644    0.2698    0.0798    0.0050
231     B         A          231           CYS        97.54         665  136  7  8.941  4.333  1.039   0.1634    0.2710    0.0803    0.0050
232     B         A          232           GLN        96.17         665  136  2  8.941  4.333  1.039   0.1575    0.2635    0.0775    0.0048
233     B         A          233           VAL        93.45         665  136  5  8.941  4.333  1.039   0.1624    0.2666    0.0787    0.0049
234     B         A          234           TYR        91.46         665  136  2  8.941  4.333  1.039   0.1586    0.2647    0.0779    0.0048
235     B         A          235           GLY        86.41         665  136  0  8.941  4.333  1.039   0.1552    0.0000    0.0000    0.0000
236     B         A          236           GLU        78.07         665  136  0  8.941  4.333  1.039   0.1589    0.0000    0.0000    0.0000
237     B         A          237           ASN        82.74         665  136  1  8.941  4.333  1.039   0.1586    0.2646    0.0779    0.0048
238     B         A          238           PRO        90.83         665  136  3  8.941  4.333  1.039   0.1588    0.2648    0.0780    0.0048
239     B         A          239           SER        90.01         665  136  5  8.941  4.333  1.039   0.1607    0.2643    0.0778    0.0048
240     B         A          240           PHE        94.07         665  136  0  8.941  4.333  1.039   0.1612    0.0000    0.0000    0.0000
241     B         A          241           GLY        94.74         665  136  5  8.941  4.333  1.039   0.1614    0.2648    0.0780    0.0048
242     B         A          242           GLU        89.36         665  136  0  8.941  4.333  1.039   0.1527    0.0000    0.0000    0.0000
243     B         A          243           GLY        95.48         665  136  0  8.941  4.333  1.039   0.1545    0.0000    0.0000    0.0000
244     B         A          244           THR        97.68         665  136  6  8.941  4.333  1.039   0.1629    0.2659    0.0784    0.0049
245     B         A          245           THR        95.39         665  136  0  8.941  4.333  1.039   0.1606    0.0000    0.0000    0.0000
246     B         A          246           LEU        97.19         665  136  0  8.941  4.333  1.039   0.1548    0.0000    0.0000    0.0000
247     B         A          247           THR        94.72         665  136  0  8.941  4.333  1.039   0.1504    0.0000    0.0000    0.0000
248     B         A          248           LEU        94.38         665  136  0  8.941  4.333  1.039   0.1479    0.0000    0.0000    0.0000
249     B         A          249           LYS        81.23         665  136  0  8.941  4.333  1.039   0.1143    0.0000    0.0000    0.0000
