i,AlignChn,ScoredChain,AlignResNum,AlignResType,AlignRespLDDT,n0chn,n0dom,n0res,d0chn,d0dom,d0res,ipTM_pae,ipSAE_d0chn,ipSAE_d0dom,ipSAE 
247     A         B            1           ILE        91.05         662  548  0  8.925  8.254  1.039   0.1906    0.0000    0.0000    0.0000
248     A         B            2           CYS        93.62         662  548  1  8.925  8.254  1.039   0.2092    0.2627    0.2336    0.0048
249     A         B            3           LEU        90.92         662  548  1  8.925  8.254  1.039   0.2115    0.2630    0.2339    0.0048
250     A         B            4           GLN        93.08         662  548  2  8.925  8.254  1.039   0.2122    0.2662    0.2368    0.0049
251     A         B            5           LYS        94.85         662  548  2  8.925  8.254  1.039   0.2126    0.2670    0.2375    0.0049
252     A         B            6           THR        94.24         662  548  1  8.925  8.254  1.039   0.2011    0.2634    0.2342    0.0048
253     A         B            7           SER        90.23         662  548  0  8.925  8.254  1.039   0.1764    0.0000    0.0000    0.0000
254     A         B            8           ASN        90.16         662  548  0  8.925  8.254  1.039   0.1622    0.0000    0.0000    0.0000
255     A         B            9           GLN        90.78         662  548  0  8.925  8.254  1.039   0.1595    0.0000    0.0000    0.0000
256     A         B           10           ILE        94.18         662  548  0  8.925  8.254  1.039   0.1797    0.0000    0.0000    0.0000
257     A         B           11           LEU        96.95         662  548  18  8.925  8.254  1.039   0.2190    0.2727    0.2428    0.0051
258     A         B           12           LYS        93.82         662  548  3  8.925  8.254  1.039   0.2123    0.2676    0.2381    0.0049
259     A         B           13           PRO        96.04         662  548  13  8.925  8.254  1.039   0.2210    0.2729    0.2430    0.0051
260     A         B           14           LYS        90.30         662  548  29  8.925  8.254  1.189   0.2299    0.2739    0.2439    0.0066
261     A         B           15           LEU        86.07         662  548  49  8.925  8.254  2.217   0.2388    0.2758    0.2457    0.0230
262     A         B           16           ILE        83.79         662  548  49  8.925  8.254  2.217   0.2382    0.2773    0.2471    0.0231
263     A         B           17           SER        61.33         662  548  5  8.925  8.254  1.039   0.2080    0.2684    0.2389    0.0049
264     A         B           18           TYR        56.73         662  548  0  8.925  8.254  1.039   0.1919    0.0000    0.0000    0.0000
265     A         B           19           THR        58.52         662  548  3  8.925  8.254  1.039   0.2039    0.2727    0.2428    0.0051
266     A         B           20           LEU        64.47         662  548  4  8.925  8.254  1.039   0.2151    0.2772    0.2470    0.0052
267     A         B           21           PRO        54.22         662  548  3  8.925  8.254  1.039   0.2002    0.2721    0.2423    0.0050
268     A         B           22           VAL        57.41         662  548  0  8.925  8.254  1.039   0.1906    0.0000    0.0000    0.0000
269     A         B           23           VAL        57.98         662  548  0  8.925  8.254  1.039   0.1871    0.0000    0.0000    0.0000
270     A         B           24           GLY        60.22         662  548  0  8.925  8.254  1.039   0.1669    0.0000    0.0000    0.0000
271     A         B           25           GLN        61.02         662  548  0  8.925  8.254  1.039   0.1625    0.0000    0.0000    0.0000
272     A         B           26           SER        65.73         662  548  0  8.925  8.254  1.039   0.1588    0.0000    0.0000    0.0000
273     A         B           27           GLY        74.16         662  548  0  8.925  8.254  1.039   0.1627    0.0000    0.0000    0.0000
274     A         B           28           THR        79.14         662  548  3  8.925  8.254  1.039   0.1973    0.2709    0.2411    0.0050
275     A         B           29           CYS        80.04         662  548  14  8.925  8.254  1.039   0.2143    0.2749    0.2449    0.0051
276     A         B           30           ILE        85.71         662  548  62  8.925  8.254  2.675   0.2407    0.2775    0.2473    0.0334
277     A         B           31           THR        86.18         662  548  47  8.925  8.254  2.137   0.2385    0.2784    0.2481    0.0217
278     A         B           32           ASP        92.63         662  548  97  8.925  8.254  3.587   0.2526    0.2782    0.2479    0.0587
279     A         B           33           PRO        93.35         662  548  146  8.925  8.254  4.498   0.2658    0.2863    0.2555    0.0926
280     A         B           34           LEU        96.38         662  548  139  8.925  8.254  4.383   0.2645    0.2858    0.2551    0.0882
281     A         B           35           LEU        96.55         662  548  166  8.925  8.254  4.803   0.2709    0.2882    0.2573    0.1051
282     A         B           36           ALA        98.28         662  548  136  8.925  8.254  4.333   0.2633    0.2851    0.2544    0.0861
283     A         B           37           MET        96.39         662  548  110  8.925  8.254  3.858   0.2586    0.2874    0.2565    0.0702
284     A         B           38           ASP        95.27         662  548  107  8.925  8.254  3.798   0.2566    0.2854    0.2547    0.0676
285     A         B           39           GLU        93.03         662  548  131  8.925  8.254  4.247   0.2617    0.2853    0.2546    0.0831
286     A         B           40           GLY        93.77         662  548  110  8.925  8.254  3.858   0.2555    0.2833    0.2527    0.0689
287     A         B           41           TYR        96.23         662  548  117  8.925  8.254  3.994   0.2602    0.2875    0.2566    0.0749
288     A         B           42           PHE        95.70         662  548  142  8.925  8.254  4.433   0.2666    0.2889    0.2579    0.0913
289     A         B           43           ALA        97.76         662  548  129  8.925  8.254  4.213   0.2609    0.2842    0.2535    0.0814
290     A         B           44           TYR        93.59         662  548  141  8.925  8.254  4.416   0.2638    0.2854    0.2547    0.0892
291     A         B           45           SER        95.91         662  548  121  8.925  8.254  4.068   0.2581    0.2828    0.2523    0.0759
292     A         B           46           HIS        91.68         662  548  136  8.925  8.254  4.333   0.2616    0.2835    0.2529    0.0854
293     A         B           47           LEU        91.72         662  548  104  8.925  8.254  3.736   0.2530    0.2808    0.2503    0.0641
294     A         B           48           GLU        86.06         662  548  41  8.925  8.254  1.873   0.2361    0.2783    0.2480    0.0167
295     A         B           49           ARG        83.91         662  548  7  8.925  8.254  1.039   0.2101    0.2774    0.2472    0.0052
296     A         B           50           ILE        81.82         662  548  3  8.925  8.254  1.039   0.1983    0.2700    0.2403    0.0050
297     A         B           51           GLY        76.93         662  548  0  8.925  8.254  1.039   0.1651    0.0000    0.0000    0.0000
298     A         B           52           SER        73.49         662  548  0  8.925  8.254  1.039   0.1688    0.0000    0.0000    0.0000
299     A         B           53           CYS        74.02         662  548  0  8.925  8.254  1.039   0.1774    0.0000    0.0000    0.0000
300     A         B           54           SER        69.45         662  548  0  8.925  8.254  1.039   0.1589    0.0000    0.0000    0.0000
301     A         B           55           ARG        72.48         662  548  0  8.925  8.254  1.039   0.1483    0.0000    0.0000    0.0000
302     A         B           56           GLY        78.50         662  548  0  8.925  8.254  1.039   0.1543    0.0000    0.0000    0.0000
303     A         B           57           VAL        83.52         662  548  0  8.925  8.254  1.039   0.1749    0.0000    0.0000    0.0000
304     A         B           58           SER        85.16         662  548  0  8.925  8.254  1.039   0.1790    0.0000    0.0000    0.0000
305     A         B           59           LYS        85.34         662  548  2  8.925  8.254  1.039   0.1942    0.2679    0.2384    0.0049
306     A         B           60           GLN        85.61         662  548  10  8.925  8.254  1.039   0.2155    0.2780    0.2478    0.0052
307     A         B           61           ARG        92.62         662  548  37  8.925  8.254  1.675   0.2351    0.2782    0.2479    0.0134
308     A         B           62           ILE        89.39         662  548  47  8.925  8.254  2.137   0.2398    0.2790    0.2487    0.0217
309     A         B           63           ILE        96.01         662  548  108  8.925  8.254  3.818   0.2564    0.2820    0.2515    0.0671
310     A         B           64           GLY        92.67         662  548  94  8.925  8.254  3.521   0.2516    0.2822    0.2517    0.0578
311     A         B           65           VAL        94.35         662  548  115  8.925  8.254  3.956   0.2576    0.2831    0.2525    0.0721
312     A         B           66           GLY        91.14         662  548  92  8.925  8.254  3.475   0.2512    0.2846    0.2539    0.0570
313     A         B           67           GLU        85.67         662  548  98  8.925  8.254  3.609   0.2538    0.2845    0.2538    0.0611
314     A         B           68           VAL        92.38         662  548  94  8.925  8.254  3.521   0.2526    0.2837    0.2530    0.0581
315     A         B           69           LEU        82.20         662  548  23  8.925  8.254  1.039   0.2235    0.2795    0.2491    0.0052
316     A         B           70           ASP        81.72         662  548  22  8.925  8.254  1.039   0.2173    0.2740    0.2441    0.0051
317     A         B           71           ARG        70.92         662  548  4  8.925  8.254  1.039   0.1862    0.2736    0.2437    0.0051
318     A         B           72           GLY        73.65         662  548  0  8.925  8.254  1.039   0.1712    0.0000    0.0000    0.0000
319     A         B           73           ASP        76.63         662  548  0  8.925  8.254  1.039   0.1784    0.0000    0.0000    0.0000
320     A         B           74           GLU        85.81         662  548  11  8.925  8.254  1.039   0.2089    0.2721    0.2422    0.0050
321     A         B           75           VAL        89.00         662  548  34  8.925  8.254  1.509   0.2317    0.2847    0.2540    0.0113
322     A         B           76           PRO        92.66         662  548  74  8.925  8.254  3.027   0.2447    0.2848    0.2541    0.0439
323     A         B           77           SER        84.98         662  548  54  8.925  8.254  2.405   0.2384    0.2826    0.2520    0.0279
324     A         B           78           LEU        88.32         662  548  119  8.925  8.254  4.031   0.2598    0.2853    0.2545    0.0754
325     A         B           79           PHE        83.39         662  548  105  8.925  8.254  3.757   0.2542    0.2807    0.2503    0.0648
326     A         B           80           MET        84.49         662  548  65  8.925  8.254  2.768   0.2432    0.2799    0.2496    0.0361
327     A         B           81           THR        85.48         662  548  48  8.925  8.254  2.177   0.2404    0.2789    0.2486    0.0225
328     A         B           82           ASN        87.96         662  548  48  8.925  8.254  2.177   0.2387    0.2777    0.2475    0.0224
329     A         B           83           VAL        86.27         662  548  48  8.925  8.254  2.177   0.2411    0.2777    0.2475    0.0224
330     A         B           84           TRP        91.94         662  548  48  8.925  8.254  2.177   0.2403    0.2783    0.2480    0.0225
331     A         B           85           THR        88.75         662  548  24  8.925  8.254  1.039   0.2264    0.2740    0.2440    0.0051
332     A         B           86           PRO        93.23         662  548  16  8.925  8.254  1.039   0.2203    0.2752    0.2451    0.0051
333     A         B           87           PRO        90.00         662  548  3  8.925  8.254  1.039   0.2029    0.2812    0.2507    0.0053
334     A         B           88           ASN        91.25         662  548  3  8.925  8.254  1.039   0.1976    0.2658    0.2364    0.0049
335     A         B           89           PRO        90.04         662  548  0  8.925  8.254  1.039   0.1909    0.0000    0.0000    0.0000
336     A         B           90           ASN        90.27         662  548  3  8.925  8.254  1.039   0.1982    0.2632    0.2340    0.0048
337     A         B           91           THR        94.53         662  548  19  8.925  8.254  1.039   0.2229    0.2757    0.2456    0.0051
338     A         B           92           VAL        96.35         662  548  55  8.925  8.254  2.441   0.2414    0.2776    0.2474    0.0280
339     A         B           93           TYR        96.42         662  548  54  8.925  8.254  2.405   0.2431    0.2802    0.2498    0.0275
340     A         B           94           HIS        97.70         662  548  130  8.925  8.254  4.230   0.2613    0.2832    0.2526    0.0816
341     A         B           95           CYS        98.15         662  548  122  8.925  8.254  4.087   0.2584    0.2829    0.2523    0.0765
342     A         B           96           SER        98.81         662  548  119  8.925  8.254  4.031   0.2590    0.2850    0.2543    0.0753
343     A         B           97           ALA        98.74         662  548  124  8.925  8.254  4.123   0.2597    0.2841    0.2534    0.0782
344     A         B           98           VAL        98.72         662  548  96  8.925  8.254  3.565   0.2532    0.2829    0.2523    0.0593
345     A         B           99           TYR        97.74         662  548  140  8.925  8.254  4.400   0.2654    0.2879    0.2570    0.0897
346     A         B          100           ASN        95.85         662  548  81  8.925  8.254  3.211   0.2487    0.2843    0.2537    0.0490
347     A         B          101           ASN        89.77         662  548  43  8.925  8.254  1.965   0.2360    0.2786    0.2483    0.0184
348     A         B          102           GLU        89.36         662  548  51  8.925  8.254  2.294   0.2412    0.2817    0.2512    0.0253
349     A         B          103           PHE        94.58         662  548  103  8.925  8.254  3.715   0.2542    0.2829    0.2524    0.0641
350     A         B          104           TYR        97.75         662  548  104  8.925  8.254  3.736   0.2544    0.2814    0.2510    0.0643
351     A         B          105           TYR        97.71         662  548  125  8.925  8.254  4.141   0.2596    0.2832    0.2526    0.0785
352     A         B          106           VAL        98.41         662  548  94  8.925  8.254  3.521   0.2537    0.2805    0.2501    0.0573
353     A         B          107           LEU        98.68         662  548  118  8.925  8.254  4.013   0.2589    0.2838    0.2531    0.0742
354     A         B          108           CYS        98.18         662  548  113  8.925  8.254  3.917   0.2564    0.2824    0.2518    0.0706
355     A         B          109           ALA        98.24         662  548  120  8.925  8.254  4.050   0.2573    0.2810    0.2506    0.0746
356     A         B          110           VAL        96.85         662  548  83  8.925  8.254  3.261   0.2489    0.2787    0.2484    0.0491
357     A         B          111           SER        96.62         662  548  45  8.925  8.254  2.053   0.2385    0.2806    0.2502    0.0203
358     A         B          112           THR        92.74         662  548  7  8.925  8.254  1.039   0.2147    0.2755    0.2455    0.0051
359     A         B          113           VAL        92.08         662  548  3  8.925  8.254  1.039   0.2111    0.2743    0.2443    0.0051
360     A         B          114           GLY        92.43         662  548  29  8.925  8.254  1.189   0.2282    0.2757    0.2456    0.0067
361     A         B          115           ASP        93.75         662  548  51  8.925  8.254  2.294   0.2407    0.2786    0.2483    0.0249
362     A         B          116           PRO        97.61         662  548  28  8.925  8.254  1.116   0.2314    0.2766    0.2465    0.0059
363     A         B          117           ILE        96.66         662  548  66  8.925  8.254  2.798   0.2453    0.2785    0.2482    0.0366
364     A         B          118           LEU        93.30         662  548  38  8.925  8.254  1.726   0.2371    0.2793    0.2490    0.0143
365     A         B          119           ASN        93.84         662  548  4  8.925  8.254  1.039   0.2146    0.2774    0.2472    0.0052
366     A         B          120           SER        95.87         662  548  8  8.925  8.254  1.039   0.2134    0.2745    0.2445    0.0051
367     A         B          121           THR        93.60         662  548  5  8.925  8.254  1.039   0.2139    0.2709    0.2411    0.0050
368     A         B          122           TYR        93.52         662  548  6  8.925  8.254  1.039   0.2147    0.2705    0.2408    0.0050
369     A         B          123           TRP        97.42         662  548  19  8.925  8.254  1.039   0.2287    0.2747    0.2447    0.0051
370     A         B          124           SER        95.05         662  548  4  8.925  8.254  1.039   0.2077    0.2700    0.2403    0.0050
371     A         B          125           GLY        97.49         662  548  24  8.925  8.254  1.039   0.2259    0.2763    0.2462    0.0052
372     A         B          126           SER        96.04         662  548  29  8.925  8.254  1.189   0.2295    0.2759    0.2458    0.0067
373     A         B          127           LEU        97.92         662  548  85  8.925  8.254  3.310   0.2483    0.2798    0.2495    0.0508
374     A         B          128           MET        95.69         662  548  34  8.925  8.254  1.509   0.2343    0.2789    0.2486    0.0109
375     A         B          129           MET        96.46         662  548  80  8.925  8.254  3.186   0.2484    0.2808    0.2504    0.0475
376     A         B          130           THR        96.02         662  548  83  8.925  8.254  3.261   0.2491    0.2792    0.2488    0.0492
377     A         B          131           ARG        93.90         662  548  86  8.925  8.254  3.335   0.2481    0.2768    0.2467    0.0508
378     A         B          132           LEU        94.90         662  548  102  8.925  8.254  3.694   0.2546    0.2817    0.2512    0.0630
379     A         B          133           ALA        91.29         662  548  109  8.925  8.254  3.838   0.2553    0.2814    0.2509    0.0676
380     A         B          134           VAL        92.18         662  548  76  8.925  8.254  3.081   0.2473    0.2811    0.2506    0.0446
381     A         B          135           LYS        83.53         662  548  13  8.925  8.254  1.039   0.2179    0.2762    0.2461    0.0052
382     A         B          136           PRO        79.03         662  548  5  8.925  8.254  1.039   0.2034    0.2786    0.2483    0.0052
383     A         B          137           LYS        73.76         662  548  0  8.925  8.254  1.039   0.1824    0.0000    0.0000    0.0000
384     A         B          138           SER        63.30         662  548  0  8.925  8.254  1.039   0.1596    0.0000    0.0000    0.0000
385     A         B          139           ASN        64.94         662  548  0  8.925  8.254  1.039   0.1357    0.0000    0.0000    0.0000
386     A         B          140           GLY        65.68         662  548  0  8.925  8.254  1.039   0.1375    0.0000    0.0000    0.0000
387     A         B          141           GLY        64.85         662  548  0  8.925  8.254  1.039   0.1508    0.0000    0.0000    0.0000
388     A         B          142           GLY        68.71         662  548  0  8.925  8.254  1.039   0.1729    0.0000    0.0000    0.0000
389     A         B          143           TYR        72.01         662  548  0  8.925  8.254  1.039   0.1870    0.0000    0.0000    0.0000
390     A         B          144           ASN        84.21         662  548  3  8.925  8.254  1.039   0.2047    0.2749    0.2449    0.0051
391     A         B          145           GLN        84.15         662  548  11  8.925  8.254  1.039   0.2164    0.2718    0.2420    0.0050
392     A         B          146           HIS        88.09         662  548  20  8.925  8.254  1.039   0.2289    0.2739    0.2439    0.0051
393     A         B          147           GLN        89.16         662  548  15  8.925  8.254  1.039   0.2249    0.2742    0.2443    0.0051
394     A         B          148           LEU        92.14         662  548  22  8.925  8.254  1.039   0.2280    0.2760    0.2459    0.0051
395     A         B          149           ALA        86.26         662  548  3  8.925  8.254  1.039   0.2044    0.2635    0.2343    0.0048
396     A         B          150           LEU        93.26         662  548  12  8.925  8.254  1.039   0.2152    0.2714    0.2416    0.0050
397     A         B          151           ARG        87.82         662  548  2  8.925  8.254  1.039   0.1985    0.2656    0.2363    0.0049
398     A         B          152           SER        91.36         662  548  5  8.925  8.254  1.039   0.2048    0.2682    0.2387    0.0049
399     A         B          153           ILE        96.83         662  548  38  8.925  8.254  1.726   0.2341    0.2760    0.2459    0.0141
400     A         B          154           GLU        96.51         662  548  38  8.925  8.254  1.726   0.2387    0.2766    0.2464    0.0141
401     A         B          155           LYS        97.15         662  548  18  8.925  8.254  1.039   0.2236    0.2781    0.2478    0.0052
402     A         B          156           GLY        97.23         662  548  14  8.925  8.254  1.039   0.2221    0.2718    0.2420    0.0050
403     A         B          157           ARG        95.35         662  548  7  8.925  8.254  1.039   0.2172    0.2690    0.2394    0.0050
404     A         B          158           TYR        98.69         662  548  68  8.925  8.254  2.858   0.2447    0.2781    0.2478    0.0380
405     A         B          159           ASP        97.48         662  548  39  8.925  8.254  1.777   0.2364    0.2728    0.2430    0.0147
406     A         B          160           LYS        98.39         662  548  42  8.925  8.254  1.920   0.2373    0.2798    0.2495    0.0177
407     A         B          161           VAL        98.75         662  548  97  8.925  8.254  3.587   0.2532    0.2821    0.2516    0.0598
408     A         B          162           MET        98.11         662  548  59  8.925  8.254  2.578   0.2401    0.2787    0.2484    0.0313
409     A         B          163           PRO        98.80         662  548  103  8.925  8.254  3.715   0.2533    0.2813    0.2509    0.0636
410     A         B          164           TYR        98.64         662  548  102  8.925  8.254  3.694   0.2549    0.2812    0.2507    0.0629
411     A         B          165           GLY        98.67         662  548  72  8.925  8.254  2.972   0.2427    0.2804    0.2500    0.0415
412     A         B          166           PRO        97.93         662  548  85  8.925  8.254  3.310   0.2500    0.2846    0.2539    0.0520
413     A         B          167           SER        98.09         662  548  97  8.925  8.254  3.587   0.2532    0.2860    0.2552    0.0609
414     A         B          168           GLY        98.80         662  548  84  8.925  8.254  3.286   0.2492    0.2870    0.2562    0.0519
415     A         B          169           ILE        98.04         662  548  115  8.925  8.254  3.956   0.2608    0.2879    0.2570    0.0737
416     A         B          170           LYS        96.03         662  548  113  8.925  8.254  3.917   0.2607    0.2914    0.2602    0.0736
417     A         B          171           GLN        92.96         662  548  98  8.925  8.254  3.609   0.2543    0.2866    0.2557    0.0617
418     A         B          172           GLY        91.26         662  548  68  8.925  8.254  2.858   0.2435    0.2840    0.2533    0.0391
419     A         B          173           ASP        90.26         662  548  38  8.925  8.254  1.726   0.2335    0.2787    0.2484    0.0143
420     A         B          174           THR        96.81         662  548  83  8.925  8.254  3.261   0.2497    0.2837    0.2531    0.0503
421     A         B          175           LEU        98.21         662  548  105  8.925  8.254  3.757   0.2579    0.2875    0.2566    0.0669
422     A         B          176           TYR        98.62         662  548  124  8.925  8.254  4.123   0.2605    0.2850    0.2543    0.0785
423     A         B          177           PHE        98.92         662  548  108  8.925  8.254  3.818   0.2572    0.2836    0.2530    0.0676
424     A         B          178           PRO        98.92         662  548  114  8.925  8.254  3.936   0.2585    0.2851    0.2544    0.0721
425     A         B          179           ALA        98.88         662  548  106  8.925  8.254  3.777   0.2556    0.2818    0.2513    0.0658
426     A         B          180           VAL        98.79         662  548  119  8.925  8.254  4.031   0.2588    0.2829    0.2523    0.0746
427     A         B          181           GLY        98.84         662  548  83  8.925  8.254  3.261   0.2491    0.2796    0.2493    0.0493
428     A         B          182           PHE        98.66         662  548  106  8.925  8.254  3.777   0.2539    0.2799    0.2495    0.0652
429     A         B          183           LEU        98.27         662  548  68  8.925  8.254  2.858   0.2455    0.2777    0.2475    0.0380
430     A         B          184           VAL        97.56         662  548  27  8.925  8.254  1.039   0.2317    0.2735    0.2435    0.0051
431     A         B          185           ARG        95.01         662  548  5  8.925  8.254  1.039   0.2122    0.2680    0.2385    0.0049
432     A         B          186           THR        94.88         662  548  0  8.925  8.254  1.039   0.2000    0.0000    0.0000    0.0000
433     A         B          187           GLU        95.71         662  548  3  8.925  8.254  1.039   0.2121    0.2624    0.2333    0.0048
434     A         B          188           PHE        96.56         662  548  3  8.925  8.254  1.039   0.2083    0.2662    0.2368    0.0049
435     A         B          189           LYS        92.37         662  548  0  8.925  8.254  1.039   0.1863    0.0000    0.0000    0.0000
436     A         B          190           TYR        94.97         662  548  0  8.925  8.254  1.039   0.1900    0.0000    0.0000    0.0000
437     A         B          191           ASN        93.38         662  548  0  8.925  8.254  1.039   0.1800    0.0000    0.0000    0.0000
438     A         B          192           ASP        91.34         662  548  0  8.925  8.254  1.039   0.1826    0.0000    0.0000    0.0000
439     A         B          193           SER        92.91         662  548  0  8.925  8.254  1.039   0.1783    0.0000    0.0000    0.0000
440     A         B          194           ASN        92.90         662  548  0  8.925  8.254  1.039   0.1847    0.0000    0.0000    0.0000
441     A         B          195           CYS        94.69         662  548  0  8.925  8.254  1.039   0.1931    0.0000    0.0000    0.0000
442     A         B          196           PRO        89.68         662  548  0  8.925  8.254  1.039   0.1839    0.0000    0.0000    0.0000
443     A         B          197           ILE        91.80         662  548  0  8.925  8.254  1.039   0.1860    0.0000    0.0000    0.0000
444     A         B          198           THR        89.20         662  548  0  8.925  8.254  1.039   0.1646    0.0000    0.0000    0.0000
445     A         B          199           LYS        86.75         662  548  0  8.925  8.254  1.039   0.1638    0.0000    0.0000    0.0000
446     A         B          200           CYS        92.35         662  548  0  8.925  8.254  1.039   0.1869    0.0000    0.0000    0.0000
447     A         B          201           GLN        85.95         662  548  0  8.925  8.254  1.039   0.1725    0.0000    0.0000    0.0000
448     A         B          202           TYR        86.14         662  548  0  8.925  8.254  1.039   0.1764    0.0000    0.0000    0.0000
449     A         B          203           SER        92.88         662  548  0  8.925  8.254  1.039   0.1894    0.0000    0.0000    0.0000
450     A         B          204           LYS        92.96         662  548  0  8.925  8.254  1.039   0.1958    0.0000    0.0000    0.0000
451     A         B          205           PRO        94.77         662  548  0  8.925  8.254  1.039   0.1952    0.0000    0.0000    0.0000
452     A         B          206           GLU        93.57         662  548  0  8.925  8.254  1.039   0.1978    0.0000    0.0000    0.0000
453     A         B          207           ASN        95.34         662  548  7  8.925  8.254  1.039   0.2199    0.2708    0.2410    0.0050
454     A         B          208           CYS        96.08         662  548  17  8.925  8.254  1.039   0.2261    0.2725    0.2426    0.0051
455     A         B          209           ARG        95.80         662  548  8  8.925  8.254  1.039   0.2184    0.2709    0.2412    0.0050
456     A         B          210           LEU        95.24         662  548  12  8.925  8.254  1.039   0.2204    0.2686    0.2391    0.0050
457     A         B          211           SER        95.83         662  548  23  8.925  8.254  1.039   0.2261    0.2743    0.2443    0.0051
458     A         B          212           MET        96.88         662  548  19  8.925  8.254  1.039   0.2250    0.2736    0.2437    0.0051
459     A         B          213           GLY        96.10         662  548  6  8.925  8.254  1.039   0.2110    0.2704    0.2407    0.0050
460     A         B          214           ILE        94.72         662  548  9  8.925  8.254  1.039   0.2184    0.2722    0.2424    0.0050
461     A         B          215           ARG        92.08         662  548  2  8.925  8.254  1.039   0.2005    0.2682    0.2387    0.0049
462     A         B          216           PRO        90.89         662  548  2  8.925  8.254  1.039   0.1944    0.2644    0.2351    0.0048
463     A         B          217           ASN        90.25         662  548  0  8.925  8.254  1.039   0.1718    0.0000    0.0000    0.0000
464     A         B          218           SER        94.98         662  548  0  8.925  8.254  1.039   0.1965    0.0000    0.0000    0.0000
465     A         B          219           HIS        96.01         662  548  7  8.925  8.254  1.039   0.2195    0.2708    0.2411    0.0050
466     A         B          220           TYR        97.87         662  548  27  8.925  8.254  1.039   0.2333    0.2768    0.2466    0.0052
467     A         B          221           ILE        97.72         662  548  71  8.925  8.254  2.944   0.2460    0.2767    0.2465    0.0400
468     A         B          222           LEU        98.09         662  548  92  8.925  8.254  3.475   0.2500    0.2787    0.2484    0.0554
469     A         B          223           ARG        98.43         662  548  87  8.925  8.254  3.359   0.2496    0.2772    0.2470    0.0516
470     A         B          224           SER        98.48         662  548  105  8.925  8.254  3.757   0.2537    0.2814    0.2509    0.0650
471     A         B          225           GLY        98.81         662  548  75  8.925  8.254  3.054   0.2455    0.2822    0.2517    0.0441
472     A         B          226           LEU        98.75         662  548  133  8.925  8.254  4.282   0.2643    0.2879    0.2570    0.0853
473     A         B          227           LEU        98.80         662  548  112  8.925  8.254  3.897   0.2596    0.2864    0.2555    0.0712
474     A         B          228           LYS        97.99         662  548  112  8.925  8.254  3.897   0.2570    0.2835    0.2529    0.0703
475     A         B          229           TYR        97.30         662  548  92  8.925  8.254  3.475   0.2505    0.2816    0.2511    0.0562
476     A         B          230           ASN        94.99         662  548  53  8.925  8.254  2.369   0.2399    0.2801    0.2498    0.0267
477     A         B          231           LEU        92.71         662  548  66  8.925  8.254  2.798   0.2415    0.2780    0.2477    0.0365
478     A         B          232           SER        88.37         662  548  17  8.925  8.254  1.039   0.2183    0.2748    0.2447    0.0051
479     A         B          233           ASP        82.39         662  548  13  8.925  8.254  1.039   0.2142    0.2735    0.2436    0.0051
480     A         B          234           GLY        79.84         662  548  0  8.925  8.254  1.039   0.1846    0.0000    0.0000    0.0000
481     A         B          235           GLU        74.05         662  548  0  8.925  8.254  1.039   0.1804    0.0000    0.0000    0.0000
482     A         B          236           ASN        78.62         662  548  0  8.925  8.254  1.039   0.1891    0.0000    0.0000    0.0000
483     A         B          237           PRO        87.94         662  548  2  8.925  8.254  1.039   0.2005    0.2628    0.2337    0.0048
484     A         B          238           LYS        92.23         662  548  15  8.925  8.254  1.039   0.2193    0.2743    0.2443    0.0051
485     A         B          239           VAL        97.17         662  548  53  8.925  8.254  2.369   0.2414    0.2817    0.2512    0.0269
486     A         B          240           VAL        97.56         662  548  66  8.925  8.254  2.798   0.2466    0.2783    0.2481    0.0366
487     A         B          241           PHE        98.66         662  548  85  8.925  8.254  3.310   0.2513    0.2813    0.2509    0.0512
488     A         B          242           ILE        98.37         662  548  113  8.925  8.254  3.917   0.2569    0.2800    0.2496    0.0698
489     A         B          243           GLU        97.89         662  548  78  8.925  8.254  3.134   0.2495    0.2790    0.2487    0.0456
490     A         B          244           ILE        97.94         662  548  86  8.925  8.254  3.335   0.2500    0.2799    0.2495    0.0515
491     A         B          245           SER        94.32         662  548  14  8.925  8.254  1.039   0.2150    0.2718    0.2420    0.0050
492     A         B          246           ASP        91.50         662  548  0  8.925  8.254  1.039   0.2038    0.0000    0.0000    0.0000
493     A         B          247           GLN        92.53         662  548  1  8.925  8.254  1.039   0.1988    0.2644    0.2351    0.0048
494     A         B          248           ARG        92.96         662  548  2  8.925  8.254  1.039   0.2049    0.2659    0.2365    0.0049
495     A         B          249           LEU        95.31         662  548  5  8.925  8.254  1.039   0.2104    0.2653    0.2360    0.0049
496     A         B          250           SER        96.56         662  548  17  8.925  8.254  1.039   0.2239    0.2728    0.2430    0.0051
497     A         B          251           ILE        97.22         662  548  26  8.925  8.254  1.039   0.2332    0.2732    0.2433    0.0051
498     A         B          252           GLY        98.26         662  548  15  8.925  8.254  1.039   0.2213    0.2738    0.2438    0.0051
499     A         B          253           SER        97.77         662  548  75  8.925  8.254  3.054   0.2461    0.2775    0.2473    0.0431
500     A         B          254           PRO        98.24         662  548  151  8.925  8.254  4.577   0.2659    0.2846    0.2539    0.0948
501     A         B          255           SER        98.69         662  548  126  8.925  8.254  4.159   0.2612    0.2841    0.2534    0.0794
502     A         B          256           LYS        98.83         662  548  157  8.925  8.254  4.669   0.2686    0.2866    0.2558    0.0992
503     A         B          257           ILE        98.84         662  548  153  8.925  8.254  4.608   0.2672    0.2858    0.2551    0.0965
504     A         B          258           TYR        98.51         662  548  149  8.925  8.254  4.545   0.2694    0.2911    0.2599    0.0964
505     A         B          259           ASP        95.17         662  548  158  8.925  8.254  4.684   0.2690    0.2880    0.2571    0.1004
506     A         B          260           SER        95.99         662  548  109  8.925  8.254  3.838   0.2596    0.2925    0.2613    0.0712
507     A         B          261           LEU        90.92         662  548  149  8.925  8.254  4.545   0.2710    0.2925    0.2613    0.0970
508     A         B          262           GLY        90.84         662  548  150  8.925  8.254  4.561   0.2694    0.2905    0.2594    0.0968
509     A         B          263           GLN        91.76         662  548  159  8.925  8.254  4.699   0.2707    0.2885    0.2576    0.1013
510     A         B          264           PRO        96.34         662  548  130  8.925  8.254  4.230   0.2651    0.2893    0.2583    0.0839
511     A         B          265           VAL        98.36         662  548  164  8.925  8.254  4.774   0.2732    0.2913    0.2601    0.1054
512     A         B          266           PHE        98.77         662  548  147  8.925  8.254  4.514   0.2661    0.2869    0.2561    0.0934
513     A         B          267           TYR        98.90         662  548  157  8.925  8.254  4.669   0.2680    0.2860    0.2552    0.0989
514     A         B          268           GLN        98.74         662  548  152  8.925  8.254  4.592   0.2666    0.2842    0.2536    0.0953
515     A         B          269           ALA        97.97         662  548  146  8.925  8.254  4.498   0.2646    0.2849    0.2542    0.0920
516     A         B          270           SER        96.84         662  548  86  8.925  8.254  3.335   0.2500    0.2789    0.2486    0.0513
517     A         B          271           PHE        96.34         662  548  119  8.925  8.254  4.031   0.2576    0.2797    0.2493    0.0735
518     A         B          272           SER        95.24         662  548  20  8.925  8.254  1.039   0.2272    0.2754    0.2454    0.0051
519     A         B          273           TRP        95.50         662  548  26  8.925  8.254  1.039   0.2320    0.2711    0.2413    0.0050
520     A         B          274           ASP        96.20         662  548  33  8.925  8.254  1.450   0.2365    0.2735    0.2435    0.0098
521     A         B          275           THR        95.05         662  548  47  8.925  8.254  2.137   0.2400    0.2761    0.2460    0.0214
522     A         B          276           MET        95.89         662  548  91  8.925  8.254  3.452   0.2526    0.2803    0.2499    0.0551
523     A         B          277           ILE        98.61         662  548  103  8.925  8.254  3.715   0.2561    0.2802    0.2498    0.0633
524     A         B          278           LYS        98.15         662  548  140  8.925  8.254  4.400   0.2657    0.2866    0.2558    0.0891
525     A         B          279           PHE        98.69         662  548  151  8.925  8.254  4.577   0.2665    0.2863    0.2555    0.0956
526     A         B          280           GLY        97.99         662  548  95  8.925  8.254  3.543   0.2544    0.2906    0.2596    0.0608
527     A         B          281           ASP        95.27         662  548  139  8.925  8.254  4.383   0.2658    0.2865    0.2557    0.0885
528     A         B          282           VAL        97.06         662  548  98  8.925  8.254  3.609   0.2562    0.2841    0.2535    0.0611
529     A         B          283           LEU        93.12         662  548  131  8.925  8.254  4.247   0.2637    0.2843    0.2537    0.0827
530     A         B          284           THR        93.29         662  548  117  8.925  8.254  3.994   0.2592    0.2829    0.2523    0.0733
531     A         B          285           VAL        94.39         662  548  123  8.925  8.254  4.105   0.2626    0.2872    0.2563    0.0787
532     A         B          286           ASN        92.97         662  548  62  8.925  8.254  2.675   0.2444    0.2809    0.2505    0.0340
533     A         B          287           PRO        93.93         662  548  43  8.925  8.254  1.965   0.2359    0.2810    0.2505    0.0186
534     A         B          288           LEU        97.74         662  548  85  8.925  8.254  3.310   0.2504    0.2820    0.2515    0.0513
535     A         B          289           VAL        95.55         662  548  94  8.925  8.254  3.521   0.2550    0.2813    0.2509    0.0575
536     A         B          290           VAL        97.56         662  548  94  8.925  8.254  3.521   0.2531    0.2812    0.2507    0.0575
537     A         B          291           ASN        95.21         662  548  104  8.925  8.254  3.736   0.2571    0.2823    0.2518    0.0646
538     A         B          292           TRP        97.69         662  548  113  8.925  8.254  3.917   0.2563    0.2793    0.2490    0.0695
539     A         B          293           ARG        97.60         662  548  94  8.925  8.254  3.521   0.2521    0.2818    0.2513    0.0576
540     A         B          294           ASN        94.79         662  548  49  8.925  8.254  2.217   0.2415    0.2794    0.2491    0.0234
541     A         B          295           ASN        97.74         662  548  80  8.925  8.254  3.186   0.2472    0.2772    0.2470    0.0466
542     A         B          296           THR        94.47         662  548  78  8.925  8.254  3.134   0.2485    0.2784    0.2482    0.0455
543     A         B          297           VAL        96.31         662  548  63  8.925  8.254  2.706   0.2439    0.2777    0.2475    0.0342
544     A         B          298           ILE        98.14         662  548  95  8.925  8.254  3.543   0.2535    0.2796    0.2492    0.0577
545     A         B          299           SER        96.75         662  548  87  8.925  8.254  3.359   0.2489    0.2766    0.2464    0.0514
546     A         B          300           ARG        96.77         662  548  101  8.925  8.254  3.673   0.2539    0.2787    0.2484    0.0615
547     A         B          301           PRO        93.01         662  548  60  8.925  8.254  2.611   0.2431    0.2769    0.2468    0.0318
548     A         B          302           GLY        89.17         662  548  19  8.925  8.254  1.039   0.2243    0.2757    0.2456    0.0051
549     A         B          303           GLN        80.90         662  548  7  8.925  8.254  1.039   0.2108    0.2721    0.2423    0.0050
550     A         B          304           SER        77.33         662  548  0  8.925  8.254  1.039   0.1863    0.0000    0.0000    0.0000
551     A         B          305           GLN        81.28         662  548  0  8.925  8.254  1.039   0.1979    0.0000    0.0000    0.0000
552     A         B          306           CYS        90.50         662  548  6  8.925  8.254  1.039   0.2156    0.2722    0.2424    0.0050
553     A         B          307           PRO        88.89         662  548  23  8.925  8.254  1.039   0.2288    0.2738    0.2439    0.0051
554     A         B          308           ARG        91.66         662  548  39  8.925  8.254  1.777   0.2376    0.2741    0.2441    0.0148
555     A         B          309           PHE        87.63         662  548  38  8.925  8.254  1.726   0.2370    0.2749    0.2449    0.0140
556     A         B          310           ASN        90.95         662  548  13  8.925  8.254  1.039   0.2237    0.2690    0.2394    0.0050
557     A         B          311           THR        91.22         662  548  7  8.925  8.254  1.039   0.2172    0.2680    0.2384    0.0049
558     A         B          312           CYS        93.46         662  548  9  8.925  8.254  1.039   0.2168    0.2679    0.2384    0.0049
559     A         B          313           PRO        95.89         662  548  6  8.925  8.254  1.039   0.2149    0.2713    0.2415    0.0050
560     A         B          314           GLU        92.21         662  548  4  8.925  8.254  1.039   0.2105    0.2653    0.2360    0.0049
561     A         B          315           ILE        93.59         662  548  5  8.925  8.254  1.039   0.2137    0.2673    0.2378    0.0049
562     A         B          316           CYS        92.96         662  548  8  8.925  8.254  1.039   0.2170    0.2760    0.2459    0.0051
563     A         B          317           TRP        93.28         662  548  35  8.925  8.254  1.566   0.2348    0.2744    0.2444    0.0115
564     A         B          318           GLU        92.04         662  548  18  8.925  8.254  1.039   0.2242    0.2725    0.2426    0.0051
565     A         B          319           GLY        94.48         662  548  38  8.925  8.254  1.726   0.2356    0.2765    0.2464    0.0141
566     A         B          320           VAL        95.35         662  548  128  8.925  8.254  4.195   0.2603    0.2809    0.2505    0.0795
567     A         B          321           TYR        97.69         662  548  91  8.925  8.254  3.452   0.2512    0.2765    0.2464    0.0541
568     A         B          322           ASN        98.41         662  548  140  8.925  8.254  4.400   0.2633    0.2833    0.2527    0.0877
569     A         B          323           ASP        97.79         662  548  106  8.925  8.254  3.777   0.2573    0.2831    0.2526    0.0662
570     A         B          324           ALA        98.60         662  548  113  8.925  8.254  3.917   0.2583    0.2848    0.2541    0.0713
571     A         B          325           PHE        98.79         662  548  183  8.925  8.254  5.042   0.2763    0.2916    0.2604    0.1163
572     A         B          326           LEU        98.10         662  548  121  8.925  8.254  4.068   0.2626    0.2895    0.2585    0.0783
573     A         B          327           ILE        97.23         662  548  141  8.925  8.254  4.416   0.2671    0.2894    0.2584    0.0909
574     A         B          328           ASP        93.76         662  548  124  8.925  8.254  4.123   0.2621    0.2851    0.2544    0.0786
575     A         B          329           ARG        92.15         662  548  109  8.925  8.254  3.838   0.2597    0.2889    0.2579    0.0700
576     A         B          330           ILE        89.03         662  548  155  8.925  8.254  4.639   0.2698    0.2871    0.2563    0.0983
577     A         B          331           ASN        92.56         662  548  104  8.925  8.254  3.736   0.2576    0.2850    0.2542    0.0654
578     A         B          332           TRP        96.37         662  548  135  8.925  8.254  4.316   0.2650    0.2866    0.2558    0.0860
579     A         B          333           ILE        97.41         662  548  117  8.925  8.254  3.994   0.2603    0.2858    0.2550    0.0743
580     A         B          334           SER        98.68         662  548  118  8.925  8.254  4.013   0.2611    0.2890    0.2580    0.0761
581     A         B          335           ALA        98.73         662  548  137  8.925  8.254  4.350   0.2664    0.2906    0.2596    0.0889
582     A         B          336           GLY        98.90         662  548  126  8.925  8.254  4.159   0.2646    0.2924    0.2612    0.0826
583     A         B          337           VAL        98.71         662  548  140  8.925  8.254  4.400   0.2646    0.2853    0.2546    0.0886
584     A         B          338           PHE        98.17         662  548  134  8.925  8.254  4.299   0.2629    0.2845    0.2538    0.0846
585     A         B          339           LEU        96.35         662  548  159  8.925  8.254  4.699   0.2689    0.2866    0.2557    0.1003
586     A         B          340           ASP        93.84         662  548  47  8.925  8.254  2.137   0.2396    0.2757    0.2456    0.0214
587     A         B          341           SER        91.75         662  548  43  8.925  8.254  1.965   0.2342    0.2759    0.2458    0.0182
588     A         B          342           ASN        87.73         662  548  13  8.925  8.254  1.039   0.2220    0.2718    0.2420    0.0050
589     A         B          343           GLN        80.75         662  548  0  8.925  8.254  1.039   0.2048    0.0000    0.0000    0.0000
590     A         B          344           THR        87.09         662  548  9  8.925  8.254  1.039   0.2155    0.2739    0.2439    0.0051
591     A         B          345           ALA        90.63         662  548  53  8.925  8.254  2.369   0.2380    0.2758    0.2457    0.0261
592     A         B          346           GLU        89.36         662  548  54  8.925  8.254  2.405   0.2414    0.2790    0.2487    0.0274
593     A         B          347           ASN        94.55         662  548  95  8.925  8.254  3.543   0.2525    0.2798    0.2494    0.0578
594     A         B          348           PRO        96.55         662  548  140  8.925  8.254  4.400   0.2644    0.2855    0.2548    0.0887
595     A         B          349           VAL        97.78         662  548  115  8.925  8.254  3.956   0.2583    0.2817    0.2512    0.0716
596     A         B          350           PHE        98.66         662  548  143  8.925  8.254  4.449   0.2672    0.2902    0.2592    0.0924
597     A         B          351           THR        98.21         662  548  118  8.925  8.254  4.013   0.2609    0.2855    0.2548    0.0748
598     A         B          352           VAL        98.54         662  548  123  8.925  8.254  4.105   0.2613    0.2867    0.2559    0.0785
599     A         B          353           PHE        98.58         662  548  135  8.925  8.254  4.316   0.2618    0.2845    0.2538    0.0852
600     A         B          354           LYS        97.54         662  548  91  8.925  8.254  3.452   0.2515    0.2862    0.2554    0.0567
601     A         B          355           ASP        96.89         662  548  61  8.925  8.254  2.643   0.2423    0.2800    0.2496    0.0330
602     A         B          356           ASN        95.23         662  548  44  8.925  8.254  2.010   0.2379    0.2771    0.2469    0.0191
603     A         B          357           GLU        95.09         662  548  41  8.925  8.254  1.873   0.2337    0.2768    0.2466    0.0166
604     A         B          358           ILE        96.77         662  548  88  8.925  8.254  3.382   0.2497    0.2774    0.2472    0.0523
605     A         B          359           LEU        97.56         662  548  109  8.925  8.254  3.838   0.2566    0.2844    0.2537    0.0686
606     A         B          360           TYR        97.17         662  548  71  8.925  8.254  2.944   0.2444    0.2787    0.2484    0.0404
607     A         B          361           ARG        94.00         662  548  39  8.925  8.254  1.777   0.2312    0.2759    0.2458    0.0149
608     A         B          362           ALA        97.29         662  548  111  8.925  8.254  3.878   0.2560    0.2831    0.2525    0.0695
609     A         B          363           GLN        94.95         662  548  48  8.925  8.254  2.177   0.2367    0.2761    0.2460    0.0222
610     A         B          364           LEU        96.25         662  548  122  8.925  8.254  4.087   0.2610    0.2851    0.2544    0.0773
611     A         B          365           ALA        90.62         662  548  71  8.925  8.254  2.944   0.2460    0.2796    0.2493    0.0406
612     A         B          366           SER        87.01         662  548  13  8.925  8.254  1.039   0.2173    0.2727    0.2429    0.0051
613     A         B          367           GLU        85.90         662  548  8  8.925  8.254  1.039   0.2181    0.2721    0.2422    0.0050
614     A         B          368           ASP        81.79         662  548  2  8.925  8.254  1.039   0.2078    0.2713    0.2415    0.0050
615     A         B          369           THR        88.38         662  548  44  8.925  8.254  2.010   0.2365    0.2748    0.2448    0.0189
616     A         B          370           ASN        84.34         662  548  40  8.925  8.254  1.826   0.2361    0.2763    0.2462    0.0157
617     A         B          371           ALA        92.94         662  548  78  8.925  8.254  3.134   0.2482    0.2791    0.2488    0.0456
618     A         B          372           GLN        90.34         662  548  79  8.925  8.254  3.160   0.2497    0.2789    0.2486    0.0463
619     A         B          373           LYS        94.47         662  548  136  8.925  8.254  4.333   0.2641    0.2852    0.2545    0.0861
620     A         B          374           THR        98.01         662  548  159  8.925  8.254  4.699   0.2692    0.2865    0.2557    0.1003
621     A         B          375           ILE        98.44         662  548  143  8.925  8.254  4.449   0.2656    0.2862    0.2554    0.0907
622     A         B          376           THR        98.83         662  548  116  8.925  8.254  3.975   0.2600    0.2856    0.2548    0.0736
623     A         B          377           ASN        98.32         662  548  140  8.925  8.254  4.400   0.2656    0.2883    0.2574    0.0898
624     A         B          378           CYS        98.03         662  548  163  8.925  8.254  4.759   0.2737    0.2937    0.2625    0.1060
625     A         B          379           PHE        95.85         662  548  149  8.925  8.254  4.545   0.2673    0.2868    0.2560    0.0946
626     A         B          380           LEU        91.58         662  548  141  8.925  8.254  4.416   0.2643    0.2855    0.2547    0.0893
627     A         B          381           LEU        91.47         662  548  101  8.925  8.254  3.673   0.2545    0.2849    0.2542    0.0633
628     A         B          382           LYS        85.23         662  548  54  8.925  8.254  2.405   0.2405    0.2793    0.2490    0.0274
629     A         B          383           ASN        86.09         662  548  59  8.925  8.254  2.578   0.2463    0.2796    0.2492    0.0314
630     A         B          384           LYS        90.86         662  548  75  8.925  8.254  3.054   0.2467    0.2809    0.2505    0.0438
631     A         B          385           ILE        95.32         662  548  179  8.925  8.254  4.987   0.2757    0.2900    0.2590    0.1133
632     A         B          386           TRP        96.43         662  548  173  8.925  8.254  4.904   0.2737    0.2905    0.2594    0.1102
633     A         B          387           CYS        98.40         662  548  168  8.925  8.254  4.832   0.2758    0.2958    0.2644    0.1099
634     A         B          388           ILE        96.64         662  548  150  8.925  8.254  4.561   0.2668    0.2865    0.2557    0.0951
635     A         B          389           SER        97.96         662  548  116  8.925  8.254  3.975   0.2592    0.2855    0.2547    0.0735
636     A         B          390           LEU        95.57         662  548  170  8.925  8.254  4.861   0.2724    0.2886    0.2576    0.1076
637     A         B          391           VAL        95.68         662  548  150  8.925  8.254  4.561   0.2678    0.2864    0.2556    0.0950
638     A         B          392           GLU        90.59         662  548  169  8.925  8.254  4.847   0.2740    0.2907    0.2596    0.1080
639     A         B          393           ILE        89.05         662  548  85  8.925  8.254  3.310   0.2486    0.2808    0.2504    0.0511
640     A         B          394           TYR        76.21         662  548  30  8.925  8.254  1.258   0.2292    0.2786    0.2483    0.0076
641     A         B          395           ASP        63.37         662  548  0  8.925  8.254  1.039   0.1789    0.0000    0.0000    0.0000
642     A         B          396           THR        57.98         662  548  0  8.925  8.254  1.039   0.1633    0.0000    0.0000    0.0000
643     A         B          397           GLY        57.98         662  548  0  8.925  8.254  1.039   0.1535    0.0000    0.0000    0.0000
644     A         B          398           ASP        55.80         662  548  0  8.925  8.254  1.039   0.1570    0.0000    0.0000    0.0000
645     A         B          399           ASN        60.17         662  548  0  8.925  8.254  1.039   0.1636    0.0000    0.0000    0.0000
646     A         B          400           VAL        67.53         662  548  4  8.925  8.254  1.039   0.2033    0.2745    0.2445    0.0051
647     A         B          401           ILE        71.09         662  548  27  8.925  8.254  1.039   0.2277    0.2761    0.2460    0.0051
648     A         B          402           ARG        78.28         662  548  46  8.925  8.254  2.095   0.2362    0.2771    0.2470    0.0207
649     A         B          403           PRO        87.80         662  548  106  8.925  8.254  3.777   0.2548    0.2835    0.2529    0.0663
650     A         B          404           LYS        89.68         662  548  119  8.925  8.254  4.031   0.2596    0.2861    0.2553    0.0757
651     A         B          405           LEU        92.30         662  548  135  8.925  8.254  4.316   0.2634    0.2866    0.2558    0.0860
652     A         B          406           PHE        96.37         662  548  164  8.925  8.254  4.774   0.2722    0.2904    0.2593    0.1050
653     A         B          407           ALA        95.15         662  548  125  8.925  8.254  4.141   0.2616    0.2868    0.2559    0.0798
654     A         B          408           VAL        98.10         662  548  126  8.925  8.254  4.159   0.2610    0.2854    0.2547    0.0799
655     A         B          409           LYS        95.94         662  548  122  8.925  8.254  4.087   0.2598    0.2845    0.2538    0.0770
656     A         B          410           ILE        97.08         662  548  107  8.925  8.254  3.798   0.2565    0.2851    0.2543    0.0674
657     A         B          411           PRO        94.32         662  548  42  8.925  8.254  1.920   0.2310    0.2785    0.2483    0.0176
658     A         B          412           GLU        88.11         662  548  13  8.925  8.254  1.039   0.2202    0.2757    0.2456    0.0051
659     A         B          413           GLN        86.15         662  548  6  8.925  8.254  1.039   0.2016    0.2688    0.2392    0.0050
660     A         B          414           CYS        90.20         662  548  3  8.925  8.254  1.039   0.1972    0.2644    0.2352    0.0048
661     A         B          415           THR        78.95         662  548  0  8.925  8.254  1.039   0.1560    0.0000    0.0000    0.0000
662     A         B          416           HIS        60.75         662  548  0  8.925  8.254  1.039   0.1140    0.0000    0.0000    0.0000
1       B         A            1           SER        65.72         662  512  0  8.925  8.022  1.039   0.0871    0.0000    0.0000    0.0000
2       B         A            2           ILE        86.91         662  512  23  8.925  8.022  1.039   0.1961    0.2723    0.2322    0.0050
3       B         A            3           SER        92.38         662  512  62  8.925  8.022  2.675   0.2138    0.2877    0.2461    0.0351
4       B         A            4           LEU        96.22         662  512  169  8.925  8.022  4.847   0.2642    0.3155    0.2717    0.1206
5       B         A            5           VAL        96.13         662  512  157  8.925  8.022  4.669   0.2600    0.3110    0.2676    0.1107
6       B         A            6           GLU        95.59         662  512  145  8.925  8.022  4.482   0.2548    0.3120    0.2684    0.1034
7       B         A            7           SER        95.93         662  512  110  8.925  8.022  3.858   0.2379    0.3027    0.2598    0.0754
8       B         A            8           GLY        97.27         662  512  86  8.925  8.022  3.335   0.2280    0.2965    0.2541    0.0558
9       B         A            9           GLY        94.25         662  512  66  8.925  8.022  2.798   0.2185    0.2888    0.2471    0.0385
10      B         A           10           GLY        95.30         662  512  74  8.925  8.022  3.027   0.2212    0.2884    0.2467    0.0447
11      B         A           11           THR        92.14         662  512  97  8.925  8.022  3.587   0.2357    0.2974    0.2550    0.0642
12      B         A           12           VAL        93.26         662  512  97  8.925  8.022  3.587   0.2324    0.2985    0.2560    0.0646
13      B         A           13           ALA        90.60         662  512  89  8.925  8.022  3.406   0.2303    0.2934    0.2514    0.0572
14      B         A           14           PRO        87.91         662  512  113  8.925  8.022  3.917   0.2421    0.3074    0.2642    0.0792
15      B         A           15           GLY        90.29         662  512  99  8.925  8.022  3.631   0.2346    0.3020    0.2593    0.0672
16      B         A           16           SER        91.31         662  512  59  8.925  8.022  2.578   0.2114    0.2833    0.2421    0.0320
17      B         A           17           SER        96.51         662  512  108  8.925  8.022  3.818   0.2389    0.3105    0.2671    0.0767
18      B         A           18           VAL        96.54         662  512  124  8.925  8.022  4.123   0.2458    0.3075    0.2643    0.0871
19      B         A           19           THR        98.01         662  512  166  8.925  8.022  4.803   0.2642    0.3159    0.2722    0.1192
20      B         A           20           LEU        98.41         662  512  195  8.925  8.022  5.201   0.2748    0.3229    0.2787    0.1409
21      B         A           21           SER        97.35         662  512  157  8.925  8.022  4.669   0.2600    0.3172    0.2733    0.1138
22      B         A           22           CYS        97.50         662  512  197  8.925  8.022  5.227   0.2726    0.3202    0.2762    0.1404
23      B         A           23           GLN        96.13         662  512  152  8.925  8.022  4.592   0.2573    0.3131    0.2695    0.1085
24      B         A           24           ALA        95.21         662  512  133  8.925  8.022  4.282   0.2476    0.3080    0.2648    0.0935
25      B         A           25           SER        94.58         662  512  98  8.925  8.022  3.609   0.2330    0.3010    0.2582    0.0661
26      B         A           26           GLY        92.42         662  512  103  8.925  8.022  3.715   0.2340    0.2972    0.2548    0.0686
27      B         A           27           PHE        88.83         662  512  140  8.925  8.022  4.400   0.2501    0.3064    0.2633    0.0975
28      B         A           28           ASN        89.34         662  512  140  8.925  8.022  4.400   0.2529    0.3117    0.2682    0.0999
29      B         A           29           PHE        94.58         662  512  144  8.925  8.022  4.465   0.2558    0.3161    0.2723    0.1046
30      B         A           30           SER        89.27         662  512  125  8.925  8.022  4.141   0.2444    0.3115    0.2680    0.0895
31      B         A           31           LYS        85.61         662  512  134  8.925  8.022  4.299   0.2528    0.3153    0.2716    0.0974
32      B         A           32           TYR        91.05         662  512  187  8.925  8.022  5.096   0.2697    0.3155    0.2717    0.1317
33      B         A           33           SER        91.21         662  512  186  8.925  8.022  5.083   0.2706    0.3200    0.2761    0.1339
34      B         A           34           LYS        96.02         662  512  166  8.925  8.022  4.803   0.2647    0.3205    0.2764    0.1214
35      B         A           35           ALA        96.32         662  512  174  8.925  8.022  4.918   0.2672    0.3191    0.2752    0.1259
36      B         A           36           TRP        98.52         662  512  213  8.925  8.022  5.427   0.2827    0.3281    0.2836    0.1548
37      B         A           37           VAL        97.40         662  512  272  8.925  8.022  6.084   0.2963    0.3251    0.2808    0.1844
38      B         A           38           ARG        95.82         662  512  221  8.925  8.022  5.523   0.2821    0.3214    0.2773    0.1550
39      B         A           39           GLN        95.20         662  512  248  8.925  8.022  5.830   0.2871    0.3189    0.2750    0.1678
40      B         A           40           PRO        90.02         662  512  164  8.925  8.022  4.774   0.2642    0.3172    0.2733    0.1183
41      B         A           41           PRO        86.80         662  512  104  8.925  8.022  3.736   0.2384    0.3032    0.2603    0.0712
42      B         A           42           GLY        87.20         662  512  68  8.925  8.022  2.858   0.2187    0.2894    0.2477    0.0402
43      B         A           43           GLN        86.46         662  512  111  8.925  8.022  3.878   0.2423    0.3073    0.2641    0.0778
44      B         A           44           PRO        89.42         662  512  142  8.925  8.022  4.433   0.2527    0.3119    0.2684    0.1014
45      B         A           45           LEU        95.76         662  512  206  8.925  8.022  5.341   0.2769    0.3222    0.2780    0.1468
46      B         A           46           GLU        92.02         662  512  227  8.925  8.022  5.594   0.2813    0.3186    0.2747    0.1565
47      B         A           47           TRP        94.22         662  512  224  8.925  8.022  5.559   0.2815    0.3192    0.2753    0.1554
48      B         A           48           VAL        96.30         662  512  218  8.925  8.022  5.488   0.2808    0.3217    0.2776    0.1535
49      B         A           49           SER        95.32         662  512  162  8.925  8.022  4.744   0.2627    0.3176    0.2737    0.1174
50      B         A           50           ARG        92.38         662  512  172  8.925  8.022  4.889   0.2666    0.3172    0.2734    0.1238
51      B         A           51           ILE        94.28         662  512  196  8.925  8.022  5.214   0.2730    0.3187    0.2749    0.1393
52      B         A           52           SER        84.27         662  512  200  8.925  8.022  5.266   0.2739    0.3168    0.2731    0.1403
53      B         A           53           PRO        86.33         662  512  181  8.925  8.022  5.015   0.2670    0.3144    0.2708    0.1276
54      B         A           54           ASP        76.02         662  512  131  8.925  8.022  4.247   0.2458    0.3068    0.2637    0.0918
55      B         A           55           GLY        87.27         662  512  139  8.925  8.022  4.383   0.2528    0.3116    0.2682    0.0993
56      B         A           56           SER        74.54         662  512  160  8.925  8.022  4.714   0.2579    0.3127    0.2691    0.1135
57      B         A           57           THR        75.62         662  512  183  8.925  8.022  5.042   0.2682    0.3157    0.2720    0.1295
58      B         A           58           LYS        89.89         662  512  167  8.925  8.022  4.818   0.2638    0.3161    0.2724    0.1200
59      B         A           59           TYR        85.86         662  512  229  8.925  8.022  5.617   0.2852    0.3241    0.2800    0.1616
60      B         A           60           TYR        90.99         662  512  213  8.925  8.022  5.427   0.2793    0.3198    0.2759    0.1497
61      B         A           61           HIS        90.27         662  512  269  8.925  8.022  6.053   0.2909    0.3172    0.2735    0.1774
62      B         A           62           PRO        78.24         662  512  153  8.925  8.022  4.608   0.2602    0.3152    0.2715    0.1103
63      B         A           63           ASP        83.84         662  512  129  8.925  8.022  4.213   0.2538    0.3163    0.2725    0.0943
64      B         A           64           VAL        93.34         662  512  168  8.925  8.022  4.832   0.2649    0.3143    0.2707    0.1195
65      B         A           65           ALA        84.99         662  512  131  8.925  8.022  4.247   0.2508    0.3110    0.2675    0.0935
66      B         A           66           GLY        88.98         662  512  141  8.925  8.022  4.416   0.2534    0.3138    0.2702    0.1016
67      B         A           67           ARG        94.47         662  512  143  8.925  8.022  4.449   0.2561    0.3155    0.2718    0.1037
68      B         A           68           PHE        97.37         662  512  198  8.925  8.022  5.240   0.2742    0.3193    0.2754    0.1406
69      B         A           69           THR        96.39         662  512  176  8.925  8.022  4.946   0.2656    0.3170    0.2733    0.1261
70      B         A           70           ILE        97.17         662  512  202  8.925  8.022  5.291   0.2780    0.3227    0.2786    0.1451
71      B         A           71           SER        96.54         662  512  172  8.925  8.022  4.889   0.2641    0.3163    0.2726    0.1232
72      B         A           72           LYS        95.46         662  512  156  8.925  8.022  4.654   0.2590    0.3158    0.2720    0.1125
73      B         A           73           ASP        96.55         662  512  141  8.925  8.022  4.416   0.2540    0.3150    0.2713    0.1021
74      B         A           74           ASN        92.87         662  512  118  8.925  8.022  4.013   0.2457    0.3102    0.2668    0.0839
75      B         A           75           SER        94.64         662  512  131  8.925  8.022  4.247   0.2461    0.3100    0.2666    0.0931
76      B         A           76           LYS        95.90         662  512  110  8.925  8.022  3.858   0.2392    0.3041    0.2612    0.0759
77      B         A           77           SER        96.07         662  512  166  8.925  8.022  4.803   0.2616    0.3147    0.2711    0.1184
78      B         A           78           THR        97.81         662  512  174  8.925  8.022  4.918   0.2666    0.3181    0.2742    0.1253
79      B         A           79           VAL        97.39         662  512  192  8.925  8.022  5.162   0.2710    0.3191    0.2751    0.1368
80      B         A           80           TYR        98.33         662  512  198  8.925  8.022  5.240   0.2747    0.3208    0.2768    0.1415
81      B         A           81           LEU        98.64         662  512  218  8.925  8.022  5.488   0.2812    0.3232    0.2790    0.1545
82      B         A           82           ALA        98.35         662  512  191  8.925  8.022  5.149   0.2705    0.3186    0.2747    0.1361
83      B         A           83           MET        97.74         662  512  154  8.925  8.022  4.623   0.2573    0.3167    0.2729    0.1117
84      B         A           84           SER        96.24         662  512  114  8.925  8.022  3.936   0.2413    0.3115    0.2680    0.0815
85      B         A           85           ASN        92.76         662  512  129  8.925  8.022  4.213   0.2501    0.3122    0.2687    0.0926
86      B         A           86           LEU        93.89         662  512  151  8.925  8.022  4.577   0.2586    0.3156    0.2719    0.1091
87      B         A           87           THR        87.82         662  512  123  8.925  8.022  4.105   0.2488    0.3103    0.2668    0.0875
88      B         A           88           ALA        84.39         662  512  117  8.925  8.022  3.994   0.2454    0.3057    0.2626    0.0815
89      B         A           89           ALA        86.05         662  512  140  8.925  8.022  4.400   0.2537    0.3089    0.2656    0.0987
90      B         A           90           ASP        93.61         662  512  172  8.925  8.022  4.889   0.2649    0.3168    0.2730    0.1233
91      B         A           91           THR        92.57         662  512  184  8.925  8.022  5.056   0.2687    0.3148    0.2711    0.1295
92      B         A           92           ALA        94.66         662  512  181  8.925  8.022  5.015   0.2687    0.3165    0.2727    0.1286
93      B         A           93           THR        96.90         662  512  237  8.925  8.022  5.708   0.2846    0.3189    0.2750    0.1621
94      B         A           94           TYR        98.47         662  512  272  8.925  8.022  6.084   0.2960    0.3252    0.2809    0.1845
95      B         A           95           TYR        98.13         662  512  253  8.925  8.022  5.884   0.2909    0.3236    0.2793    0.1736
96      B         A           96           CYS        95.63         662  512  196  8.925  8.022  5.214   0.2722    0.3197    0.2757    0.1394
97      B         A           97           GLY        97.01         662  512  156  8.925  8.022  4.654   0.2594    0.3178    0.2738    0.1133
98      B         A           98           ILE        93.87         662  512  218  8.925  8.022  5.488   0.2780    0.3176    0.2738    0.1509
99      B         A           99           ILE        90.47         662  512  150  8.925  8.022  4.561   0.2593    0.3147    0.2710    0.1081
100     B         A          100           PRO        79.23         662  512  96  8.925  8.022  3.565   0.2289    0.2985    0.2560    0.0638
101     B         A          101           GLY        75.72         662  512  80  8.925  8.022  3.186   0.2255    0.2969    0.2545    0.0512
102     B         A          102           ASP        65.67         662  512  76  8.925  8.022  3.081   0.2262    0.2958    0.2535    0.0479
103     B         A          103           ASN        65.31         662  512  92  8.925  8.022  3.475   0.2359    0.2956    0.2533    0.0600
104     B         A          104           THR        60.16         662  512  103  8.925  8.022  3.715   0.2381    0.2963    0.2539    0.0682
105     B         A          105           HIS        65.37         662  512  122  8.925  8.022  4.087   0.2435    0.2996    0.2570    0.0827
106     B         A          106           GLY        73.85         662  512  133  8.925  8.022  4.282   0.2484    0.2996    0.2570    0.0900
107     B         A          107           ASP        79.08         662  512  113  8.925  8.022  3.917   0.2441    0.3068    0.2636    0.0790
108     B         A          108           TYR        87.20         662  512  177  8.925  8.022  4.960   0.2697    0.3137    0.2702    0.1248
109     B         A          109           ALA        92.83         662  512  200  8.925  8.022  5.266   0.2735    0.3134    0.2699    0.1382
110     B         A          110           MET        95.49         662  512  207  8.925  8.022  5.354   0.2740    0.3147    0.2711    0.1430
111     B         A          111           SER        90.53         662  512  179  8.925  8.022  4.987   0.2687    0.3181    0.2742    0.1282
112     B         A          112           HIS        93.59         662  512  189  8.925  8.022  5.123   0.2689    0.3150    0.2713    0.1326
113     B         A          113           TRP        97.12         662  512  222  8.925  8.022  5.535   0.2791    0.3178    0.2739    0.1531
114     B         A          114           GLY        97.17         662  512  191  8.925  8.022  5.149   0.2732    0.3200    0.2760    0.1367
115     B         A          115           GLN        94.10         662  512  131  8.925  8.022  4.247   0.2473    0.3052    0.2622    0.0910
116     B         A          116           GLY        97.42         662  512  133  8.925  8.022  4.282   0.2513    0.3108    0.2674    0.0947
117     B         A          117           THR        97.29         662  512  176  8.925  8.022  4.946   0.2675    0.3164    0.2726    0.1255
118     B         A          118           LEU        96.37         662  512  176  8.925  8.022  4.946   0.2671    0.3148    0.2711    0.1247
119     B         A          119           LEU        96.59         662  512  174  8.925  8.022  4.918   0.2651    0.3150    0.2713    0.1235
120     B         A          120           THR        93.64         662  512  136  8.925  8.022  4.333   0.2524    0.3085    0.2652    0.0958
121     B         A          121           VAL        90.82         662  512  103  8.925  8.022  3.715   0.2361    0.3015    0.2587    0.0699
122     B         A          122           SER        82.29         662  512  0  8.925  8.022  1.039   0.1484    0.0000    0.0000    0.0000
123     B         A          123           ALA        68.66         662  512  0  8.925  8.022  1.039   0.0959    0.0000    0.0000    0.0000
124     B         A          124           GLY        51.12         662  512  0  8.925  8.022  1.039   0.0837    0.0000    0.0000    0.0000
125     B         A          125           GLY        46.39         662  512  0  8.925  8.022  1.039   0.0815    0.0000    0.0000    0.0000
126     B         A          126           GLY        47.43         662  512  0  8.925  8.022  1.039   0.0816    0.0000    0.0000    0.0000
127     B         A          127           SER        43.18         662  512  0  8.925  8.022  1.039   0.0825    0.0000    0.0000    0.0000
128     B         A          128           GLY        42.13         662  512  0  8.925  8.022  1.039   0.0834    0.0000    0.0000    0.0000
129     B         A          129           GLY        40.95         662  512  0  8.925  8.022  1.039   0.0855    0.0000    0.0000    0.0000
130     B         A          130           GLY        39.71         662  512  0  8.925  8.022  1.039   0.0877    0.0000    0.0000    0.0000
131     B         A          131           SER        40.66         662  512  0  8.925  8.022  1.039   0.0884    0.0000    0.0000    0.0000
132     B         A          132           GLY        39.95         662  512  0  8.925  8.022  1.039   0.0908    0.0000    0.0000    0.0000
133     B         A          133           GLY        39.70         662  512  0  8.925  8.022  1.039   0.0931    0.0000    0.0000    0.0000
134     B         A          134           GLY        39.64         662  512  0  8.925  8.022  1.039   0.0972    0.0000    0.0000    0.0000
135     B         A          135           SER        39.54         662  512  0  8.925  8.022  1.039   0.0991    0.0000    0.0000    0.0000
136     B         A          136           GLY        42.11         662  512  0  8.925  8.022  1.039   0.1003    0.0000    0.0000    0.0000
137     B         A          137           GLY        41.59         662  512  0  8.925  8.022  1.039   0.1074    0.0000    0.0000    0.0000
138     B         A          138           GLY        46.50         662  512  0  8.925  8.022  1.039   0.1208    0.0000    0.0000    0.0000
139     B         A          139           SER        55.60         662  512  0  8.925  8.022  1.039   0.1474    0.0000    0.0000    0.0000
140     B         A          140           ALA        77.35         662  512  50  8.925  8.022  2.256   0.2098    0.2864    0.2450    0.0251
141     B         A          141           ILE        88.67         662  512  169  8.925  8.022  4.847   0.2684    0.3184    0.2746    0.1225
142     B         A          142           THR        90.69         662  512  166  8.925  8.022  4.803   0.2631    0.3148    0.2712    0.1186
143     B         A          143           LEU        96.26         662  512  198  8.925  8.022  5.240   0.2778    0.3242    0.2800    0.1436
144     B         A          144           THR        96.45         662  512  172  8.925  8.022  4.889   0.2673    0.3159    0.2722    0.1230
145     B         A          145           GLN        97.14         662  512  159  8.925  8.022  4.699   0.2617    0.3169    0.2731    0.1151
146     B         A          146           SER        94.08         662  512  111  8.925  8.022  3.878   0.2402    0.3094    0.2661    0.0785
147     B         A          147           PRO        94.44         662  512  88  8.925  8.022  3.382   0.2314    0.3025    0.2596    0.0589
148     B         A          148           SER        92.05         662  512  79  8.925  8.022  3.160   0.2248    0.2990    0.2565    0.0510
149     B         A          149           SER        91.34         662  512  69  8.925  8.022  2.887   0.2184    0.2954    0.2531    0.0422
150     B         A          150           LEU        89.53         662  512  46  8.925  8.022  2.095   0.2079    0.2839    0.2427    0.0214
151     B         A          151           SER        94.18         662  512  72  8.925  8.022  2.972   0.2186    0.2922    0.2503    0.0439
152     B         A          152           ALA        93.99         662  512  71  8.925  8.022  2.944   0.2203    0.2890    0.2473    0.0425
153     B         A          153           SER        94.49         662  512  52  8.925  8.022  2.332   0.2129    0.2867    0.2452    0.0268
154     B         A          154           VAL        94.37         662  512  109  8.925  8.022  3.838   0.2397    0.3027    0.2599    0.0747
155     B         A          155           GLY        95.05         662  512  77  8.925  8.022  3.108   0.2253    0.2980    0.2555    0.0491
156     B         A          156           ASP        94.91         662  512  96  8.925  8.022  3.565   0.2375    0.3051    0.2621    0.0658
157     B         A          157           THR        95.96         662  512  120  8.925  8.022  4.050   0.2475    0.3137    0.2700    0.0867
158     B         A          158           VAL        95.16         662  512  141  8.925  8.022  4.416   0.2525    0.3094    0.2661    0.0995
159     B         A          159           THR        96.86         662  512  143  8.925  8.022  4.449   0.2559    0.3154    0.2717    0.1037
160     B         A          160           ILE        97.59         662  512  176  8.925  8.022  4.946   0.2691    0.3196    0.2756    0.1272
161     B         A          161           SER        97.90         662  512  166  8.925  8.022  4.803   0.2661    0.3200    0.2760    0.1213
162     B         A          162           CYS        98.38         662  512  180  8.925  8.022  5.001   0.2711    0.3234    0.2792    0.1320
163     B         A          163           THR        97.94         662  512  158  8.925  8.022  4.684   0.2637    0.3201    0.2762    0.1163
164     B         A          164           ALA        96.12         662  512  175  8.925  8.022  4.932   0.2730    0.3244    0.2801    0.1294
165     B         A          165           SER        90.78         662  512  160  8.925  8.022  4.714   0.2627    0.3187    0.2748    0.1168
166     B         A          166           ARG        81.40         662  512  170  8.925  8.022  4.861   0.2663    0.3204    0.2764    0.1241
167     B         A          167           PRO        84.19         662  512  159  8.925  8.022  4.699   0.2618    0.3198    0.2759    0.1167
168     B         A          168           ILE        92.07         662  512  156  8.925  8.022  4.654   0.2608    0.3120    0.2686    0.1109
169     B         A          169           GLY        88.48         662  512  177  8.925  8.022  4.960   0.2661    0.3157    0.2719    0.1258
170     B         A          170           ASP        88.86         662  512  143  8.925  8.022  4.449   0.2553    0.3154    0.2717    0.1038
171     B         A          171           LYS        90.47         662  512  175  8.925  8.022  4.932   0.2678    0.3180    0.2742    0.1261
172     B         A          172           LEU        97.30         662  512  199  8.925  8.022  5.253   0.2783    0.3252    0.2809    0.1448
173     B         A          173           SER        96.92         662  512  210  8.925  8.022  5.391   0.2794    0.3217    0.2777    0.1490
174     B         A          174           TRP        98.55         662  512  253  8.925  8.022  5.884   0.2951    0.3296    0.2851    0.1780
175     B         A          175           TYR        98.17         662  512  220  8.925  8.022  5.511   0.2812    0.3224    0.2783    0.1550
176     B         A          176           LYS        97.80         662  512  232  8.925  8.022  5.651   0.2833    0.3192    0.2753    0.1596
177     B         A          177           GLN        97.47         662  512  203  8.925  8.022  5.304   0.2756    0.3179    0.2740    0.1425
178     B         A          178           LYS        94.99         662  512  153  8.925  8.022  4.608   0.2586    0.3138    0.2701    0.1095
179     B         A          179           PRO        91.32         662  512  78  8.925  8.022  3.134   0.2229    0.2959    0.2536    0.0494
180     B         A          180           GLY        92.73         662  512  67  8.925  8.022  2.828   0.2183    0.2902    0.2483    0.0395
181     B         A          181           GLN        94.46         662  512  148  8.925  8.022  4.530   0.2571    0.3127    0.2692    0.1057
182     B         A          182           PRO        95.83         662  512  186  8.925  8.022  5.083   0.2730    0.3201    0.2760    0.1337
183     B         A          183           PRO        97.11         662  512  173  8.925  8.022  4.904   0.2680    0.3198    0.2757    0.1254
184     B         A          184           GLN        94.66         662  512  181  8.925  8.022  5.015   0.2684    0.3171    0.2732    0.1290
185     B         A          185           LEU        96.20         662  512  268  8.925  8.022  6.043   0.2923    0.3198    0.2758    0.1787
186     B         A          186           LEU        97.69         662  512  221  8.925  8.022  5.523   0.2813    0.3214    0.2773    0.1549
187     B         A          187           ILE        97.55         662  512  226  8.925  8.022  5.582   0.2836    0.3242    0.2800    0.1597
188     B         A          188           TYR        93.62         662  512  227  8.925  8.022  5.594   0.2814    0.3181    0.2743    0.1563
189     B         A          189           ASN        90.62         662  512  184  8.925  8.022  5.056   0.2712    0.3186    0.2747    0.1317
190     B         A          190           ALA        95.75         662  512  180  8.925  8.022  5.001   0.2684    0.3179    0.2741    0.1289
191     B         A          191           SER        94.70         662  512  160  8.925  8.022  4.714   0.2617    0.3195    0.2755    0.1171
192     B         A          192           THR        90.95         662  512  171  8.925  8.022  4.875   0.2655    0.3156    0.2719    0.1221
193     B         A          193           LEU        93.68         662  512  175  8.925  8.022  4.932   0.2667    0.3173    0.2735    0.1254
194     B         A          194           ALA        92.47         662  512  177  8.925  8.022  4.960   0.2683    0.3162    0.2724    0.1260
195     B         A          195           PRO        85.77         662  512  136  8.925  8.022  4.333   0.2507    0.3087    0.2654    0.0959
196     B         A          196           GLY        90.66         662  512  127  8.925  8.022  4.177   0.2441    0.3037    0.2608    0.0877
197     B         A          197           VAL        95.23         662  512  151  8.925  8.022  4.577   0.2567    0.3099    0.2665    0.1063
198     B         A          198           SER        92.10         662  512  88  8.925  8.022  3.382   0.2292    0.2967    0.2543    0.0573
199     B         A          199           SER        93.05         662  512  95  8.925  8.022  3.543   0.2324    0.2990    0.2565    0.0633
200     B         A          200           ARG        95.41         662  512  107  8.925  8.022  3.798   0.2395    0.3047    0.2617    0.0739
201     B         A          201           TYR        97.35         662  512  182  8.925  8.022  5.029   0.2709    0.3192    0.2752    0.1306
202     B         A          202           SER        96.77         662  512  175  8.925  8.022  4.932   0.2690    0.3203    0.2763    0.1270
203     B         A          203           GLY        97.88         662  512  154  8.925  8.022  4.623   0.2606    0.3159    0.2721    0.1112
204     B         A          204           SER        97.07         662  512  144  8.925  8.022  4.465   0.2547    0.3139    0.2703    0.1037
205     B         A          205           GLY        97.36         662  512  136  8.925  8.022  4.333   0.2524    0.3146    0.2709    0.0986
206     B         A          206           SER        91.34         662  512  116  8.925  8.022  3.975   0.2432    0.3133    0.2697    0.0838
207     B         A          207           ASP        88.30         662  512  116  8.925  8.022  3.975   0.2431    0.3101    0.2667    0.0826
208     B         A          208           THR        95.15         662  512  150  8.925  8.022  4.561   0.2586    0.3163    0.2726    0.1090
209     B         A          209           SER        97.28         662  512  152  8.925  8.022  4.592   0.2587    0.3177    0.2739    0.1110
210     B         A          210           PHE        98.63         662  512  203  8.925  8.022  5.304   0.2785    0.3229    0.2788    0.1457
211     B         A          211           THR        97.95         662  512  164  8.925  8.022  4.774   0.2664    0.3198    0.2758    0.1198
212     B         A          212           LEU        98.35         662  512  190  8.925  8.022  5.136   0.2736    0.3212    0.2771    0.1368
213     B         A          213           THR        97.95         662  512  174  8.925  8.022  4.918   0.2696    0.3209    0.2768    0.1268
214     B         A          214           ILE        97.16         662  512  183  8.925  8.022  5.042   0.2717    0.3205    0.2764    0.1320
215     B         A          215           SER        95.02         662  512  122  8.925  8.022  4.087   0.2437    0.3103    0.2669    0.0868
216     B         A          216           SER        95.23         662  512  80  8.925  8.022  3.186   0.2281    0.2999    0.2572    0.0520
217     B         A          217           LEU        94.95         662  512  103  8.925  8.022  3.715   0.2387    0.3046    0.2616    0.0709
218     B         A          218           GLN        94.44         662  512  103  8.925  8.022  3.715   0.2379    0.3050    0.2620    0.0711
219     B         A          219           GLU        92.51         662  512  70  8.925  8.022  2.916   0.2199    0.2908    0.2489    0.0420
220     B         A          220           ASP        90.80         662  512  89  8.925  8.022  3.406   0.2291    0.3011    0.2583    0.0593
221     B         A          221           ASP        95.27         662  512  129  8.925  8.022  4.213   0.2488    0.3095    0.2662    0.0914
222     B         A          222           PHE        95.99         662  512  145  8.925  8.022  4.482   0.2562    0.3132    0.2696    0.1039
223     B         A          223           ALA        96.85         662  512  164  8.925  8.022  4.774   0.2640    0.3153    0.2715    0.1173
224     B         A          224           THR        97.31         662  512  219  8.925  8.022  5.500   0.2810    0.3192    0.2753    0.1525
225     B         A          225           TYR        98.55         662  512  247  8.925  8.022  5.819   0.2893    0.3247    0.2804    0.1713
226     B         A          226           TYR        98.03         662  512  232  8.925  8.022  5.651   0.2842    0.3224    0.2783    0.1617
227     B         A          227           CYS        97.93         662  512  210  8.925  8.022  5.391   0.2811    0.3281    0.2836    0.1530
228     B         A          228           GLN        97.08         662  512  203  8.925  8.022  5.304   0.2759    0.3205    0.2765    0.1442
229     B         A          229           GLN        94.44         662  512  203  8.925  8.022  5.304   0.2756    0.3167    0.2731    0.1422
230     B         A          230           THR        90.70         662  512  217  8.925  8.022  5.476   0.2779    0.3127    0.2692    0.1474
231     B         A          231           TYR        87.33         662  512  162  8.925  8.022  4.744   0.2679    0.3214    0.2773    0.1195
232     B         A          232           THR        78.79         662  512  228  8.925  8.022  5.605   0.2825    0.3182    0.2743    0.1569
233     B         A          233           LEU        81.86         662  512  239  8.925  8.022  5.731   0.2869    0.3209    0.2770    0.1647
234     B         A          234           PRO        84.80         662  512  172  8.925  8.022  4.889   0.2677    0.3172    0.2735    0.1238
235     B         A          235           ILE        89.86         662  512  260  8.925  8.022  5.959   0.2864    0.3138    0.2703    0.1707
236     B         A          236           THR        92.51         662  512  208  8.925  8.022  5.366   0.2765    0.3172    0.2735    0.1453
237     B         A          237           PHE        95.91         662  512  251  8.925  8.022  5.863   0.2920    0.3270    0.2825    0.1750
238     B         A          238           GLY        96.52         662  512  173  8.925  8.022  4.904   0.2690    0.3209    0.2768    0.1261
239     B         A          239           GLN        93.48         662  512  165  8.925  8.022  4.788   0.2642    0.3153    0.2716    0.1181
240     B         A          240           GLY        96.76         662  512  136  8.925  8.022  4.333   0.2536    0.3138    0.2702    0.0982
241     B         A          241           THR        97.63         662  512  173  8.925  8.022  4.904   0.2701    0.3223    0.2781    0.1268
242     B         A          242           THR        96.20         662  512  162  8.925  8.022  4.744   0.2646    0.3162    0.2724    0.1166
243     B         A          243           ILE        96.39         662  512  156  8.925  8.022  4.654   0.2593    0.3143    0.2707    0.1117
244     B         A          244           SER        93.59         662  512  98  8.925  8.022  3.609   0.2320    0.3045    0.2615    0.0672
245     B         A          245           LYS        88.39         662  512  11  8.925  8.022  1.039   0.1855    0.2665    0.2270    0.0049
246     B         A          246           LYS        70.51         662  512  0  8.925  8.022  1.039   0.0996    0.0000    0.0000    0.0000
