i,AlignChn,ScoredChain,AlignResNum,AlignResType,AlignRespLDDT,n0chn,n0dom,n0res,d0chn,d0dom,d0res,ipTM_pae,ipSAE_d0chn,ipSAE_d0dom,ipSAE 
250     A         B            1           ILE        92.50         665  652  0  8.941  8.869  1.039   0.1587    0.0000    0.0000    0.0000
251     A         B            2           CYS        94.71         665  652  1  8.941  8.869  1.039   0.2108    0.2623    0.2592    0.0048
252     A         B            3           LEU        93.30         665  652  38  8.941  8.869  1.726   0.2320    0.2729    0.2697    0.0138
253     A         B            4           GLN        94.11         665  652  98  8.941  8.869  3.609   0.2540    0.2813    0.2780    0.0600
254     A         B            5           LYS        94.82         665  652  120  8.941  8.869  4.050   0.2583    0.2814    0.2781    0.0744
255     A         B            6           THR        93.79         665  652  56  8.941  8.869  2.476   0.2404    0.2740    0.2708    0.0281
256     A         B            7           SER        88.76         665  652  13  8.941  8.869  1.039   0.2222    0.2714    0.2682    0.0050
257     A         B            8           ASN        87.53         665  652  0  8.941  8.869  1.039   0.2027    0.0000    0.0000    0.0000
258     A         B            9           GLN        88.16         665  652  4  8.941  8.869  1.039   0.2148    0.2654    0.2623    0.0049
259     A         B           10           ILE        93.47         665  652  106  8.941  8.869  3.777   0.2547    0.2850    0.2817    0.0665
260     A         B           11           LEU        96.25         665  652  244  8.941  8.869  5.786   0.3445    0.3463    0.3427    0.1824
261     A         B           12           LYS        92.50         665  652  245  8.941  8.869  5.797   0.3474    0.3489    0.3452    0.1847
262     A         B           13           PRO        95.02         665  652  249  8.941  8.869  5.841   0.3894    0.3894    0.3856    0.2153
263     A         B           14           LYS        90.11         665  652  249  8.941  8.869  5.841   0.4094    0.4094    0.4055    0.2298
264     A         B           15           LEU        86.19         665  652  249  8.941  8.869  5.841   0.4257    0.4257    0.4218    0.2419
265     A         B           16           ILE        83.36         665  652  249  8.941  8.869  5.841   0.4004    0.4004    0.3965    0.2231
266     A         B           17           SER        59.73         665  652  229  8.941  8.869  5.617   0.3191    0.3251    0.3216    0.1605
267     A         B           18           TYR        60.80         665  652  227  8.941  8.869  5.594   0.3148    0.3210    0.3175    0.1569
268     A         B           19           THR        58.68         665  652  233  8.941  8.869  5.663   0.3275    0.3328    0.3292    0.1677
269     A         B           20           LEU        63.40         665  652  243  8.941  8.869  5.775   0.3413    0.3434    0.3398    0.1801
270     A         B           21           PRO        55.13         665  652  169  8.941  8.869  4.847   0.2903    0.3117    0.3083    0.1180
271     A         B           22           VAL        59.29         665  652  151  8.941  8.869  4.577   0.2838    0.3110    0.3075    0.1062
272     A         B           23           VAL        59.06         665  652  149  8.941  8.869  4.545   0.2826    0.3101    0.3066    0.1046
273     A         B           24           GLY        59.96         665  652  80  8.941  8.869  3.186   0.2481    0.3041    0.3007    0.0528
274     A         B           25           GLN        60.17         665  652  138  8.941  8.869  4.367   0.2807    0.3178    0.3144    0.1008
275     A         B           26           SER        64.66         665  652  175  8.941  8.869  4.932   0.3040    0.3318    0.3282    0.1326
276     A         B           27           GLY        70.13         665  652  216  8.941  8.869  5.464   0.3351    0.3495    0.3459    0.1694
277     A         B           28           THR        75.92         665  652  248  8.941  8.869  5.830   0.3860    0.3865    0.3828    0.2141
278     A         B           29           CYS        73.44         665  652  249  8.941  8.869  5.841   0.4048    0.4048    0.4010    0.2281
279     A         B           30           ILE        83.32         665  652  249  8.941  8.869  5.841   0.4475    0.4475    0.4435    0.2594
280     A         B           31           THR        82.67         665  652  249  8.941  8.869  5.841   0.4482    0.4482    0.4443    0.2603
281     A         B           32           ASP        90.63         665  652  249  8.941  8.869  5.841   0.4686    0.4686    0.4646    0.2763
282     A         B           33           PRO        92.75         665  652  249  8.941  8.869  5.841   0.4826    0.4826    0.4786    0.2881
283     A         B           34           LEU        95.64         665  652  249  8.941  8.869  5.841   0.4779    0.4779    0.4739    0.2835
284     A         B           35           LEU        96.20         665  652  249  8.941  8.869  5.841   0.4846    0.4846    0.4806    0.2891
285     A         B           36           ALA        97.98         665  652  249  8.941  8.869  5.841   0.4850    0.4850    0.4810    0.2894
286     A         B           37           MET        96.16         665  652  249  8.941  8.869  5.841   0.4536    0.4536    0.4497    0.2643
287     A         B           38           ASP        94.65         665  652  249  8.941  8.869  5.841   0.4259    0.4259    0.4220    0.2428
288     A         B           39           GLU        94.36         665  652  249  8.941  8.869  5.841   0.3935    0.3935    0.3897    0.2191
289     A         B           40           GLY        94.48         665  652  249  8.941  8.869  5.841   0.3833    0.3833    0.3796    0.2114
290     A         B           41           TYR        96.31         665  652  249  8.941  8.869  5.841   0.4734    0.4734    0.4694    0.2802
291     A         B           42           PHE        95.40         665  652  249  8.941  8.869  5.841   0.4788    0.4788    0.4748    0.2842
292     A         B           43           ALA        97.41         665  652  249  8.941  8.869  5.841   0.4876    0.4876    0.4836    0.2915
293     A         B           44           TYR        93.58         665  652  249  8.941  8.869  5.841   0.4800    0.4800    0.4760    0.2851
294     A         B           45           SER        95.52         665  652  249  8.941  8.869  5.841   0.4722    0.4722    0.4682    0.2792
295     A         B           46           HIS        90.89         665  652  249  8.941  8.869  5.841   0.4803    0.4803    0.4763    0.2856
296     A         B           47           LEU        90.50         665  652  249  8.941  8.869  5.841   0.4700    0.4700    0.4661    0.2773
297     A         B           48           GLU        84.80         665  652  249  8.941  8.869  5.841   0.4386    0.4386    0.4347    0.2531
298     A         B           49           ARG        79.74         665  652  249  8.941  8.869  5.841   0.4034    0.4034    0.3995    0.2267
299     A         B           50           ILE        77.88         665  652  249  8.941  8.869  5.841   0.3982    0.3982    0.3944    0.2232
300     A         B           51           GLY        67.63         665  652  239  8.941  8.869  5.731   0.3769    0.3820    0.3783    0.2056
301     A         B           52           SER        59.75         665  652  240  8.941  8.869  5.742   0.3730    0.3774    0.3737    0.2028
302     A         B           53           CYS        63.72         665  652  249  8.941  8.869  5.841   0.3962    0.3962    0.3924    0.2219
303     A         B           54           SER        55.15         665  652  225  8.941  8.869  5.570   0.3550    0.3663    0.3627    0.1860
304     A         B           55           ARG        58.97         665  652  223  8.941  8.869  5.547   0.3489    0.3607    0.3571    0.1809
305     A         B           56           GLY        70.94         665  652  224  8.941  8.869  5.559   0.3561    0.3683    0.3646    0.1867
306     A         B           57           VAL        79.44         665  652  243  8.941  8.869  5.775   0.3731    0.3760    0.3723    0.2038
307     A         B           58           SER        85.03         665  652  231  8.941  8.869  5.640   0.3623    0.3708    0.3671    0.1924
308     A         B           59           LYS        83.95         665  652  245  8.941  8.869  5.797   0.3702    0.3720    0.3683    0.2018
309     A         B           60           GLN        86.38         665  652  248  8.941  8.869  5.830   0.3761    0.3765    0.3728    0.2070
310     A         B           61           ARG        92.65         665  652  249  8.941  8.869  5.841   0.4454    0.4454    0.4415    0.2582
311     A         B           62           ILE        89.51         665  652  249  8.941  8.869  5.841   0.4393    0.4393    0.4354    0.2533
312     A         B           63           ILE        95.54         665  652  249  8.941  8.869  5.841   0.4625    0.4625    0.4585    0.2711
313     A         B           64           GLY        92.89         665  652  249  8.941  8.869  5.841   0.4212    0.4212    0.4173    0.2397
314     A         B           65           VAL        94.12         665  652  249  8.941  8.869  5.841   0.4583    0.4583    0.4543    0.2677
315     A         B           66           GLY        91.38         665  652  249  8.941  8.869  5.841   0.3938    0.3938    0.3900    0.2191
316     A         B           67           GLU        87.03         665  652  249  8.941  8.869  5.841   0.4024    0.4024    0.3986    0.2251
317     A         B           68           VAL        92.72         665  652  249  8.941  8.869  5.841   0.4205    0.4205    0.4166    0.2381
318     A         B           69           LEU        83.79         665  652  246  8.941  8.869  5.808   0.3450    0.3460    0.3424    0.1839
319     A         B           70           ASP        84.87         665  652  191  8.941  8.869  5.149   0.2976    0.3132    0.3097    0.1320
320     A         B           71           ARG        73.67         665  652  15  8.941  8.869  1.039   0.2136    0.2738    0.2706    0.0051
321     A         B           72           GLY        79.38         665  652  11  8.941  8.869  1.039   0.2126    0.2749    0.2717    0.0051
322     A         B           73           ASP        80.64         665  652  120  8.941  8.869  4.050   0.2606    0.2913    0.2880    0.0779
323     A         B           74           GLU        87.09         665  652  218  8.941  8.869  5.488   0.3175    0.3276    0.3240    0.1559
324     A         B           75           VAL        89.50         665  652  249  8.941  8.869  5.841   0.3646    0.3646    0.3609    0.1980
325     A         B           76           PRO        92.82         665  652  249  8.941  8.869  5.841   0.3880    0.3880    0.3842    0.2143
326     A         B           77           SER        85.56         665  652  249  8.941  8.869  5.841   0.3770    0.3770    0.3732    0.2067
327     A         B           78           LEU        88.19         665  652  249  8.941  8.869  5.841   0.4301    0.4301    0.4262    0.2454
328     A         B           79           PHE        84.13         665  652  249  8.941  8.869  5.841   0.4286    0.4286    0.4247    0.2442
329     A         B           80           MET        84.79         665  652  249  8.941  8.869  5.841   0.4140    0.4140    0.4101    0.2333
330     A         B           81           THR        86.36         665  652  249  8.941  8.869  5.841   0.4069    0.4069    0.4030    0.2282
331     A         B           82           ASN        88.41         665  652  249  8.941  8.869  5.841   0.4219    0.4219    0.4180    0.2396
332     A         B           83           VAL        86.92         665  652  249  8.941  8.869  5.841   0.4263    0.4263    0.4224    0.2429
333     A         B           84           TRP        91.66         665  652  249  8.941  8.869  5.841   0.4312    0.4312    0.4273    0.2466
334     A         B           85           THR        89.35         665  652  249  8.941  8.869  5.841   0.3903    0.3903    0.3865    0.2166
335     A         B           86           PRO        92.97         665  652  249  8.941  8.869  5.841   0.3783    0.3783    0.3745    0.2081
336     A         B           87           PRO        89.48         665  652  224  8.941  8.869  5.559   0.3388    0.3488    0.3452    0.1732
337     A         B           88           ASN        91.40         665  652  249  8.941  8.869  5.841   0.3761    0.3761    0.3724    0.2070
338     A         B           89           PRO        89.77         665  652  245  8.941  8.869  5.797   0.3686    0.3704    0.3667    0.2005
339     A         B           90           ASN        89.27         665  652  249  8.941  8.869  5.841   0.3717    0.3717    0.3680    0.2036
340     A         B           91           THR        94.24         665  652  249  8.941  8.869  5.841   0.4010    0.4010    0.3972    0.2247
341     A         B           92           VAL        96.12         665  652  249  8.941  8.869  5.841   0.4366    0.4366    0.4327    0.2510
342     A         B           93           TYR        96.00         665  652  249  8.941  8.869  5.841   0.4469    0.4469    0.4429    0.2587
343     A         B           94           HIS        97.44         665  652  249  8.941  8.869  5.841   0.4736    0.4736    0.4696    0.2800
344     A         B           95           CYS        97.93         665  652  249  8.941  8.869  5.841   0.4683    0.4683    0.4643    0.2761
345     A         B           96           SER        98.76         665  652  249  8.941  8.869  5.841   0.4681    0.4681    0.4641    0.2758
346     A         B           97           ALA        98.62         665  652  249  8.941  8.869  5.841   0.4760    0.4760    0.4721    0.2822
347     A         B           98           VAL        98.63         665  652  249  8.941  8.869  5.841   0.4725    0.4725    0.4686    0.2789
348     A         B           99           TYR        97.89         665  652  249  8.941  8.869  5.841   0.4726    0.4726    0.4686    0.2794
349     A         B          100           ASN        95.57         665  652  249  8.941  8.869  5.841   0.4306    0.4306    0.4267    0.2463
350     A         B          101           ASN        89.23         665  652  226  8.941  8.869  5.582   0.3336    0.3419    0.3383    0.1698
351     A         B          102           GLU        89.56         665  652  241  8.941  8.869  5.753   0.3461    0.3491    0.3455    0.1831
352     A         B          103           PHE        94.09         665  652  249  8.941  8.869  5.841   0.4621    0.4621    0.4581    0.2709
353     A         B          104           TYR        97.48         665  652  249  8.941  8.869  5.841   0.4632    0.4632    0.4593    0.2715
354     A         B          105           TYR        97.30         665  652  249  8.941  8.869  5.841   0.4871    0.4871    0.4831    0.2909
355     A         B          106           VAL        98.15         665  652  249  8.941  8.869  5.841   0.4640    0.4640    0.4600    0.2720
356     A         B          107           LEU        98.48         665  652  249  8.941  8.869  5.841   0.4791    0.4791    0.4751    0.2843
357     A         B          108           CYS        97.90         665  652  249  8.941  8.869  5.841   0.4615    0.4615    0.4576    0.2708
358     A         B          109           ALA        98.09         665  652  249  8.941  8.869  5.841   0.4657    0.4657    0.4617    0.2738
359     A         B          110           VAL        96.54         665  652  249  8.941  8.869  5.841   0.4472    0.4472    0.4433    0.2594
360     A         B          111           SER        96.24         665  652  249  8.941  8.869  5.841   0.4279    0.4279    0.4240    0.2450
361     A         B          112           THR        92.39         665  652  249  8.941  8.869  5.841   0.3971    0.3971    0.3933    0.2222
362     A         B          113           VAL        90.82         665  652  249  8.941  8.869  5.841   0.4294    0.4294    0.4256    0.2459
363     A         B          114           GLY        90.34         665  652  249  8.941  8.869  5.841   0.4299    0.4299    0.4260    0.2464
364     A         B          115           ASP        90.24         665  652  249  8.941  8.869  5.841   0.4573    0.4573    0.4533    0.2674
365     A         B          116           PRO        97.17         665  652  249  8.941  8.869  5.841   0.4560    0.4560    0.4520    0.2666
366     A         B          117           ILE        94.18         665  652  249  8.941  8.869  5.841   0.4784    0.4784    0.4744    0.2841
367     A         B          118           LEU        86.10         665  652  249  8.941  8.869  5.841   0.4521    0.4521    0.4482    0.2632
368     A         B          119           ASN        91.92         665  652  249  8.941  8.869  5.841   0.4597    0.4597    0.4558    0.2701
369     A         B          120           SER        94.19         665  652  249  8.941  8.869  5.841   0.4525    0.4525    0.4486    0.2642
370     A         B          121           THR        91.69         665  652  249  8.941  8.869  5.841   0.4302    0.4302    0.4263    0.2465
371     A         B          122           TYR        92.54         665  652  249  8.941  8.869  5.841   0.4338    0.4338    0.4299    0.2492
372     A         B          123           TRP        96.90         665  652  249  8.941  8.869  5.841   0.4458    0.4458    0.4419    0.2583
373     A         B          124           SER        94.01         665  652  249  8.941  8.869  5.841   0.4016    0.4016    0.3978    0.2258
374     A         B          125           GLY        96.68         665  652  249  8.941  8.869  5.841   0.3911    0.3911    0.3873    0.2177
375     A         B          126           SER        95.32         665  652  249  8.941  8.869  5.841   0.4085    0.4085    0.4046    0.2302
376     A         B          127           LEU        97.40         665  652  249  8.941  8.869  5.841   0.4567    0.4567    0.4527    0.2667
377     A         B          128           MET        95.07         665  652  249  8.941  8.869  5.841   0.4181    0.4181    0.4142    0.2372
378     A         B          129           MET        95.58         665  652  249  8.941  8.869  5.841   0.4434    0.4434    0.4395    0.2562
379     A         B          130           THR        95.49         665  652  249  8.941  8.869  5.841   0.4410    0.4410    0.4371    0.2543
380     A         B          131           ARG        93.20         665  652  249  8.941  8.869  5.841   0.4316    0.4316    0.4276    0.2470
381     A         B          132           LEU        94.41         665  652  249  8.941  8.869  5.841   0.4422    0.4422    0.4383    0.2550
382     A         B          133           ALA        91.04         665  652  249  8.941  8.869  5.841   0.4294    0.4294    0.4255    0.2454
383     A         B          134           VAL        92.08         665  652  249  8.941  8.869  5.841   0.3775    0.3775    0.3738    0.2071
384     A         B          135           LYS        84.81         665  652  224  8.941  8.869  5.559   0.3298    0.3386    0.3350    0.1665
385     A         B          136           PRO        78.80         665  652  89  8.941  8.869  3.406   0.2494    0.2909    0.2875    0.0563
386     A         B          137           LYS        71.11         665  652  12  8.941  8.869  1.039   0.2034    0.2746    0.2714    0.0051
387     A         B          138           SER        62.38         665  652  0  8.941  8.869  1.039   0.1494    0.0000    0.0000    0.0000
388     A         B          139           ASN        64.49         665  652  0  8.941  8.869  1.039   0.1265    0.0000    0.0000    0.0000
389     A         B          140           GLY        61.89         665  652  0  8.941  8.869  1.039   0.1322    0.0000    0.0000    0.0000
390     A         B          141           GLY        64.53         665  652  0  8.941  8.869  1.039   0.1442    0.0000    0.0000    0.0000
391     A         B          142           GLY        65.42         665  652  0  8.941  8.869  1.039   0.1697    0.0000    0.0000    0.0000
392     A         B          143           TYR        68.88         665  652  56  8.941  8.869  2.476   0.2309    0.2819    0.2786    0.0293
393     A         B          144           ASN        80.87         665  652  169  8.941  8.869  4.847   0.2915    0.3158    0.3123    0.1201
394     A         B          145           GLN        83.74         665  652  231  8.941  8.869  5.640   0.3327    0.3389    0.3353    0.1705
395     A         B          146           HIS        86.81         665  652  249  8.941  8.869  5.841   0.3710    0.3710    0.3673    0.2029
396     A         B          147           GLN        88.55         665  652  249  8.941  8.869  5.841   0.3749    0.3749    0.3712    0.2055
397     A         B          148           LEU        90.31         665  652  249  8.941  8.869  5.841   0.3699    0.3699    0.3661    0.2019
398     A         B          149           ALA        83.06         665  652  136  8.941  8.869  4.333   0.2738    0.3064    0.3030    0.0944
399     A         B          150           LEU        90.06         665  652  161  8.941  8.869  4.729   0.2882    0.3145    0.3110    0.1144
400     A         B          151           ARG        83.03         665  652  31  8.941  8.869  1.325   0.2157    0.2871    0.2838    0.0088
401     A         B          152           SER        87.30         665  652  120  8.941  8.869  4.050   0.2664    0.3098    0.3064    0.0851
402     A         B          153           ILE        95.67         665  652  249  8.941  8.869  5.841   0.3787    0.3787    0.3750    0.2082
403     A         B          154           GLU        95.98         665  652  249  8.941  8.869  5.841   0.4176    0.4176    0.4137    0.2369
404     A         B          155           LYS        97.04         665  652  249  8.941  8.869  5.841   0.3995    0.3995    0.3957    0.2235
405     A         B          156           GLY        97.20         665  652  249  8.941  8.869  5.841   0.3901    0.3901    0.3864    0.2169
406     A         B          157           ARG        95.17         665  652  249  8.941  8.869  5.841   0.4098    0.4098    0.4060    0.2317
407     A         B          158           TYR        98.61         665  652  249  8.941  8.869  5.841   0.4690    0.4690    0.4650    0.2765
408     A         B          159           ASP        97.51         665  652  249  8.941  8.869  5.841   0.4567    0.4567    0.4528    0.2669
409     A         B          160           LYS        98.22         665  652  249  8.941  8.869  5.841   0.4334    0.4334    0.4295    0.2489
410     A         B          161           VAL        98.70         665  652  249  8.941  8.869  5.841   0.4751    0.4751    0.4711    0.2813
411     A         B          162           MET        98.11         665  652  249  8.941  8.869  5.841   0.4283    0.4283    0.4244    0.2448
412     A         B          163           PRO        98.74         665  652  249  8.941  8.869  5.841   0.4669    0.4669    0.4629    0.2748
413     A         B          164           TYR        98.59         665  652  249  8.941  8.869  5.841   0.4762    0.4762    0.4722    0.2819
414     A         B          165           GLY        98.62         665  652  249  8.941  8.869  5.841   0.4107    0.4107    0.4069    0.2323
415     A         B          166           PRO        97.36         665  652  249  8.941  8.869  5.841   0.4435    0.4435    0.4396    0.2569
416     A         B          167           SER        97.79         665  652  249  8.941  8.869  5.841   0.4399    0.4399    0.4360    0.2537
417     A         B          168           GLY        98.73         665  652  249  8.941  8.869  5.841   0.4469    0.4469    0.4430    0.2594
418     A         B          169           ILE        98.28         665  652  249  8.941  8.869  5.841   0.4740    0.4740    0.4700    0.2803
419     A         B          170           LYS        96.66         665  652  249  8.941  8.869  5.841   0.4544    0.4544    0.4504    0.2649
420     A         B          171           GLN        94.41         665  652  249  8.941  8.869  5.841   0.4092    0.4092    0.4053    0.2305
421     A         B          172           GLY        93.97         665  652  242  8.941  8.869  5.764   0.3424    0.3450    0.3414    0.1809
422     A         B          173           ASP        89.25         665  652  184  8.941  8.869  5.056   0.3042    0.3266    0.3231    0.1354
423     A         B          174           THR        96.80         665  652  249  8.941  8.869  5.841   0.4443    0.4443    0.4403    0.2571
424     A         B          175           LEU        97.85         665  652  249  8.941  8.869  5.841   0.4723    0.4723    0.4683    0.2788
425     A         B          176           TYR        98.63         665  652  249  8.941  8.869  5.841   0.4925    0.4925    0.4885    0.2954
426     A         B          177           PHE        98.87         665  652  249  8.941  8.869  5.841   0.4837    0.4837    0.4797    0.2879
427     A         B          178           PRO        98.91         665  652  249  8.941  8.869  5.841   0.4696    0.4696    0.4657    0.2770
428     A         B          179           ALA        98.87         665  652  249  8.941  8.869  5.841   0.4604    0.4604    0.4564    0.2697
429     A         B          180           VAL        98.73         665  652  249  8.941  8.869  5.841   0.4645    0.4645    0.4605    0.2727
430     A         B          181           GLY        98.80         665  652  249  8.941  8.869  5.841   0.4584    0.4584    0.4544    0.2685
431     A         B          182           PHE        98.52         665  652  249  8.941  8.869  5.841   0.4896    0.4896    0.4856    0.2933
432     A         B          183           LEU        98.08         665  652  249  8.941  8.869  5.841   0.4833    0.4833    0.4793    0.2882
433     A         B          184           VAL        97.37         665  652  249  8.941  8.869  5.841   0.4609    0.4609    0.4569    0.2703
434     A         B          185           ARG        94.32         665  652  249  8.941  8.869  5.841   0.4218    0.4218    0.4179    0.2401
435     A         B          186           THR        94.17         665  652  249  8.941  8.869  5.841   0.4160    0.4160    0.4122    0.2362
436     A         B          187           GLU        95.17         665  652  249  8.941  8.869  5.841   0.4191    0.4191    0.4152    0.2384
437     A         B          188           PHE        95.82         665  652  249  8.941  8.869  5.841   0.3985    0.3985    0.3947    0.2227
438     A         B          189           LYS        91.47         665  652  220  8.941  8.869  5.511   0.3320    0.3432    0.3396    0.1675
439     A         B          190           TYR        93.14         665  652  242  8.941  8.869  5.764   0.3477    0.3506    0.3470    0.1850
440     A         B          191           ASN        92.16         665  652  202  8.941  8.869  5.291   0.3143    0.3308    0.3272    0.1490
441     A         B          192           ASP        88.54         665  652  208  8.941  8.869  5.366   0.3141    0.3278    0.3243    0.1506
442     A         B          193           SER        91.11         665  652  198  8.941  8.869  5.240   0.3111    0.3286    0.3251    0.1453
443     A         B          194           ASN        91.17         665  652  208  8.941  8.869  5.366   0.3172    0.3313    0.3278    0.1529
444     A         B          195           CYS        93.15         665  652  223  8.941  8.869  5.547   0.3301    0.3398    0.3362    0.1670
445     A         B          196           PRO        87.97         665  652  191  8.941  8.869  5.149   0.3024    0.3210    0.3175    0.1366
446     A         B          197           ILE        88.08         665  652  189  8.941  8.869  5.123   0.3034    0.3226    0.3191    0.1363
447     A         B          198           THR        88.26         665  652  90  8.941  8.869  3.429   0.2535    0.3123    0.3089    0.0632
448     A         B          199           LYS        82.02         665  652  139  8.941  8.869  4.383   0.2855    0.3266    0.3231    0.1055
449     A         B          200           CYS        85.76         665  652  236  8.941  8.869  5.697   0.3452    0.3509    0.3472    0.1818
450     A         B          201           GLN        76.66         665  652  206  8.941  8.869  5.341   0.3204    0.3365    0.3330    0.1550
451     A         B          202           TYR        76.96         665  652  239  8.941  8.869  5.731   0.3515    0.3558    0.3522    0.1868
452     A         B          203           SER        86.91         665  652  245  8.941  8.869  5.797   0.3816    0.3838    0.3800    0.2099
453     A         B          204           LYS        87.84         665  652  249  8.941  8.869  5.841   0.4006    0.4006    0.3967    0.2243
454     A         B          205           PRO        92.61         665  652  249  8.941  8.869  5.841   0.4005    0.4005    0.3967    0.2247
455     A         B          206           GLU        90.50         665  652  249  8.941  8.869  5.841   0.4199    0.4199    0.4160    0.2386
456     A         B          207           ASN        90.99         665  652  249  8.941  8.869  5.841   0.4455    0.4455    0.4416    0.2578
457     A         B          208           CYS        94.90         665  652  249  8.941  8.869  5.841   0.4597    0.4597    0.4558    0.2693
458     A         B          209           ARG        93.86         665  652  249  8.941  8.869  5.841   0.4501    0.4501    0.4462    0.2618
459     A         B          210           LEU        91.35         665  652  249  8.941  8.869  5.841   0.4689    0.4689    0.4649    0.2762
460     A         B          211           SER        92.92         665  652  249  8.941  8.869  5.841   0.4534    0.4534    0.4494    0.2644
461     A         B          212           MET        95.67         665  652  249  8.941  8.869  5.841   0.4612    0.4612    0.4573    0.2711
462     A         B          213           GLY        93.58         665  652  249  8.941  8.869  5.841   0.4405    0.4405    0.4366    0.2553
463     A         B          214           ILE        88.66         665  652  249  8.941  8.869  5.841   0.4492    0.4492    0.4453    0.2614
464     A         B          215           ARG        82.37         665  652  249  8.941  8.869  5.841   0.4341    0.4341    0.4302    0.2503
465     A         B          216           PRO        81.09         665  652  249  8.941  8.869  5.841   0.4120    0.4120    0.4082    0.2340
466     A         B          217           ASN        82.56         665  652  244  8.941  8.869  5.786   0.3823    0.3850    0.3812    0.2109
467     A         B          218           SER        90.16         665  652  249  8.941  8.869  5.841   0.4140    0.4140    0.4101    0.2348
468     A         B          219           HIS        94.83         665  652  249  8.941  8.869  5.841   0.4347    0.4347    0.4309    0.2503
469     A         B          220           TYR        97.57         665  652  249  8.941  8.869  5.841   0.4656    0.4656    0.4616    0.2740
470     A         B          221           ILE        96.99         665  652  249  8.941  8.869  5.841   0.4753    0.4753    0.4713    0.2818
471     A         B          222           LEU        97.58         665  652  249  8.941  8.869  5.841   0.4824    0.4824    0.4784    0.2872
472     A         B          223           ARG        98.23         665  652  249  8.941  8.869  5.841   0.4739    0.4739    0.4700    0.2808
473     A         B          224           SER        98.33         665  652  249  8.941  8.869  5.841   0.4543    0.4543    0.4503    0.2652
474     A         B          225           GLY        98.77         665  652  249  8.941  8.869  5.841   0.4578    0.4578    0.4538    0.2683
475     A         B          226           LEU        98.71         665  652  249  8.941  8.869  5.841   0.4714    0.4714    0.4674    0.2780
476     A         B          227           LEU        98.70         665  652  249  8.941  8.869  5.841   0.4755    0.4755    0.4715    0.2813
477     A         B          228           LYS        97.74         665  652  249  8.941  8.869  5.841   0.4661    0.4661    0.4621    0.2745
478     A         B          229           TYR        96.41         665  652  249  8.941  8.869  5.841   0.4597    0.4597    0.4558    0.2689
479     A         B          230           ASN        93.81         665  652  249  8.941  8.869  5.841   0.4018    0.4018    0.3979    0.2254
480     A         B          231           LEU        91.38         665  652  249  8.941  8.869  5.841   0.3686    0.3686    0.3649    0.2012
481     A         B          232           SER        87.67         665  652  146  8.941  8.869  4.498   0.2847    0.3197    0.3162    0.1071
482     A         B          233           ASP        78.46         665  652  35  8.941  8.869  1.566   0.2234    0.2825    0.2792    0.0120
483     A         B          234           GLY        76.27         665  652  0  8.941  8.869  1.039   0.1532    0.0000    0.0000    0.0000
484     A         B          235           GLU        71.59         665  652  0  8.941  8.869  1.039   0.1674    0.0000    0.0000    0.0000
485     A         B          236           ASN        73.50         665  652  5  8.941  8.869  1.039   0.1849    0.2753    0.2721    0.0051
486     A         B          237           PRO        84.58         665  652  84  8.941  8.869  3.286   0.2518    0.3026    0.2993    0.0557
487     A         B          238           LYS        89.53         665  652  232  8.941  8.869  5.651   0.3494    0.3566    0.3529    0.1834
488     A         B          239           VAL        95.83         665  652  249  8.941  8.869  5.841   0.4030    0.4030    0.3991    0.2257
489     A         B          240           VAL        97.11         665  652  249  8.941  8.869  5.841   0.4492    0.4492    0.4453    0.2609
490     A         B          241           PHE        98.64         665  652  249  8.941  8.869  5.841   0.4811    0.4811    0.4771    0.2861
491     A         B          242           ILE        98.42         665  652  249  8.941  8.869  5.841   0.4620    0.4620    0.4581    0.2706
492     A         B          243           GLU        97.42         665  652  249  8.941  8.869  5.841   0.4413    0.4413    0.4374    0.2545
493     A         B          244           ILE        97.59         665  652  249  8.941  8.869  5.841   0.4122    0.4122    0.4083    0.2323
494     A         B          245           SER        93.55         665  652  215  8.941  8.869  5.452   0.3222    0.3341    0.3306    0.1585
495     A         B          246           ASP        89.83         665  652  233  8.941  8.869  5.663   0.3333    0.3391    0.3355    0.1719
496     A         B          247           GLN        91.23         665  652  230  8.941  8.869  5.629   0.3308    0.3380    0.3344    0.1696
497     A         B          248           ARG        91.13         665  652  237  8.941  8.869  5.708   0.3490    0.3542    0.3506    0.1848
498     A         B          249           LEU        94.18         665  652  248  8.941  8.869  5.830   0.3910    0.3915    0.3877    0.2176
499     A         B          250           SER        95.96         665  652  249  8.941  8.869  5.841   0.4088    0.4088    0.4050    0.2309
500     A         B          251           ILE        96.04         665  652  249  8.941  8.869  5.841   0.4381    0.4381    0.4342    0.2524
501     A         B          252           GLY        97.92         665  652  249  8.941  8.869  5.841   0.4208    0.4208    0.4170    0.2400
502     A         B          253           SER        97.29         665  652  249  8.941  8.869  5.841   0.4484    0.4484    0.4445    0.2606
503     A         B          254           PRO        97.91         665  652  249  8.941  8.869  5.841   0.4894    0.4894    0.4854    0.2936
504     A         B          255           SER        98.67         665  652  249  8.941  8.869  5.841   0.4787    0.4787    0.4747    0.2848
505     A         B          256           LYS        98.78         665  652  249  8.941  8.869  5.841   0.4801    0.4801    0.4761    0.2855
506     A         B          257           ILE        98.80         665  652  249  8.941  8.869  5.841   0.4851    0.4851    0.4812    0.2892
507     A         B          258           TYR        98.52         665  652  249  8.941  8.869  5.841   0.4627    0.4627    0.4587    0.2711
508     A         B          259           ASP        96.05         665  652  249  8.941  8.869  5.841   0.4282    0.4282    0.4243    0.2450
509     A         B          260           SER        97.19         665  652  249  8.941  8.869  5.841   0.3659    0.3659    0.3622    0.1991
510     A         B          261           LEU        93.91         665  652  245  8.941  8.869  5.797   0.3746    0.3766    0.3728    0.2043
511     A         B          262           GLY        95.18         665  652  233  8.941  8.869  5.663   0.3293    0.3347    0.3311    0.1690
512     A         B          263           GLN        95.91         665  652  249  8.941  8.869  5.841   0.4051    0.4051    0.4013    0.2276
513     A         B          264           PRO        97.93         665  652  249  8.941  8.869  5.841   0.4711    0.4711    0.4671    0.2783
514     A         B          265           VAL        98.66         665  652  249  8.941  8.869  5.841   0.4808    0.4808    0.4768    0.2859
515     A         B          266           PHE        98.75         665  652  249  8.941  8.869  5.841   0.4989    0.4989    0.4949    0.3007
516     A         B          267           TYR        98.89         665  652  249  8.941  8.869  5.841   0.4836    0.4836    0.4796    0.2880
517     A         B          268           GLN        98.67         665  652  249  8.941  8.869  5.841   0.4906    0.4906    0.4866    0.2941
518     A         B          269           ALA        97.49         665  652  249  8.941  8.869  5.841   0.4893    0.4893    0.4853    0.2932
519     A         B          270           SER        95.94         665  652  249  8.941  8.869  5.841   0.4660    0.4660    0.4620    0.2748
520     A         B          271           PHE        93.75         665  652  249  8.941  8.869  5.841   0.4868    0.4868    0.4828    0.2908
521     A         B          272           SER        93.23         665  652  249  8.941  8.869  5.841   0.4558    0.4558    0.4518    0.2668
522     A         B          273           TRP        93.11         665  652  249  8.941  8.869  5.841   0.4884    0.4884    0.4845    0.2927
523     A         B          274           ASP        95.42         665  652  249  8.941  8.869  5.841   0.4713    0.4713    0.4673    0.2789
524     A         B          275           THR        92.09         665  652  249  8.941  8.869  5.841   0.4792    0.4792    0.4752    0.2852
525     A         B          276           MET        95.17         665  652  249  8.941  8.869  5.841   0.4814    0.4814    0.4775    0.2870
526     A         B          277           ILE        98.38         665  652  249  8.941  8.869  5.841   0.4858    0.4858    0.4818    0.2899
527     A         B          278           LYS        97.96         665  652  249  8.941  8.869  5.841   0.4811    0.4811    0.4772    0.2862
528     A         B          279           PHE        98.61         665  652  249  8.941  8.869  5.841   0.4735    0.4735    0.4695    0.2799
529     A         B          280           GLY        98.35         665  652  249  8.941  8.869  5.841   0.4605    0.4605    0.4565    0.2701
530     A         B          281           ASP        97.09         665  652  249  8.941  8.869  5.841   0.4504    0.4504    0.4464    0.2614
531     A         B          282           VAL        98.08         665  652  249  8.941  8.869  5.841   0.4615    0.4615    0.4575    0.2699
532     A         B          283           LEU        96.01         665  652  249  8.941  8.869  5.841   0.4336    0.4336    0.4297    0.2485
533     A         B          284           THR        95.68         665  652  249  8.941  8.869  5.841   0.3873    0.3873    0.3835    0.2142
534     A         B          285           VAL        95.33         665  652  249  8.941  8.869  5.841   0.3805    0.3805    0.3768    0.2092
535     A         B          286           ASN        94.07         665  652  245  8.941  8.869  5.797   0.3470    0.3485    0.3449    0.1848
536     A         B          287           PRO        94.45         665  652  249  8.941  8.869  5.841   0.3802    0.3802    0.3765    0.2092
537     A         B          288           LEU        97.76         665  652  249  8.941  8.869  5.841   0.4208    0.4208    0.4169    0.2385
538     A         B          289           VAL        96.33         665  652  249  8.941  8.869  5.841   0.4352    0.4352    0.4313    0.2495
539     A         B          290           VAL        97.67         665  652  249  8.941  8.869  5.841   0.4448    0.4448    0.4408    0.2567
540     A         B          291           ASN        96.61         665  652  249  8.941  8.869  5.841   0.4483    0.4483    0.4444    0.2597
541     A         B          292           TRP        97.66         665  652  249  8.941  8.869  5.841   0.4693    0.4693    0.4654    0.2761
542     A         B          293           ARG        97.94         665  652  249  8.941  8.869  5.841   0.4353    0.4353    0.4314    0.2495
543     A         B          294           ASN        93.91         665  652  249  8.941  8.869  5.841   0.4223    0.4223    0.4184    0.2395
544     A         B          295           ASN        97.24         665  652  249  8.941  8.869  5.841   0.4439    0.4439    0.4400    0.2562
545     A         B          296           THR        92.96         665  652  249  8.941  8.869  5.841   0.4572    0.4572    0.4533    0.2667
546     A         B          297           VAL        95.33         665  652  249  8.941  8.869  5.841   0.4656    0.4656    0.4616    0.2736
547     A         B          298           ILE        97.81         665  652  249  8.941  8.869  5.841   0.4861    0.4861    0.4821    0.2905
548     A         B          299           SER        95.07         665  652  249  8.941  8.869  5.841   0.4955    0.4955    0.4915    0.2992
549     A         B          300           ARG        94.15         665  652  249  8.941  8.869  5.841   0.5093    0.5093    0.5053    0.3102
550     A         B          301           PRO        85.59         665  652  249  8.941  8.869  5.841   0.5043    0.5043    0.5003    0.3062
551     A         B          302           GLY        78.70         665  652  249  8.941  8.869  5.841   0.4840    0.4840    0.4800    0.2900
552     A         B          303           GLN        64.44         665  652  249  8.941  8.869  5.841   0.5052    0.5052    0.5012    0.3069
553     A         B          304           SER        60.23         665  652  249  8.941  8.869  5.841   0.5028    0.5028    0.4989    0.3054
554     A         B          305           GLN        66.56         665  652  249  8.941  8.869  5.841   0.4982    0.4982    0.4942    0.3008
555     A         B          306           CYS        82.62         665  652  249  8.941  8.869  5.841   0.5081    0.5081    0.5041    0.3094
556     A         B          307           PRO        77.01         665  652  249  8.941  8.869  5.841   0.4863    0.4863    0.4823    0.2906
557     A         B          308           ARG        85.78         665  652  249  8.941  8.869  5.841   0.4984    0.4984    0.4944    0.3007
558     A         B          309           PHE        85.64         665  652  249  8.941  8.869  5.841   0.5036    0.5036    0.4996    0.3051
559     A         B          310           ASN        84.00         665  652  249  8.941  8.869  5.841   0.4787    0.4787    0.4748    0.2840
560     A         B          311           THR        88.50         665  652  249  8.941  8.869  5.841   0.4723    0.4723    0.4684    0.2795
561     A         B          312           CYS        89.47         665  652  249  8.941  8.869  5.841   0.4586    0.4586    0.4547    0.2689
562     A         B          313           PRO        92.78         665  652  249  8.941  8.869  5.841   0.4637    0.4637    0.4598    0.2732
563     A         B          314           GLU        83.76         665  652  249  8.941  8.869  5.841   0.4525    0.4525    0.4485    0.2639
564     A         B          315           ILE        82.29         665  652  249  8.941  8.869  5.841   0.4721    0.4721    0.4682    0.2797
565     A         B          316           CYS        80.97         665  652  249  8.941  8.869  5.841   0.5041    0.5041    0.5002    0.3065
566     A         B          317           TRP        85.50         665  652  249  8.941  8.869  5.841   0.5106    0.5106    0.5066    0.3116
567     A         B          318           GLU        81.55         665  652  249  8.941  8.869  5.841   0.4899    0.4899    0.4860    0.2942
568     A         B          319           GLY        89.36         665  652  249  8.941  8.869  5.841   0.4747    0.4747    0.4708    0.2829
569     A         B          320           VAL        91.50         665  652  249  8.941  8.869  5.841   0.4838    0.4838    0.4798    0.2886
570     A         B          321           TYR        96.60         665  652  249  8.941  8.869  5.841   0.4763    0.4763    0.4724    0.2824
571     A         B          322           ASN        97.96         665  652  249  8.941  8.869  5.841   0.4881    0.4881    0.4841    0.2923
572     A         B          323           ASP        97.73         665  652  249  8.941  8.869  5.841   0.4730    0.4730    0.4691    0.2801
573     A         B          324           ALA        98.49         665  652  249  8.941  8.869  5.841   0.4719    0.4719    0.4680    0.2795
574     A         B          325           PHE        98.74         665  652  249  8.941  8.869  5.841   0.4912    0.4912    0.4872    0.2942
575     A         B          326           LEU        98.49         665  652  249  8.941  8.869  5.841   0.4812    0.4812    0.4772    0.2862
576     A         B          327           ILE        97.72         665  652  249  8.941  8.869  5.841   0.4571    0.4571    0.4531    0.2667
577     A         B          328           ASP        96.91         665  652  249  8.941  8.869  5.841   0.4426    0.4426    0.4386    0.2554
578     A         B          329           ARG        96.02         665  652  249  8.941  8.869  5.841   0.3928    0.3928    0.3890    0.2179
579     A         B          330           ILE        94.72         665  652  249  8.941  8.869  5.841   0.3901    0.3901    0.3863    0.2158
580     A         B          331           ASN        96.46         665  652  249  8.941  8.869  5.841   0.4401    0.4401    0.4362    0.2533
581     A         B          332           TRP        98.00         665  652  249  8.941  8.869  5.841   0.4711    0.4711    0.4671    0.2776
582     A         B          333           ILE        98.19         665  652  249  8.941  8.869  5.841   0.4903    0.4903    0.4863    0.2935
583     A         B          334           SER        98.68         665  652  249  8.941  8.869  5.841   0.4788    0.4788    0.4748    0.2840
584     A         B          335           ALA        98.66         665  652  249  8.941  8.869  5.841   0.4820    0.4820    0.4780    0.2870
585     A         B          336           GLY        98.85         665  652  249  8.941  8.869  5.841   0.4718    0.4718    0.4679    0.2788
586     A         B          337           VAL        98.55         665  652  249  8.941  8.869  5.841   0.4951    0.4951    0.4911    0.2980
587     A         B          338           PHE        98.14         665  652  249  8.941  8.869  5.841   0.5172    0.5172    0.5133    0.3166
588     A         B          339           LEU        93.35         665  652  249  8.941  8.869  5.841   0.5275    0.5275    0.5235    0.3259
589     A         B          340           ASP        89.68         665  652  249  8.941  8.869  5.841   0.4937    0.4937    0.4897    0.2968
590     A         B          341           SER        81.69         665  652  249  8.941  8.869  5.841   0.5012    0.5012    0.4973    0.3036
591     A         B          342           ASN        75.40         665  652  249  8.941  8.869  5.841   0.5075    0.5075    0.5035    0.3087
592     A         B          343           GLN        66.93         665  652  249  8.941  8.869  5.841   0.5124    0.5124    0.5085    0.3128
593     A         B          344           THR        72.54         665  652  249  8.941  8.869  5.841   0.5130    0.5130    0.5090    0.3134
594     A         B          345           ALA        80.76         665  652  249  8.941  8.869  5.841   0.5263    0.5263    0.5224    0.3250
595     A         B          346           GLU        78.03         665  652  249  8.941  8.869  5.841   0.5276    0.5276    0.5236    0.3263
596     A         B          347           ASN        88.76         665  652  249  8.941  8.869  5.841   0.5111    0.5111    0.5071    0.3119
597     A         B          348           PRO        94.89         665  652  249  8.941  8.869  5.841   0.5140    0.5140    0.5100    0.3145
598     A         B          349           VAL        97.00         665  652  249  8.941  8.869  5.841   0.5005    0.5005    0.4965    0.3027
599     A         B          350           PHE        98.44         665  652  249  8.941  8.869  5.841   0.5033    0.5033    0.4993    0.3049
600     A         B          351           THR        98.04         665  652  249  8.941  8.869  5.841   0.4570    0.4570    0.4531    0.2665
601     A         B          352           VAL        98.39         665  652  249  8.941  8.869  5.841   0.4868    0.4868    0.4828    0.2906
602     A         B          353           PHE        98.53         665  652  249  8.941  8.869  5.841   0.4846    0.4846    0.4806    0.2888
603     A         B          354           LYS        97.92         665  652  249  8.941  8.869  5.841   0.4443    0.4443    0.4404    0.2565
604     A         B          355           ASP        97.13         665  652  249  8.941  8.869  5.841   0.4098    0.4098    0.4059    0.2303
605     A         B          356           ASN        95.13         665  652  249  8.941  8.869  5.841   0.3907    0.3907    0.3868    0.2163
606     A         B          357           GLU        94.57         665  652  249  8.941  8.869  5.841   0.4029    0.4029    0.3990    0.2250
607     A         B          358           ILE        96.07         665  652  249  8.941  8.869  5.841   0.4634    0.4634    0.4594    0.2714
608     A         B          359           LEU        97.58         665  652  249  8.941  8.869  5.841   0.4721    0.4721    0.4681    0.2785
609     A         B          360           TYR        96.85         665  652  249  8.941  8.869  5.841   0.4372    0.4372    0.4333    0.2507
610     A         B          361           ARG        93.46         665  652  249  8.941  8.869  5.841   0.4122    0.4122    0.4083    0.2321
611     A         B          362           ALA        96.57         665  652  249  8.941  8.869  5.841   0.4648    0.4648    0.4608    0.2728
612     A         B          363           GLN        93.14         665  652  249  8.941  8.869  5.841   0.4567    0.4567    0.4527    0.2664
613     A         B          364           LEU        95.17         665  652  249  8.941  8.869  5.841   0.4808    0.4808    0.4768    0.2857
614     A         B          365           ALA        86.74         665  652  249  8.941  8.869  5.841   0.4631    0.4631    0.4591    0.2714
615     A         B          366           SER        81.23         665  652  249  8.941  8.869  5.841   0.4719    0.4719    0.4680    0.2791
616     A         B          367           GLU        79.39         665  652  249  8.941  8.869  5.841   0.4887    0.4887    0.4847    0.2931
617     A         B          368           ASP        69.70         665  652  249  8.941  8.869  5.841   0.4824    0.4824    0.4785    0.2876
618     A         B          369           THR        81.53         665  652  249  8.941  8.869  5.841   0.4942    0.4942    0.4902    0.2975
619     A         B          370           ASN        73.05         665  652  249  8.941  8.869  5.841   0.5053    0.5053    0.5013    0.3068
620     A         B          371           ALA        88.50         665  652  249  8.941  8.869  5.841   0.5119    0.5119    0.5080    0.3125
621     A         B          372           GLN        84.73         665  652  249  8.941  8.869  5.841   0.4947    0.4947    0.4908    0.2977
622     A         B          373           LYS        91.72         665  652  249  8.941  8.869  5.841   0.5009    0.5009    0.4969    0.3030
623     A         B          374           THR        97.60         665  652  249  8.941  8.869  5.841   0.5021    0.5021    0.4981    0.3040
624     A         B          375           ILE        98.35         665  652  249  8.941  8.869  5.841   0.4925    0.4925    0.4885    0.2952
625     A         B          376           THR        98.76         665  652  249  8.941  8.869  5.841   0.4762    0.4762    0.4722    0.2822
626     A         B          377           ASN        98.20         665  652  249  8.941  8.869  5.841   0.4802    0.4802    0.4762    0.2854
627     A         B          378           CYS        98.32         665  652  249  8.941  8.869  5.841   0.4742    0.4742    0.4703    0.2805
628     A         B          379           PHE        96.81         665  652  249  8.941  8.869  5.841   0.4767    0.4767    0.4727    0.2825
629     A         B          380           LEU        95.20         665  652  249  8.941  8.869  5.841   0.4385    0.4385    0.4346    0.2524
630     A         B          381           LEU        93.77         665  652  249  8.941  8.869  5.841   0.4008    0.4008    0.3970    0.2238
631     A         B          382           LYS        90.10         665  652  244  8.941  8.869  5.786   0.3470    0.3489    0.3453    0.1847
632     A         B          383           ASN        92.91         665  652  238  8.941  8.869  5.720   0.3307    0.3345    0.3309    0.1714
633     A         B          384           LYS        94.17         665  652  249  8.941  8.869  5.841   0.4154    0.4154    0.4116    0.2350
634     A         B          385           ILE        97.00         665  652  249  8.941  8.869  5.841   0.4654    0.4654    0.4614    0.2730
635     A         B          386           TRP        96.96         665  652  249  8.941  8.869  5.841   0.4915    0.4915    0.4875    0.2948
636     A         B          387           CYS        98.27         665  652  249  8.941  8.869  5.841   0.4762    0.4762    0.4722    0.2821
637     A         B          388           ILE        96.30         665  652  249  8.941  8.869  5.841   0.4830    0.4830    0.4791    0.2876
638     A         B          389           SER        97.75         665  652  249  8.941  8.869  5.841   0.4787    0.4787    0.4747    0.2847
639     A         B          390           LEU        95.52         665  652  249  8.941  8.869  5.841   0.4885    0.4885    0.4845    0.2920
640     A         B          391           VAL        94.85         665  652  249  8.941  8.869  5.841   0.5073    0.5073    0.5034    0.3086
641     A         B          392           GLU        87.92         665  652  249  8.941  8.869  5.841   0.5099    0.5099    0.5059    0.3104
642     A         B          393           ILE        86.62         665  652  249  8.941  8.869  5.841   0.4785    0.4785    0.4745    0.2843
643     A         B          394           TYR        68.48         665  652  249  8.941  8.869  5.841   0.4485    0.4485    0.4446    0.2602
644     A         B          395           ASP        60.21         665  652  243  8.941  8.869  5.775   0.3786    0.3817    0.3780    0.2076
645     A         B          396           THR        51.31         665  652  208  8.941  8.869  5.366   0.3230    0.3386    0.3350    0.1574
646     A         B          397           GLY        53.36         665  652  207  8.941  8.869  5.354   0.3218    0.3375    0.3339    0.1559
647     A         B          398           ASP        51.60         665  652  224  8.941  8.869  5.559   0.3376    0.3477    0.3441    0.1727
648     A         B          399           ASN        52.66         665  652  243  8.941  8.869  5.775   0.3702    0.3731    0.3694    0.2012
649     A         B          400           VAL        61.88         665  652  249  8.941  8.869  5.841   0.3963    0.3963    0.3925    0.2213
650     A         B          401           ILE        66.91         665  652  249  8.941  8.869  5.841   0.4363    0.4363    0.4323    0.2508
651     A         B          402           ARG        76.84         665  652  249  8.941  8.869  5.841   0.4448    0.4448    0.4408    0.2576
652     A         B          403           PRO        86.87         665  652  249  8.941  8.869  5.841   0.4713    0.4713    0.4673    0.2785
653     A         B          404           LYS        88.37         665  652  249  8.941  8.869  5.841   0.4786    0.4786    0.4747    0.2845
654     A         B          405           LEU        91.51         665  652  249  8.941  8.869  5.841   0.4812    0.4812    0.4772    0.2863
655     A         B          406           PHE        95.43         665  652  249  8.941  8.869  5.841   0.4905    0.4905    0.4865    0.2940
656     A         B          407           ALA        94.85         665  652  249  8.941  8.869  5.841   0.4749    0.4749    0.4710    0.2811
657     A         B          408           VAL        97.72         665  652  249  8.941  8.869  5.841   0.4619    0.4619    0.4579    0.2704
658     A         B          409           LYS        96.21         665  652  249  8.941  8.869  5.841   0.4505    0.4505    0.4465    0.2613
659     A         B          410           ILE        97.57         665  652  249  8.941  8.869  5.841   0.4328    0.4328    0.4289    0.2473
660     A         B          411           PRO        94.73         665  652  243  8.941  8.869  5.775   0.3457    0.3482    0.3445    0.1837
661     A         B          412           GLU        90.39         665  652  121  8.941  8.869  4.068   0.2652    0.3007    0.2973    0.0820
662     A         B          413           GLN        88.28         665  652  0  8.941  8.869  1.039   0.1765    0.0000    0.0000    0.0000
663     A         B          414           CYS        90.12         665  652  0  8.941  8.869  1.039   0.1747    0.0000    0.0000    0.0000
664     A         B          415           THR        79.40         665  652  0  8.941  8.869  1.039   0.1245    0.0000    0.0000    0.0000
665     A         B          416           HIS        65.28         665  652  0  8.941  8.869  1.039   0.1054    0.0000    0.0000    0.0000
1       B         A            1           SER        52.55         665  655  9  8.941  8.886  1.039   0.1403    0.3082    0.3056    0.0060
2       B         A            2           ILE        71.36         665  655  369  8.941  8.886  6.972   0.3258    0.3368    0.3340    0.2370
3       B         A            3           SER        85.20         665  655  405  8.941  8.886  7.260   0.3734    0.3767    0.3738    0.2862
4       B         A            4           LEU        93.04         665  655  416  8.941  8.886  7.344   0.4318    0.4318    0.4288    0.3408
5       B         A            5           VAL        94.69         665  655  416  8.941  8.886  7.344   0.4351    0.4351    0.4321    0.3434
6       B         A            6           GLN        97.31         665  655  416  8.941  8.886  7.344   0.4359    0.4359    0.4329    0.3443
7       B         A            7           SER        93.30         665  655  414  8.941  8.886  7.329   0.4120    0.4128    0.4098    0.3224
8       B         A            8           SER        96.00         665  655  415  8.941  8.886  7.336   0.3827    0.3830    0.3801    0.2957
9       B         A            9           ASP        95.47         665  655  415  8.941  8.886  7.336   0.4063    0.4066    0.4037    0.3168
10      B         A           10           GLN        91.24         665  655  408  8.941  8.886  7.283   0.3616    0.3637    0.3609    0.2759
11      B         A           11           THR        93.00         665  655  415  8.941  8.886  7.336   0.3875    0.3878    0.3849    0.2999
12      B         A           12           VAL        92.32         665  655  408  8.941  8.886  7.283   0.3506    0.3525    0.3497    0.2661
13      B         A           13           ALA        90.74         665  655  406  8.941  8.886  7.267   0.3480    0.3504    0.3476    0.2634
14      B         A           14           PRO        88.15         665  655  411  8.941  8.886  7.306   0.3704    0.3718    0.3689    0.2843
15      B         A           15           GLY        90.86         665  655  409  8.941  8.886  7.290   0.3575    0.3594    0.3566    0.2726
16      B         A           16           GLY        93.81         665  655  412  8.941  8.886  7.313   0.3794    0.3806    0.3778    0.2925
17      B         A           17           SER        95.29         665  655  413  8.941  8.886  7.321   0.3884    0.3893    0.3864    0.3006
18      B         A           18           VAL        95.60         665  655  416  8.941  8.886  7.344   0.4216    0.4216    0.4186    0.3309
19      B         A           19           THR        97.14         665  655  416  8.941  8.886  7.344   0.4435    0.4435    0.4405    0.3512
20      B         A           20           LEU        98.05         665  655  416  8.941  8.886  7.344   0.4598    0.4598    0.4568    0.3665
21      B         A           21           SER        96.42         665  655  416  8.941  8.886  7.344   0.4475    0.4475    0.4444    0.3550
22      B         A           22           CYS        95.58         665  655  416  8.941  8.886  7.344   0.4608    0.4608    0.4578    0.3674
23      B         A           23           THR        92.20         665  655  416  8.941  8.886  7.344   0.4382    0.4382    0.4352    0.3463
24      B         A           24           SER        82.69         665  655  411  8.941  8.886  7.306   0.3888    0.3905    0.3876    0.3010
25      B         A           25           SER        76.90         665  655  282  8.941  8.886  6.185   0.2978    0.3268    0.3241    0.1895
26      B         A           26           GLY        57.76         665  655  66  8.941  8.886  2.798   0.2155    0.3022    0.2996    0.0409
27      B         A           27           GLY        47.73         665  655  87  8.941  8.886  3.359   0.2265    0.3127    0.3100    0.0608
28      B         A           28           SER        49.87         665  655  161  8.941  8.886  4.729   0.2593    0.3167    0.3140    0.1155
29      B         A           29           PHE        58.03         665  655  335  8.941  8.886  6.681   0.3177    0.3365    0.3338    0.2221
30      B         A           30           GLY        48.41         665  655  341  8.941  8.886  6.734   0.3222    0.3408    0.3381    0.2284
31      B         A           31           ASN        52.05         665  655  396  8.941  8.886  7.189   0.3621    0.3681    0.3652    0.2752
32      B         A           32           SER        70.40         665  655  414  8.941  8.886  7.329   0.4069    0.4077    0.4047    0.3178
33      B         A           33           GLY        82.69         665  655  416  8.941  8.886  7.344   0.4495    0.4495    0.4465    0.3572
34      B         A           34           VAL        89.97         665  655  416  8.941  8.886  7.344   0.4854    0.4854    0.4823    0.3909
35      B         A           35           ALA        91.15         665  655  416  8.941  8.886  7.344   0.4897    0.4897    0.4867    0.3949
36      B         A           36           TRP        95.37         665  655  416  8.941  8.886  7.344   0.4897    0.4897    0.4867    0.3951
37      B         A           37           VAL        94.31         665  655  416  8.941  8.886  7.344   0.4938    0.4938    0.4907    0.3988
38      B         A           38           ARG        92.65         665  655  416  8.941  8.886  7.344   0.4626    0.4626    0.4596    0.3691
39      B         A           39           GLN        92.99         665  655  416  8.941  8.886  7.344   0.4559    0.4559    0.4529    0.3628
40      B         A           40           ALA        87.00         665  655  416  8.941  8.886  7.344   0.4347    0.4347    0.4317    0.3433
41      B         A           41           PRO        83.12         665  655  404  8.941  8.886  7.252   0.3599    0.3632    0.3604    0.2740
42      B         A           42           GLY        84.65         665  655  343  8.941  8.886  6.752   0.3144    0.3295    0.3268    0.2199
43      B         A           43           GLY        87.78         665  655  415  8.941  8.886  7.336   0.4051    0.4054    0.4025    0.3164
44      B         A           44           PRO        88.86         665  655  416  8.941  8.886  7.344   0.4472    0.4472    0.4442    0.3548
45      B         A           45           PRO        93.19         665  655  416  8.941  8.886  7.344   0.4566    0.4566    0.4536    0.3638
46      B         A           46           VAL        90.04         665  655  416  8.941  8.886  7.344   0.4852    0.4852    0.4822    0.3904
47      B         A           47           TYR        88.97         665  655  416  8.941  8.886  7.344   0.5069    0.5069    0.5038    0.4112
48      B         A           48           ILE        92.02         665  655  416  8.941  8.886  7.344   0.4894    0.4894    0.4864    0.3946
49      B         A           49           GLY        89.83         665  655  416  8.941  8.886  7.344   0.4659    0.4659    0.4629    0.3723
50      B         A           50           GLY        87.92         665  655  416  8.941  8.886  7.344   0.4779    0.4779    0.4748    0.3835
51      B         A           51           ILE        87.69         665  655  416  8.941  8.886  7.344   0.4819    0.4819    0.4788    0.3875
52      B         A           52           ILE        73.88         665  655  416  8.941  8.886  7.344   0.4655    0.4655    0.4625    0.3721
53      B         A           53           PRO        76.43         665  655  416  8.941  8.886  7.344   0.4393    0.4393    0.4363    0.3477
54      B         A           54           ALA        61.83         665  655  415  8.941  8.886  7.336   0.4279    0.4283    0.4254    0.3372
55      B         A           55           THR        60.72         665  655  416  8.941  8.886  7.344   0.4347    0.4347    0.4318    0.3436
56      B         A           56           GLY        71.15         665  655  416  8.941  8.886  7.344   0.4431    0.4431    0.4401    0.3511
57      B         A           57           VAL        65.20         665  655  416  8.941  8.886  7.344   0.4510    0.4510    0.4480    0.3585
58      B         A           58           SER        78.60         665  655  416  8.941  8.886  7.344   0.4496    0.4496    0.4465    0.3570
59      B         A           59           THR        73.11         665  655  416  8.941  8.886  7.344   0.4464    0.4464    0.4434    0.3540
60      B         A           60           TYR        83.96         665  655  416  8.941  8.886  7.344   0.4571    0.4571    0.4541    0.3639
61      B         A           61           ASN        83.04         665  655  416  8.941  8.886  7.344   0.4490    0.4490    0.4460    0.3564
62      B         A           62           ALA        73.87         665  655  415  8.941  8.886  7.336   0.4232    0.4236    0.4207    0.3327
63      B         A           63           ALA        80.68         665  655  414  8.941  8.886  7.329   0.4042    0.4049    0.4020    0.3154
64      B         A           64           PHE        87.29         665  655  415  8.941  8.886  7.336   0.4078    0.4081    0.4052    0.3186
65      B         A           65           LYS        76.36         665  655  292  8.941  8.886  6.283   0.3014    0.3287    0.3260    0.1957
66      B         A           66           GLY        85.57         665  655  305  8.941  8.886  6.408   0.3120    0.3387    0.3359    0.2096
67      B         A           67           ARG        87.35         665  655  322  8.941  8.886  6.565   0.3140    0.3351    0.3323    0.2146
68      B         A           68           VAL        90.15         665  655  415  8.941  8.886  7.336   0.4144    0.4147    0.4118    0.3245
69      B         A           69           THR        93.55         665  655  415  8.941  8.886  7.336   0.4466    0.4471    0.4441    0.3541
70      B         A           70           ILE        91.51         665  655  416  8.941  8.886  7.344   0.4833    0.4833    0.4802    0.3887
71      B         A           71           SER        90.84         665  655  416  8.941  8.886  7.344   0.4479    0.4479    0.4449    0.3553
72      B         A           72           SER        83.12         665  655  415  8.941  8.886  7.336   0.4230    0.4234    0.4204    0.3324
73      B         A           73           ASP        80.35         665  655  413  8.941  8.886  7.321   0.3885    0.3895    0.3866    0.3010
74      B         A           74           SER        62.00         665  655  394  8.941  8.886  7.174   0.3459    0.3514    0.3486    0.2597
75      B         A           75           SER        66.97         665  655  387  8.941  8.886  7.118   0.3566    0.3648    0.3620    0.2682
76      B         A           76           ASN        74.04         665  655  370  8.941  8.886  6.980   0.3330    0.3440    0.3412    0.2433
77      B         A           77           ASN        77.30         665  655  413  8.941  8.886  7.321   0.3875    0.3885    0.3856    0.3002
78      B         A           78           THR        90.73         665  655  416  8.941  8.886  7.344   0.4418    0.4418    0.4388    0.3498
79      B         A           79           ALA        92.76         665  655  416  8.941  8.886  7.344   0.4620    0.4620    0.4590    0.3685
80      B         A           80           TYR        96.22         665  655  416  8.941  8.886  7.344   0.4735    0.4735    0.4705    0.3794
81      B         A           81           LEU        97.82         665  655  416  8.941  8.886  7.344   0.4723    0.4723    0.4693    0.3784
82      B         A           82           THR        96.92         665  655  416  8.941  8.886  7.344   0.4517    0.4517    0.4487    0.3590
83      B         A           83           ILE        95.24         665  655  416  8.941  8.886  7.344   0.4425    0.4425    0.4395    0.3505
84      B         A           84           SER        94.41         665  655  414  8.941  8.886  7.329   0.4072    0.4080    0.4050    0.3180
85      B         A           85           GLY        92.39         665  655  415  8.941  8.886  7.336   0.3927    0.3931    0.3902    0.3049
86      B         A           86           LEU        91.71         665  655  415  8.941  8.886  7.336   0.4013    0.4016    0.3987    0.3125
87      B         A           87           THR        86.52         665  655  412  8.941  8.886  7.313   0.3782    0.3794    0.3765    0.2914
88      B         A           88           ALA        83.82         665  655  411  8.941  8.886  7.306   0.3819    0.3835    0.3806    0.2945
89      B         A           89           ALA        84.89         665  655  415  8.941  8.886  7.336   0.4044    0.4047    0.4018    0.3154
90      B         A           90           ASP        91.11         665  655  416  8.941  8.886  7.344   0.4213    0.4213    0.4183    0.3310
91      B         A           91           THR        91.10         665  655  416  8.941  8.886  7.344   0.4494    0.4494    0.4463    0.3567
92      B         A           92           ALA        91.94         665  655  416  8.941  8.886  7.344   0.4482    0.4482    0.4451    0.3555
93      B         A           93           THR        94.98         665  655  416  8.941  8.886  7.344   0.4605    0.4605    0.4575    0.3670
94      B         A           94           TYR        96.79         665  655  416  8.941  8.886  7.344   0.4760    0.4760    0.4730    0.3819
95      B         A           95           TYR        97.36         665  655  416  8.941  8.886  7.344   0.4760    0.4760    0.4730    0.3818
96      B         A           96           CYS        94.61         665  655  416  8.941  8.886  7.344   0.4772    0.4772    0.4742    0.3833
97      B         A           97           ALA        93.65         665  655  416  8.941  8.886  7.344   0.4875    0.4875    0.4844    0.3927
98      B         A           98           LEU        86.07         665  655  416  8.941  8.886  7.344   0.4558    0.4558    0.4527    0.3628
99      B         A           99           GLY        81.40         665  655  416  8.941  8.886  7.344   0.4571    0.4571    0.4540    0.3640
100     B         A          100           PRO        68.49         665  655  416  8.941  8.886  7.344   0.4296    0.4296    0.4266    0.3387
101     B         A          101           ALA        59.76         665  655  411  8.941  8.886  7.306   0.3935    0.3952    0.3923    0.3056
102     B         A          102           GLU        43.26         665  655  404  8.941  8.886  7.252   0.3804    0.3844    0.3816    0.2932
103     B         A          103           ASN        44.41         665  655  408  8.941  8.886  7.283   0.3910    0.3938    0.3909    0.3033
104     B         A          104           VAL        44.15         665  655  408  8.941  8.886  7.283   0.3855    0.3883    0.3855    0.2984
105     B         A          105           PHE        41.21         665  655  394  8.941  8.886  7.174   0.3785    0.3858    0.3830    0.2905
106     B         A          106           ALA        38.12         665  655  358  8.941  8.886  6.880   0.3318    0.3465    0.3437    0.2411
107     B         A          107           SER        39.30         665  655  276  8.941  8.886  6.124   0.3077    0.3441    0.3413    0.2000
108     B         A          108           HIS        34.75         665  655  262  8.941  8.886  5.980   0.3008    0.3399    0.3371    0.1895
109     B         A          109           PRO        33.45         665  655  170  8.941  8.886  4.861   0.2691    0.3436    0.3408    0.1362
110     B         A          110           PHE        32.03         665  655  166  8.941  8.886  4.803   0.2641    0.3313    0.3286    0.1269
111     B         A          111           ALA        35.51         665  655  143  8.941  8.886  4.449   0.2521    0.3245    0.3218    0.1080
112     B         A          112           GLU        39.76         665  655  176  8.941  8.886  4.946   0.2633    0.3229    0.3202    0.1288
113     B         A          113           ASP        41.49         665  655  296  8.941  8.886  6.322   0.3082    0.3382    0.3355    0.2052
114     B         A          114           VAL        54.86         665  655  405  8.941  8.886  7.260   0.3772    0.3806    0.3778    0.2903
115     B         A          115           ASN        53.53         665  655  415  8.941  8.886  7.336   0.4087    0.4090    0.4061    0.3198
116     B         A          116           LEU        74.13         665  655  416  8.941  8.886  7.344   0.4391    0.4391    0.4361    0.3474
117     B         A          117           GLY        73.23         665  655  416  8.941  8.886  7.344   0.4243    0.4243    0.4213    0.3339
118     B         A          118           ALA        83.97         665  655  416  8.941  8.886  7.344   0.4615    0.4615    0.4585    0.3681
119     B         A          119           LEU        89.59         665  655  416  8.941  8.886  7.344   0.4833    0.4833    0.4803    0.3887
120     B         A          120           SER        80.07         665  655  416  8.941  8.886  7.344   0.4433    0.4433    0.4403    0.3511
121     B         A          121           VAL        85.72         665  655  416  8.941  8.886  7.344   0.4622    0.4622    0.4592    0.3688
122     B         A          122           TRP        95.91         665  655  416  8.941  8.886  7.344   0.5011    0.5011    0.4981    0.4061
123     B         A          123           GLY        96.68         665  655  416  8.941  8.886  7.344   0.4742    0.4742    0.4712    0.3802
124     B         A          124           GLN        96.49         665  655  416  8.941  8.886  7.344   0.4552    0.4552    0.4522    0.3620
125     B         A          125           GLY        97.61         665  655  416  8.941  8.886  7.344   0.4338    0.4338    0.4308    0.3422
126     B         A          126           THR        97.45         665  655  416  8.941  8.886  7.344   0.4476    0.4476    0.4446    0.3551
127     B         A          127           LEU        95.19         665  655  416  8.941  8.886  7.344   0.4552    0.4552    0.4522    0.3621
128     B         A          128           VAL        95.47         665  655  416  8.941  8.886  7.344   0.4426    0.4426    0.4396    0.3505
129     B         A          129           THR        92.26         665  655  416  8.941  8.886  7.344   0.4352    0.4352    0.4322    0.3434
130     B         A          130           VAL        90.57         665  655  414  8.941  8.886  7.329   0.3802    0.3808    0.3779    0.2933
131     B         A          131           THR        84.42         665  655  102  8.941  8.886  3.694   0.2307    0.2953    0.2927    0.0670
132     B         A          132           GLY        71.96         665  655  0  8.941  8.886  1.039   0.1024    0.0000    0.0000    0.0000
133     B         A          133           GLY        55.38         665  655  0  8.941  8.886  1.039   0.0891    0.0000    0.0000    0.0000
134     B         A          134           GLY        53.71         665  655  0  8.941  8.886  1.039   0.0903    0.0000    0.0000    0.0000
135     B         A          135           SER        50.79         665  655  0  8.941  8.886  1.039   0.0944    0.0000    0.0000    0.0000
136     B         A          136           GLY        47.69         665  655  0  8.941  8.886  1.039   0.0956    0.0000    0.0000    0.0000
137     B         A          137           GLY        47.44         665  655  0  8.941  8.886  1.039   0.0978    0.0000    0.0000    0.0000
138     B         A          138           GLY        48.83         665  655  0  8.941  8.886  1.039   0.1027    0.0000    0.0000    0.0000
139     B         A          139           SER        50.24         665  655  0  8.941  8.886  1.039   0.1130    0.0000    0.0000    0.0000
140     B         A          140           GLY        49.25         665  655  0  8.941  8.886  1.039   0.1197    0.0000    0.0000    0.0000
141     B         A          141           GLY        47.75         665  655  0  8.941  8.886  1.039   0.1252    0.0000    0.0000    0.0000
142     B         A          142           GLY        43.70         665  655  1  8.941  8.886  1.039   0.1531    0.2696    0.2672    0.0050
143     B         A          143           SER        50.40         665  655  52  8.941  8.886  2.332   0.2075    0.2889    0.2863    0.0270
144     B         A          144           ILE        68.14         665  655  397  8.941  8.886  7.197   0.3436    0.3481    0.3454    0.2583
145     B         A          145           THR        71.45         665  655  409  8.941  8.886  7.290   0.3602    0.3621    0.3593    0.2751
146     B         A          146           VAL        82.78         665  655  416  8.941  8.886  7.344   0.3959    0.3959    0.3929    0.3079
147     B         A          147           THR        83.63         665  655  414  8.941  8.886  7.329   0.3880    0.3886    0.3857    0.3005
148     B         A          148           GLU        87.43         665  655  400  8.941  8.886  7.221   0.3472    0.3511    0.3484    0.2621
149     B         A          149           SER        87.22         665  655  287  8.941  8.886  6.234   0.2960    0.3208    0.3181    0.1877
150     B         A          150           PRO        88.66         665  655  325  8.941  8.886  6.592   0.3034    0.3198    0.3171    0.2043
151     B         A          151           SER        87.88         665  655  322  8.941  8.886  6.565   0.3022    0.3188    0.3161    0.2022
152     B         A          152           SER        90.05         665  655  373  8.941  8.886  7.005   0.3178    0.3259    0.3232    0.2295
153     B         A          153           PRO        93.06         665  655  386  8.941  8.886  7.110   0.3231    0.3288    0.3261    0.2373
154     B         A          154           GLU        93.64         665  655  407  8.941  8.886  7.275   0.3480    0.3502    0.3474    0.2638
155     B         A          155           LEU        95.58         665  655  415  8.941  8.886  7.336   0.3816    0.3819    0.3790    0.2948
156     B         A          156           SER        96.19         665  655  409  8.941  8.886  7.290   0.3635    0.3655    0.3626    0.2778
157     B         A          157           VAL        96.11         665  655  416  8.941  8.886  7.344   0.3982    0.3982    0.3953    0.3098
158     B         A          158           GLY        96.90         665  655  413  8.941  8.886  7.321   0.3823    0.3832    0.3803    0.2951
159     B         A          159           GLU        95.94         665  655  416  8.941  8.886  7.344   0.3990    0.3990    0.3961    0.3107
160     B         A          160           THR        97.09         665  655  416  8.941  8.886  7.344   0.4286    0.4286    0.4256    0.3376
161     B         A          161           ALA        97.41         665  655  416  8.941  8.886  7.344   0.4330    0.4330    0.4300    0.3416
162     B         A          162           VAL        97.23         665  655  416  8.941  8.886  7.344   0.4436    0.4436    0.4405    0.3513
163     B         A          163           LEU        97.32         665  655  416  8.941  8.886  7.344   0.4458    0.4458    0.4428    0.3535
164     B         A          164           SER        95.93         665  655  416  8.941  8.886  7.344   0.4202    0.4202    0.4173    0.3303
165     B         A          165           CYS        95.29         665  655  416  8.941  8.886  7.344   0.4259    0.4259    0.4229    0.3355
166     B         A          166           THR        93.82         665  655  416  8.941  8.886  7.344   0.4249    0.4249    0.4219    0.3343
167     B         A          167           LEU        87.54         665  655  416  8.941  8.886  7.344   0.4344    0.4344    0.4314    0.3433
168     B         A          168           SER        81.16         665  655  412  8.941  8.886  7.313   0.4009    0.4023    0.3994    0.3123
169     B         A          169           SER        70.81         665  655  411  8.941  8.886  7.306   0.3889    0.3906    0.3877    0.3016
170     B         A          170           SER        68.09         665  655  411  8.941  8.886  7.306   0.3911    0.3929    0.3900    0.3037
171     B         A          171           VAL        65.60         665  655  416  8.941  8.886  7.344   0.4018    0.4018    0.3989    0.3134
172     B         A          172           PRO        59.70         665  655  412  8.941  8.886  7.313   0.3788    0.3800    0.3771    0.2923
173     B         A          173           GLN        60.51         665  655  411  8.941  8.886  7.306   0.3902    0.3919    0.3890    0.3025
174     B         A          174           SER        60.25         665  655  413  8.941  8.886  7.321   0.3984    0.3994    0.3965    0.3101
175     B         A          175           ASN        72.37         665  655  416  8.941  8.886  7.344   0.4354    0.4354    0.4324    0.3442
176     B         A          176           VAL        87.86         665  655  416  8.941  8.886  7.344   0.4712    0.4712    0.4681    0.3775
177     B         A          177           ALA        91.74         665  655  416  8.941  8.886  7.344   0.4914    0.4914    0.4884    0.3968
178     B         A          178           TRP        97.37         665  655  416  8.941  8.886  7.344   0.5027    0.5027    0.4996    0.4077
179     B         A          179           TYR        97.24         665  655  416  8.941  8.886  7.344   0.5109    0.5109    0.5079    0.4158
180     B         A          180           LYS        97.79         665  655  416  8.941  8.886  7.344   0.4897    0.4897    0.4867    0.3948
181     B         A          181           GLN        97.15         665  655  416  8.941  8.886  7.344   0.4757    0.4757    0.4727    0.3817
182     B         A          182           LYS        94.03         665  655  416  8.941  8.886  7.344   0.4353    0.4353    0.4323    0.3439
183     B         A          183           PRO        89.47         665  655  411  8.941  8.886  7.306   0.3821    0.3838    0.3809    0.2950
184     B         A          184           GLY        92.13         665  655  416  8.941  8.886  7.344   0.3860    0.3860    0.3831    0.2989
185     B         A          185           GLN        93.85         665  655  416  8.941  8.886  7.344   0.4443    0.4443    0.4413    0.3520
186     B         A          186           PRO        95.13         665  655  416  8.941  8.886  7.344   0.4575    0.4575    0.4544    0.3646
187     B         A          187           PRO        96.09         665  655  416  8.941  8.886  7.344   0.4721    0.4721    0.4691    0.3783
188     B         A          188           GLU        93.84         665  655  416  8.941  8.886  7.344   0.4744    0.4744    0.4714    0.3801
189     B         A          189           LEU        91.93         665  655  416  8.941  8.886  7.344   0.4964    0.4964    0.4933    0.4014
190     B         A          190           LEU        96.51         665  655  416  8.941  8.886  7.344   0.4802    0.4802    0.4772    0.3859
191     B         A          191           ILE        93.59         665  655  416  8.941  8.886  7.344   0.4903    0.4903    0.4872    0.3956
192     B         A          192           TYR        84.87         665  655  416  8.941  8.886  7.344   0.4944    0.4944    0.4913    0.3993
193     B         A          193           GLY        78.76         665  655  416  8.941  8.886  7.344   0.4442    0.4442    0.4412    0.3523
194     B         A          194           GLY        84.09         665  655  416  8.941  8.886  7.344   0.4398    0.4398    0.4368    0.3483
195     B         A          195           SER        81.63         665  655  414  8.941  8.886  7.329   0.4165    0.4172    0.4143    0.3268
196     B         A          196           THR        77.27         665  655  416  8.941  8.886  7.344   0.4482    0.4482    0.4452    0.3558
197     B         A          197           ARG        87.96         665  655  416  8.941  8.886  7.344   0.4442    0.4442    0.4412    0.3521
198     B         A          198           ALA        86.21         665  655  416  8.941  8.886  7.344   0.4601    0.4601    0.4570    0.3669
199     B         A          199           SER        76.37         665  655  412  8.941  8.886  7.313   0.4123    0.4138    0.4109    0.3229
200     B         A          200           GLY        87.40         665  655  412  8.941  8.886  7.313   0.4121    0.4136    0.4107    0.3225
201     B         A          201           VAL        93.88         665  655  416  8.941  8.886  7.344   0.4414    0.4414    0.4384    0.3494
202     B         A          202           PRO        95.21         665  655  416  8.941  8.886  7.344   0.4219    0.4219    0.4189    0.3314
203     B         A          203           SER        94.01         665  655  416  8.941  8.886  7.344   0.4159    0.4159    0.4130    0.3259
204     B         A          204           ARG        96.26         665  655  416  8.941  8.886  7.344   0.4090    0.4090    0.4060    0.3196
205     B         A          205           TYR        97.56         665  655  416  8.941  8.886  7.344   0.4601    0.4601    0.4571    0.3670
206     B         A          206           SER        95.33         665  655  416  8.941  8.886  7.344   0.4336    0.4336    0.4307    0.3425
207     B         A          207           GLY        94.42         665  655  416  8.941  8.886  7.344   0.4276    0.4276    0.4247    0.3370
208     B         A          208           SER        92.99         665  655  412  8.941  8.886  7.313   0.3962    0.3976    0.3947    0.3080
209     B         A          209           GLY        88.74         665  655  346  8.941  8.886  6.778   0.3287    0.3467    0.3440    0.2352
210     B         A          210           SER        77.49         665  655  350  8.941  8.886  6.812   0.3290    0.3454    0.3426    0.2358
211     B         A          211           GLY        78.33         665  655  395  8.941  8.886  7.182   0.3593    0.3653    0.3625    0.2724
212     B         A          212           THR        85.29         665  655  411  8.941  8.886  7.306   0.3893    0.3910    0.3881    0.3019
213     B         A          213           THR        92.07         665  655  416  8.941  8.886  7.344   0.4251    0.4251    0.4221    0.3347
214     B         A          214           PHE        93.34         665  655  416  8.941  8.886  7.344   0.4642    0.4642    0.4612    0.3710
215     B         A          215           TYR        96.67         665  655  416  8.941  8.886  7.344   0.4580    0.4580    0.4550    0.3648
216     B         A          216           LEU        97.95         665  655  416  8.941  8.886  7.344   0.4675    0.4675    0.4645    0.3739
217     B         A          217           THR        97.70         665  655  416  8.941  8.886  7.344   0.4560    0.4560    0.4530    0.3630
218     B         A          218           ILE        97.79         665  655  416  8.941  8.886  7.344   0.4567    0.4567    0.4537    0.3638
219     B         A          219           SER        96.36         665  655  413  8.941  8.886  7.321   0.3950    0.3960    0.3931    0.3070
220     B         A          220           SER        96.26         665  655  412  8.941  8.886  7.313   0.3822    0.3835    0.3806    0.2951
221     B         A          221           LEU        96.36         665  655  416  8.941  8.886  7.344   0.4193    0.4193    0.4163    0.3289
222     B         A          222           GLU        95.62         665  655  415  8.941  8.886  7.336   0.4011    0.4014    0.3985    0.3123
223     B         A          223           PRO        94.82         665  655  413  8.941  8.886  7.321   0.3950    0.3960    0.3930    0.3065
224     B         A          224           GLU        93.01         665  655  408  8.941  8.886  7.283   0.3669    0.3692    0.3664    0.2810
225     B         A          225           ASP        96.50         665  655  416  8.941  8.886  7.344   0.4198    0.4198    0.4168    0.3295
226     B         A          226           PHE        96.47         665  655  416  8.941  8.886  7.344   0.4371    0.4371    0.4341    0.3453
227     B         A          227           ALA        96.81         665  655  416  8.941  8.886  7.344   0.4120    0.4120    0.4090    0.3224
228     B         A          228           THR        96.52         665  655  416  8.941  8.886  7.344   0.4675    0.4675    0.4645    0.3738
229     B         A          229           TYR        98.01         665  655  416  8.941  8.886  7.344   0.5001    0.5001    0.4971    0.4050
230     B         A          230           TYR        96.18         665  655  416  8.941  8.886  7.344   0.4880    0.4880    0.4850    0.3934
231     B         A          231           CYS        93.42         665  655  416  8.941  8.886  7.344   0.4498    0.4498    0.4468    0.3577
232     B         A          232           GLN        92.37         665  655  416  8.941  8.886  7.344   0.4607    0.4607    0.4576    0.3675
233     B         A          233           VAL        86.27         665  655  416  8.941  8.886  7.344   0.4700    0.4700    0.4670    0.3762
234     B         A          234           TYR        80.42         665  655  416  8.941  8.886  7.344   0.4676    0.4676    0.4645    0.3737
235     B         A          235           GLY        69.74         665  655  412  8.941  8.886  7.313   0.3951    0.3964    0.3935    0.3071
236     B         A          236           THR        55.32         665  655  412  8.941  8.886  7.313   0.3975    0.3989    0.3960    0.3093
237     B         A          237           SER        63.53         665  655  411  8.941  8.886  7.306   0.4050    0.4069    0.4039    0.3161
238     B         A          238           PRO        79.92         665  655  416  8.941  8.886  7.344   0.4309    0.4309    0.4279    0.3402
239     B         A          239           SER        84.96         665  655  416  8.941  8.886  7.344   0.4472    0.4472    0.4442    0.3550
240     B         A          240           PHE        91.44         665  655  416  8.941  8.886  7.344   0.4927    0.4927    0.4897    0.3979
241     B         A          241           GLY        92.33         665  655  416  8.941  8.886  7.344   0.4656    0.4656    0.4625    0.3721
242     B         A          242           GLN        89.45         665  655  415  8.941  8.886  7.336   0.4131    0.4134    0.4105    0.3236
243     B         A          243           GLY        94.90         665  655  416  8.941  8.886  7.344   0.3967    0.3967    0.3938    0.3088
244     B         A          244           THR        96.10         665  655  416  8.941  8.886  7.344   0.4481    0.4481    0.4451    0.3556
245     B         A          245           THR        95.91         665  655  416  8.941  8.886  7.344   0.4426    0.4426    0.4396    0.3504
246     B         A          246           LEU        96.58         665  655  416  8.941  8.886  7.344   0.4189    0.4189    0.4159    0.3286
247     B         A          247           LYS        94.92         665  655  411  8.941  8.886  7.306   0.3780    0.3795    0.3766    0.2914
248     B         A          248           LEU        93.64         665  655  400  8.941  8.886  7.221   0.3367    0.3403    0.3376    0.2526
249     B         A          249           LYS        85.75         665  655  3  8.941  8.886  1.039   0.1868    0.2680    0.2656    0.0049
