i,AlignChn,ScoredChain,AlignResNum,AlignResType,AlignRespLDDT,n0chn,n0dom,n0res,d0chn,d0dom,d0res,ipTM_pae,ipSAE_d0chn,ipSAE_d0dom,ipSAE 
247     A         B            1           ILE        91.48         662  607  0  8.925  8.612  1.039   0.1323    0.0000    0.0000    0.0000
248     A         B            2           CYS        93.86         662  607  0  8.925  8.612  1.039   0.1618    0.0000    0.0000    0.0000
249     A         B            3           LEU        91.77         662  607  0  8.925  8.612  1.039   0.1716    0.0000    0.0000    0.0000
250     A         B            4           GLN        92.77         662  607  1  8.925  8.612  1.039   0.1834    0.2622    0.2487    0.0048
251     A         B            5           LYS        93.71         662  607  4  8.925  8.612  1.039   0.1900    0.2657    0.2520    0.0049
252     A         B            6           THR        92.73         662  607  0  8.925  8.612  1.039   0.1775    0.0000    0.0000    0.0000
253     A         B            7           SER        87.42         662  607  0  8.925  8.612  1.039   0.1695    0.0000    0.0000    0.0000
254     A         B            8           ASN        87.28         662  607  0  8.925  8.612  1.039   0.1601    0.0000    0.0000    0.0000
255     A         B            9           GLN        87.46         662  607  0  8.925  8.612  1.039   0.1653    0.0000    0.0000    0.0000
256     A         B           10           ILE        93.13         662  607  4  8.925  8.612  1.039   0.1902    0.2755    0.2614    0.0051
257     A         B           11           LEU        96.04         662  607  79  8.925  8.612  3.160   0.2452    0.2942    0.2797    0.0498
258     A         B           12           LYS        91.02         662  607  83  8.925  8.612  3.261   0.2459    0.2918    0.2773    0.0523
259     A         B           13           PRO        94.80         662  607  124  8.925  8.612  4.123   0.2661    0.3007    0.2860    0.0844
260     A         B           14           LYS        89.13         662  607  142  8.925  8.612  4.433   0.2746    0.3046    0.2897    0.0979
261     A         B           15           LEU        85.91         662  607  164  8.925  8.612  4.774   0.2854    0.3100    0.2950    0.1144
262     A         B           16           ILE        84.07         662  607  146  8.925  8.612  4.498   0.2743    0.3031    0.2883    0.0999
263     A         B           17           SER        59.76         662  607  57  8.925  8.612  2.510   0.2355    0.2868    0.2724    0.0309
264     A         B           18           TYR        60.47         662  607  57  8.925  8.612  2.510   0.2320    0.2815    0.2673    0.0301
265     A         B           19           THR        59.69         662  607  64  8.925  8.612  2.738   0.2372    0.2861    0.2718    0.0364
266     A         B           20           LEU        65.18         662  607  78  8.925  8.612  3.134   0.2452    0.2890    0.2746    0.0478
267     A         B           21           PRO        57.26         662  607  21  8.925  8.612  1.039   0.2174    0.2793    0.2651    0.0052
268     A         B           22           VAL        61.61         662  607  36  8.925  8.612  1.621   0.2237    0.2769    0.2629    0.0125
269     A         B           23           VAL        59.17         662  607  38  8.925  8.612  1.726   0.2253    0.2764    0.2624    0.0141
270     A         B           24           GLY        60.82         662  607  4  8.925  8.612  1.039   0.1952    0.2784    0.2643    0.0052
271     A         B           25           GLN        60.01         662  607  16  8.925  8.612  1.039   0.2105    0.2761    0.2621    0.0051
272     A         B           26           SER        65.07         662  607  39  8.925  8.612  1.777   0.2196    0.2803    0.2662    0.0152
273     A         B           27           GLY        72.00         662  607  65  8.925  8.612  2.768   0.2336    0.2915    0.2770    0.0382
274     A         B           28           THR        77.80         662  607  100  8.925  8.612  3.652   0.2550    0.2981    0.2835    0.0667
275     A         B           29           CYS        78.26         662  607  148  8.925  8.612  4.530   0.2773    0.3065    0.2916    0.1027
276     A         B           30           ILE        84.96         662  607  187  8.925  8.612  5.096   0.2939    0.3125    0.2975    0.1297
277     A         B           31           THR        84.98         662  607  167  8.925  8.612  4.818   0.2852    0.3085    0.2936    0.1156
278     A         B           32           ASP        91.19         662  607  178  8.925  8.612  4.974   0.2901    0.3110    0.2960    0.1236
279     A         B           33           PRO        93.23         662  607  177  8.925  8.612  4.960   0.2899    0.3119    0.2969    0.1234
280     A         B           34           LEU        96.08         662  607  191  8.925  8.612  5.149   0.2982    0.3166    0.3015    0.1343
281     A         B           35           LEU        96.61         662  607  194  8.925  8.612  5.188   0.3041    0.3225    0.3072    0.1393
282     A         B           36           ALA        98.17         662  607  195  8.925  8.612  5.201   0.3030    0.3211    0.3059    0.1392
283     A         B           37           MET        96.29         662  607  181  8.925  8.612  5.015   0.2912    0.3118    0.2968    0.1258
284     A         B           38           ASP        95.37         662  607  145  8.925  8.612  4.482   0.2764    0.3089    0.2939    0.1019
285     A         B           39           GLU        94.09         662  607  103  8.925  8.612  3.715   0.2555    0.2970    0.2823    0.0685
286     A         B           40           GLY        94.51         662  607  103  8.925  8.612  3.715   0.2562    0.2976    0.2829    0.0687
287     A         B           41           TYR        96.49         662  607  179  8.925  8.612  4.987   0.2938    0.3171    0.3020    0.1274
288     A         B           42           PHE        95.70         662  607  197  8.925  8.612  5.227   0.3011    0.3184    0.3033    0.1388
289     A         B           43           ALA        97.67         662  607  192  8.925  8.612  5.162   0.3002    0.3191    0.3039    0.1362
290     A         B           44           TYR        93.63         662  607  194  8.925  8.612  5.188   0.3015    0.3197    0.3045    0.1377
291     A         B           45           SER        95.47         662  607  187  8.925  8.612  5.096   0.2960    0.3153    0.3002    0.1312
292     A         B           46           HIS        91.19         662  607  196  8.925  8.612  5.214   0.3009    0.3177    0.3025    0.1378
293     A         B           47           LEU        90.89         662  607  187  8.925  8.612  5.096   0.2954    0.3144    0.2993    0.1307
294     A         B           48           GLU        85.67         662  607  175  8.925  8.612  4.932   0.2857    0.3063    0.2914    0.1193
295     A         B           49           ARG        82.26         662  607  140  8.925  8.612  4.400   0.2718    0.3018    0.2871    0.0955
296     A         B           50           ILE        79.42         662  607  140  8.925  8.612  4.400   0.2720    0.3012    0.2865    0.0952
297     A         B           51           GLY        71.73         662  607  111  8.925  8.612  3.878   0.2607    0.3036    0.2888    0.0764
298     A         B           52           SER        67.57         662  607  122  8.925  8.612  4.087   0.2677    0.3064    0.2915    0.0852
299     A         B           53           CYS        70.96         662  607  163  8.925  8.612  4.759   0.2865    0.3126    0.2975    0.1151
300     A         B           54           SER        63.58         662  607  104  8.925  8.612  3.736   0.2583    0.3017    0.2870    0.0707
301     A         B           55           ARG        65.09         662  607  92  8.925  8.612  3.475   0.2508    0.3010    0.2863    0.0616
302     A         B           56           GLY        73.75         662  607  88  8.925  8.612  3.382   0.2469    0.3015    0.2868    0.0587
303     A         B           57           VAL        79.58         662  607  103  8.925  8.612  3.715   0.2607    0.3016    0.2868    0.0699
304     A         B           58           SER        84.22         662  607  92  8.925  8.612  3.475   0.2511    0.2960    0.2814    0.0601
305     A         B           59           LYS        84.36         662  607  102  8.925  8.612  3.694   0.2584    0.2996    0.2849    0.0686
306     A         B           60           GLN        84.57         662  607  88  8.925  8.612  3.382   0.2501    0.2933    0.2788    0.0564
307     A         B           61           ARG        91.29         662  607  165  8.925  8.612  4.788   0.2831    0.3071    0.2922    0.1137
308     A         B           62           ILE        89.63         662  607  159  8.925  8.612  4.699   0.2794    0.3041    0.2893    0.1085
309     A         B           63           ILE        95.42         662  607  182  8.925  8.612  5.029   0.2928    0.3125    0.2975    0.1267
310     A         B           64           GLY        93.17         662  607  152  8.925  8.612  4.592   0.2768    0.3037    0.2889    0.1040
311     A         B           65           VAL        94.55         662  607  174  8.925  8.612  4.918   0.2876    0.3099    0.2949    0.1205
312     A         B           66           GLY        92.01         662  607  128  8.925  8.612  4.195   0.2659    0.2985    0.2838    0.0862
313     A         B           67           GLU        87.54         662  607  134  8.925  8.612  4.299   0.2699    0.3032    0.2884    0.0921
314     A         B           68           VAL        92.95         662  607  155  8.925  8.612  4.639   0.2778    0.3040    0.2891    0.1059
315     A         B           69           LEU        83.91         662  607  70  8.925  8.612  2.916   0.2388    0.2872    0.2728    0.0413
316     A         B           70           ASP        84.07         662  607  28  8.925  8.612  1.116   0.2162    0.2796    0.2655    0.0060
317     A         B           71           ARG        72.18         662  607  0  8.925  8.612  1.039   0.1637    0.0000    0.0000    0.0000
318     A         B           72           GLY        76.44         662  607  0  8.925  8.612  1.039   0.1578    0.0000    0.0000    0.0000
319     A         B           73           ASP        78.24         662  607  0  8.925  8.612  1.039   0.1761    0.0000    0.0000    0.0000
320     A         B           74           GLU        85.92         662  607  34  8.925  8.612  1.509   0.2148    0.2827    0.2684    0.0112
321     A         B           75           VAL        88.64         662  607  78  8.925  8.612  3.134   0.2458    0.2924    0.2779    0.0486
322     A         B           76           PRO        92.91         662  607  113  8.925  8.612  3.917   0.2595    0.2963    0.2817    0.0753
323     A         B           77           SER        85.21         662  607  110  8.925  8.612  3.858   0.2560    0.2928    0.2783    0.0720
324     A         B           78           LEU        88.84         662  607  178  8.925  8.612  4.974   0.2889    0.3107    0.2957    0.1234
325     A         B           79           PHE        85.13         662  607  170  8.925  8.612  4.861   0.2865    0.3102    0.2952    0.1182
326     A         B           80           MET        85.35         662  607  149  8.925  8.612  4.545   0.2774    0.3061    0.2912    0.1031
327     A         B           81           THR        87.59         662  607  137  8.925  8.612  4.350   0.2685    0.2999    0.2852    0.0927
328     A         B           82           ASN        89.33         662  607  155  8.925  8.612  4.639   0.2762    0.3030    0.2882    0.1055
329     A         B           83           VAL        87.56         662  607  162  8.925  8.612  4.744   0.2805    0.3043    0.2895    0.1104
330     A         B           84           TRP        92.01         662  607  159  8.925  8.612  4.699   0.2792    0.3036    0.2888    0.1082
331     A         B           85           THR        88.70         662  607  108  8.925  8.612  3.818   0.2557    0.2919    0.2774    0.0704
332     A         B           86           PRO        92.31         662  607  74  8.925  8.612  3.027   0.2435    0.2878    0.2734    0.0445
333     A         B           87           PRO        88.62         662  607  28  8.925  8.612  1.116   0.2185    0.2777    0.2636    0.0060
334     A         B           88           ASN        90.59         662  607  59  8.925  8.612  2.578   0.2326    0.2830    0.2687    0.0319
335     A         B           89           PRO        88.51         662  607  50  8.925  8.612  2.256   0.2290    0.2839    0.2697    0.0248
336     A         B           90           ASN        88.37         662  607  49  8.925  8.612  2.217   0.2293    0.2820    0.2678    0.0237
337     A         B           91           THR        93.86         662  607  72  8.925  8.612  2.972   0.2410    0.2874    0.2731    0.0429
338     A         B           92           VAL        95.46         662  607  125  8.925  8.612  4.141   0.2641    0.2975    0.2828    0.0839
339     A         B           93           TYR        95.77         662  607  143  8.925  8.612  4.449   0.2722    0.3016    0.2868    0.0973
340     A         B           94           HIS        97.43         662  607  169  8.925  8.612  4.847   0.2851    0.3082    0.2933    0.1166
341     A         B           95           CYS        97.83         662  607  165  8.925  8.612  4.788   0.2857    0.3117    0.2966    0.1158
342     A         B           96           SER        98.72         662  607  177  8.925  8.612  4.960   0.2907    0.3125    0.2975    0.1237
343     A         B           97           ALA        98.64         662  607  181  8.925  8.612  5.015   0.2939    0.3156    0.3005    0.1278
344     A         B           98           VAL        98.62         662  607  178  8.925  8.612  4.974   0.2903    0.3119    0.2969    0.1240
345     A         B           99           TYR        97.86         662  607  186  8.925  8.612  5.083   0.2959    0.3166    0.3015    0.1313
346     A         B          100           ASN        95.28         662  607  140  8.925  8.612  4.400   0.2724    0.3047    0.2899    0.0967
347     A         B          101           ASN        89.43         662  607  34  8.925  8.612  1.509   0.2205    0.2804    0.2663    0.0111
348     A         B          102           GLU        89.21         662  607  57  8.925  8.612  2.510   0.2327    0.2822    0.2680    0.0302
349     A         B          103           PHE        94.09         662  607  176  8.925  8.612  4.946   0.2889    0.3115    0.2965    0.1226
350     A         B          104           TYR        97.61         662  607  182  8.925  8.612  5.029   0.2915    0.3123    0.2972    0.1266
351     A         B          105           TYR        97.26         662  607  188  8.925  8.612  5.109   0.2955    0.3154    0.3002    0.1318
352     A         B          106           VAL        98.18         662  607  176  8.925  8.612  4.946   0.2890    0.3107    0.2957    0.1221
353     A         B          107           LEU        98.55         662  607  180  8.925  8.612  5.001   0.2929    0.3143    0.2992    0.1264
354     A         B          108           CYS        97.85         662  607  162  8.925  8.612  4.744   0.2843    0.3107    0.2957    0.1135
355     A         B          109           ALA        98.13         662  607  170  8.925  8.612  4.861   0.2852    0.3087    0.2937    0.1175
356     A         B          110           VAL        96.75         662  607  158  8.925  8.612  4.684   0.2792    0.3048    0.2900    0.1082
357     A         B          111           SER        96.29         662  607  133  8.925  8.612  4.282   0.2690    0.3014    0.2867    0.0907
358     A         B          112           THR        93.08         662  607  102  8.925  8.612  3.694   0.2552    0.2932    0.2787    0.0666
359     A         B          113           VAL        90.94         662  607  131  8.925  8.612  4.247   0.2651    0.2973    0.2826    0.0877
360     A         B          114           GLY        89.73         662  607  127  8.925  8.612  4.177   0.2645    0.2983    0.2837    0.0856
361     A         B          115           ASP        91.11         662  607  148  8.925  8.612  4.530   0.2758    0.3039    0.2891    0.1015
362     A         B          116           PRO        97.45         662  607  150  8.925  8.612  4.561   0.2760    0.3042    0.2894    0.1030
363     A         B          117           ILE        95.90         662  607  154  8.925  8.612  4.623   0.2777    0.3039    0.2891    0.1053
364     A         B          118           LEU        89.15         662  607  145  8.925  8.612  4.482   0.2732    0.3009    0.2862    0.0983
365     A         B          119           ASN        92.99         662  607  138  8.925  8.612  4.367   0.2710    0.3032    0.2884    0.0948
366     A         B          120           SER        95.32         662  607  144  8.925  8.612  4.465   0.2732    0.3042    0.2893    0.0991
367     A         B          121           THR        92.60         662  607  117  8.925  8.612  3.994   0.2601    0.2967    0.2821    0.0782
368     A         B          122           TYR        93.21         662  607  119  8.925  8.612  4.031   0.2596    0.2940    0.2795    0.0786
369     A         B          123           TRP        97.41         662  607  143  8.925  8.612  4.449   0.2728    0.3014    0.2866    0.0972
370     A         B          124           SER        94.94         662  607  105  8.925  8.612  3.757   0.2556    0.2933    0.2787    0.0687
371     A         B          125           GLY        97.37         662  607  99  8.925  8.612  3.631   0.2522    0.2908    0.2763    0.0637
372     A         B          126           SER        96.08         662  607  121  8.925  8.612  4.068   0.2624    0.2958    0.2812    0.0805
373     A         B          127           LEU        97.83         662  607  161  8.925  8.612  4.729   0.2824    0.3081    0.2932    0.1116
374     A         B          128           MET        95.18         662  607  130  8.925  8.612  4.230   0.2650    0.2963    0.2817    0.0867
375     A         B          129           MET        95.69         662  607  154  8.925  8.612  4.623   0.2762    0.3027    0.2879    0.1047
376     A         B          130           THR        95.53         662  607  153  8.925  8.612  4.608   0.2771    0.3044    0.2896    0.1049
377     A         B          131           ARG        93.20         662  607  144  8.925  8.612  4.465   0.2734    0.3023    0.2875    0.0982
378     A         B          132           LEU        94.85         662  607  160  8.925  8.612  4.714   0.2821    0.3080    0.2931    0.1110
379     A         B          133           ALA        91.39         662  607  158  8.925  8.612  4.684   0.2797    0.3062    0.2913    0.1089
380     A         B          134           VAL        92.47         662  607  106  8.925  8.612  3.777   0.2547    0.2910    0.2766    0.0687
381     A         B          135           LYS        84.58         662  607  44  8.925  8.612  2.010   0.2252    0.2842    0.2700    0.0198
382     A         B          136           PRO        78.94         662  607  4  8.925  8.612  1.039   0.1912    0.2735    0.2595    0.0051
383     A         B          137           LYS        72.58         662  607  1  8.925  8.612  1.039   0.1717    0.2625    0.2489    0.0048
384     A         B          138           SER        62.58         662  607  0  8.925  8.612  1.039   0.1304    0.0000    0.0000    0.0000
385     A         B          139           ASN        62.58         662  607  0  8.925  8.612  1.039   0.1169    0.0000    0.0000    0.0000
386     A         B          140           GLY        61.61         662  607  0  8.925  8.612  1.039   0.1254    0.0000    0.0000    0.0000
387     A         B          141           GLY        61.63         662  607  0  8.925  8.612  1.039   0.1360    0.0000    0.0000    0.0000
388     A         B          142           GLY        66.01         662  607  0  8.925  8.612  1.039   0.1523    0.0000    0.0000    0.0000
389     A         B          143           TYR        69.54         662  607  1  8.925  8.612  1.039   0.1853    0.2619    0.2483    0.0048
390     A         B          144           ASN        82.10         662  607  22  8.925  8.612  1.039   0.2153    0.2744    0.2604    0.0051
391     A         B          145           GLN        84.26         662  607  58  8.925  8.612  2.544   0.2343    0.2814    0.2672    0.0309
392     A         B          146           HIS        86.90         662  607  95  8.925  8.612  3.543   0.2507    0.2901    0.2757    0.0607
393     A         B          147           GLN        88.77         662  607  104  8.925  8.612  3.736   0.2542    0.2909    0.2765    0.0673
394     A         B          148           LEU        90.88         662  607  98  8.925  8.612  3.609   0.2498    0.2882    0.2738    0.0622
395     A         B          149           ALA        84.45         662  607  4  8.925  8.612  1.039   0.2059    0.2795    0.2653    0.0052
396     A         B          150           LEU        92.42         662  607  28  8.925  8.612  1.116   0.2195    0.2754    0.2614    0.0059
397     A         B          151           ARG        85.67         662  607  4  8.925  8.612  1.039   0.1918    0.2779    0.2638    0.0052
398     A         B          152           SER        90.82         662  607  20  8.925  8.612  1.039   0.2126    0.2775    0.2635    0.0052
399     A         B          153           ILE        96.49         662  607  102  8.925  8.612  3.694   0.2542    0.2907    0.2763    0.0658
400     A         B          154           GLU        96.27         662  607  114  8.925  8.612  3.936   0.2585    0.2924    0.2779    0.0747
401     A         B          155           LYS        97.17         662  607  87  8.925  8.612  3.359   0.2487    0.2899    0.2755    0.0548
402     A         B          156           GLY        97.13         662  607  70  8.925  8.612  2.916   0.2408    0.2871    0.2728    0.0413
403     A         B          157           ARG        95.13         662  607  94  8.925  8.612  3.521   0.2497    0.2888    0.2744    0.0596
404     A         B          158           TYR        98.64         662  607  154  8.925  8.612  4.623   0.2782    0.3046    0.2898    0.1056
405     A         B          159           ASP        97.70         662  607  140  8.925  8.612  4.400   0.2712    0.3011    0.2863    0.0952
406     A         B          160           LYS        98.42         662  607  128  8.925  8.612  4.195   0.2649    0.2964    0.2818    0.0855
407     A         B          161           VAL        98.78         662  607  159  8.925  8.612  4.699   0.2816    0.3071    0.2922    0.1099
408     A         B          162           MET        97.93         662  607  122  8.925  8.612  4.087   0.2627    0.2977    0.2831    0.0820
409     A         B          163           PRO        98.76         662  607  160  8.925  8.612  4.714   0.2819    0.3081    0.2932    0.1111
410     A         B          164           TYR        98.68         662  607  168  8.925  8.612  4.832   0.2830    0.3072    0.2923    0.1156
411     A         B          165           GLY        98.63         662  607  115  8.925  8.612  3.956   0.2593    0.2979    0.2833    0.0774
412     A         B          166           PRO        97.66         662  607  144  8.925  8.612  4.465   0.2750    0.3067    0.2919    0.1003
413     A         B          167           SER        97.68         662  607  155  8.925  8.612  4.639   0.2805    0.3100    0.2951    0.1089
414     A         B          168           GLY        98.70         662  607  155  8.925  8.612  4.639   0.2813    0.3108    0.2958    0.1092
415     A         B          169           ILE        98.15         662  607  172  8.925  8.612  4.889   0.2874    0.3114    0.2964    0.1202
416     A         B          170           LYS        96.53         662  607  145  8.925  8.612  4.482   0.2761    0.3081    0.2932    0.1015
417     A         B          171           GLN        93.84         662  607  106  8.925  8.612  3.777   0.2566    0.2982    0.2835    0.0711
418     A         B          172           GLY        93.72         662  607  37  8.925  8.612  1.675   0.2211    0.2837    0.2694    0.0138
419     A         B          173           ASP        89.58         662  607  13  8.925  8.612  1.039   0.2097    0.2810    0.2668    0.0053
420     A         B          174           THR        96.81         662  607  140  8.925  8.612  4.400   0.2723    0.3039    0.2891    0.0964
421     A         B          175           LEU        97.92         662  607  165  8.925  8.612  4.788   0.2854    0.3107    0.2957    0.1154
422     A         B          176           TYR        98.65         662  607  178  8.925  8.612  4.974   0.2914    0.3141    0.2990    0.1251
423     A         B          177           PHE        98.90         662  607  185  8.925  8.612  5.069   0.2948    0.3152    0.3001    0.1299
424     A         B          178           PRO        98.90         662  607  174  8.925  8.612  4.918   0.2875    0.3095    0.2945    0.1204
425     A         B          179           ALA        98.87         662  607  161  8.925  8.612  4.729   0.2819    0.3070    0.2921    0.1111
426     A         B          180           VAL        98.77         662  607  158  8.925  8.612  4.684   0.2786    0.3041    0.2893    0.1079
427     A         B          181           GLY        98.82         662  607  145  8.925  8.612  4.482   0.2749    0.3048    0.2900    0.1001
428     A         B          182           PHE        98.66         662  607  173  8.925  8.612  4.904   0.2878    0.3103    0.2953    0.1201
429     A         B          183           LEU        98.13         662  607  162  8.925  8.612  4.744   0.2821    0.3070    0.2921    0.1118
430     A         B          184           VAL        97.70         662  607  146  8.925  8.612  4.498   0.2734    0.3012    0.2864    0.0990
431     A         B          185           ARG        94.79         662  607  96  8.925  8.612  3.565   0.2529    0.2917    0.2772    0.0619
432     A         B          186           THR        94.78         662  607  106  8.925  8.612  3.777   0.2558    0.2928    0.2783    0.0693
433     A         B          187           GLU        95.80         662  607  117  8.925  8.612  3.994   0.2598    0.2934    0.2788    0.0770
434     A         B          188           PHE        96.16         662  607  63  8.925  8.612  2.706   0.2392    0.2878    0.2734    0.0359
435     A         B          189           LYS        90.86         662  607  13  8.925  8.612  1.039   0.2091    0.2848    0.2705    0.0054
436     A         B          190           TYR        93.79         662  607  29  8.925  8.612  1.189   0.2183    0.2777    0.2636    0.0068
437     A         B          191           ASN        92.43         662  607  11  8.925  8.612  1.039   0.2045    0.2831    0.2688    0.0053
438     A         B          192           ASP        89.97         662  607  15  8.925  8.612  1.039   0.2097    0.2777    0.2636    0.0052
439     A         B          193           SER        92.34         662  607  18  8.925  8.612  1.039   0.2097    0.2814    0.2672    0.0053
440     A         B          194           ASN        91.98         662  607  24  8.925  8.612  1.039   0.2131    0.2794    0.2653    0.0052
441     A         B          195           CYS        94.01         662  607  41  8.925  8.612  1.873   0.2247    0.2850    0.2707    0.0173
442     A         B          196           PRO        88.61         662  607  25  8.925  8.612  1.039   0.2150    0.2804    0.2662    0.0053
443     A         B          197           ILE        91.18         662  607  39  8.925  8.612  1.777   0.2239    0.2829    0.2687    0.0154
444     A         B          198           THR        88.87         662  607  8  8.925  8.612  1.039   0.1945    0.2811    0.2669    0.0053
445     A         B          199           LYS        84.53         662  607  26  8.925  8.612  1.039   0.2112    0.2830    0.2687    0.0053
446     A         B          200           CYS        92.03         662  607  61  8.925  8.612  2.643   0.2363    0.2906    0.2761    0.0348
447     A         B          201           GLN        83.96         662  607  22  8.925  8.612  1.039   0.2111    0.2834    0.2692    0.0053
448     A         B          202           TYR        84.83         662  607  34  8.925  8.612  1.509   0.2194    0.2817    0.2675    0.0111
449     A         B          203           SER        92.84         662  607  69  8.925  8.612  2.887   0.2412    0.2943    0.2797    0.0419
450     A         B          204           LYS        92.86         662  607  81  8.925  8.612  3.211   0.2475    0.2962    0.2816    0.0519
451     A         B          205           PRO        94.87         662  607  81  8.925  8.612  3.211   0.2453    0.2930    0.2784    0.0511
452     A         B          206           GLU        93.73         662  607  104  8.925  8.612  3.736   0.2561    0.2963    0.2817    0.0690
453     A         B          207           ASN        95.26         662  607  123  8.925  8.612  4.105   0.2644    0.2997    0.2850    0.0834
454     A         B          208           CYS        95.68         662  607  122  8.925  8.612  4.087   0.2644    0.2995    0.2848    0.0826
455     A         B          209           ARG        95.37         662  607  123  8.925  8.612  4.105   0.2619    0.2958    0.2812    0.0820
456     A         B          210           LEU        95.53         662  607  137  8.925  8.612  4.350   0.2699    0.3025    0.2877    0.0939
457     A         B          211           SER        95.47         662  607  121  8.925  8.612  4.068   0.2634    0.2980    0.2833    0.0814
458     A         B          212           MET        96.64         662  607  127  8.925  8.612  4.177   0.2646    0.2980    0.2833    0.0854
459     A         B          213           GLY        96.18         662  607  120  8.925  8.612  4.050   0.2625    0.2993    0.2846    0.0812
460     A         B          214           ILE        93.25         662  607  124  8.925  8.612  4.123   0.2619    0.2943    0.2798    0.0820
461     A         B          215           ARG        88.85         662  607  86  8.925  8.612  3.335   0.2501    0.2940    0.2795    0.0552
462     A         B          216           PRO        88.82         662  607  87  8.925  8.612  3.359   0.2490    0.2958    0.2812    0.0564
463     A         B          217           ASN        87.78         662  607  63  8.925  8.612  2.706   0.2382    0.2931    0.2786    0.0369
464     A         B          218           SER        94.08         662  607  104  8.925  8.612  3.736   0.2548    0.2953    0.2808    0.0687
465     A         B          219           HIS        95.78         662  607  127  8.925  8.612  4.177   0.2637    0.2961    0.2815    0.0847
466     A         B          220           TYR        97.99         662  607  150  8.925  8.612  4.561   0.2766    0.3059    0.2910    0.1037
467     A         B          221           ILE        97.49         662  607  151  8.925  8.612  4.577   0.2744    0.3006    0.2859    0.1019
468     A         B          222           LEU        98.15         662  607  154  8.925  8.612  4.623   0.2771    0.3045    0.2897    0.1056
469     A         B          223           ARG        98.17         662  607  151  8.925  8.612  4.577   0.2768    0.3045    0.2897    0.1037
470     A         B          224           SER        98.35         662  607  148  8.925  8.612  4.530   0.2738    0.3015    0.2867    0.1005
471     A         B          225           GLY        98.75         662  607  145  8.925  8.612  4.482   0.2750    0.3057    0.2909    0.1005
472     A         B          226           LEU        98.71         662  607  165  8.925  8.612  4.788   0.2837    0.3082    0.2933    0.1142
473     A         B          227           LEU        98.75         662  607  176  8.925  8.612  4.946   0.2896    0.3117    0.2967    0.1227
474     A         B          228           LYS        97.90         662  607  153  8.925  8.612  4.608   0.2782    0.3061    0.2912    0.1057
475     A         B          229           TYR        96.60         662  607  145  8.925  8.612  4.482   0.2771    0.3083    0.2934    0.1015
476     A         B          230           ASN        93.67         662  607  96  8.925  8.612  3.565   0.2522    0.2938    0.2793    0.0625
477     A         B          231           LEU        91.73         662  607  79  8.925  8.612  3.160   0.2435    0.2880    0.2736    0.0484
478     A         B          232           SER        88.14         662  607  7  8.925  8.612  1.039   0.1959    0.2900    0.2755    0.0055
479     A         B          233           ASP        78.16         662  607  0  8.925  8.612  1.039   0.1678    0.0000    0.0000    0.0000
480     A         B          234           GLY        76.63         662  607  0  8.925  8.612  1.039   0.1292    0.0000    0.0000    0.0000
481     A         B          235           GLU        69.43         662  607  0  8.925  8.612  1.039   0.1418    0.0000    0.0000    0.0000
482     A         B          236           ASN        74.96         662  607  0  8.925  8.612  1.039   0.1508    0.0000    0.0000    0.0000
483     A         B          237           PRO        84.74         662  607  0  8.925  8.612  1.039   0.1873    0.0000    0.0000    0.0000
484     A         B          238           LYS        91.03         662  607  42  8.925  8.612  1.920   0.2257    0.2850    0.2707    0.0182
485     A         B          239           VAL        96.50         662  607  113  8.925  8.612  3.917   0.2580    0.2930    0.2785    0.0742
486     A         B          240           VAL        97.40         662  607  141  8.925  8.612  4.416   0.2718    0.3018    0.2870    0.0961
487     A         B          241           PHE        98.66         662  607  165  8.925  8.612  4.788   0.2845    0.3091    0.2941    0.1146
488     A         B          242           ILE        98.30         662  607  141  8.925  8.612  4.416   0.2717    0.3011    0.2864    0.0958
489     A         B          243           GLU        97.33         662  607  123  8.925  8.612  4.105   0.2627    0.2961    0.2815    0.0820
490     A         B          244           ILE        97.47         662  607  80  8.925  8.612  3.186   0.2479    0.2918    0.2773    0.0501
491     A         B          245           SER        93.00         662  607  16  8.925  8.612  1.039   0.2097    0.2834    0.2691    0.0054
492     A         B          246           ASP        89.50         662  607  19  8.925  8.612  1.039   0.2119    0.2785    0.2644    0.0052
493     A         B          247           GLN        91.02         662  607  36  8.925  8.612  1.621   0.2170    0.2828    0.2686    0.0129
494     A         B          248           ARG        91.73         662  607  44  8.925  8.612  2.010   0.2265    0.2865    0.2722    0.0200
495     A         B          249           LEU        94.52         662  607  71  8.925  8.612  2.944   0.2429    0.2930    0.2785    0.0433
496     A         B          250           SER        96.19         662  607  78  8.925  8.612  3.134   0.2497    0.2976    0.2829    0.0499
497     A         B          251           ILE        97.22         662  607  118  8.925  8.612  4.013   0.2612    0.2970    0.2824    0.0791
498     A         B          252           GLY        98.25         662  607  112  8.925  8.612  3.897   0.2613    0.3009    0.2861    0.0763
499     A         B          253           SER        97.75         662  607  134  8.925  8.612  4.299   0.2685    0.3013    0.2865    0.0915
500     A         B          254           PRO        98.12         662  607  172  8.925  8.612  4.889   0.2886    0.3132    0.2982    0.1211
501     A         B          255           SER        98.64         662  607  174  8.925  8.612  4.918   0.2887    0.3111    0.2961    0.1213
502     A         B          256           LYS        98.76         662  607  181  8.925  8.612  5.015   0.2922    0.3131    0.2981    0.1265
503     A         B          257           ILE        98.79         662  607  189  8.925  8.612  5.123   0.2960    0.3148    0.2997    0.1321
504     A         B          258           TYR        98.45         662  607  170  8.925  8.612  4.861   0.2868    0.3108    0.2958    0.1186
505     A         B          259           ASP        95.58         662  607  126  8.925  8.612  4.159   0.2663    0.3041    0.2893    0.0872
506     A         B          260           SER        97.10         662  607  63  8.925  8.612  2.706   0.2386    0.2909    0.2764    0.0365
507     A         B          261           LEU        93.71         662  607  81  8.925  8.612  3.211   0.2457    0.2979    0.2832    0.0523
508     A         B          262           GLY        95.06         662  607  32  8.925  8.612  1.388   0.2178    0.2850    0.2707    0.0096
509     A         B          263           GLN        95.49         662  607  94  8.925  8.612  3.521   0.2528    0.2982    0.2835    0.0623
510     A         B          264           PRO        97.78         662  607  160  8.925  8.612  4.714   0.2865    0.3159    0.3008    0.1149
511     A         B          265           VAL        98.57         662  607  183  8.925  8.612  5.042   0.2934    0.3139    0.2988    0.1281
512     A         B          266           PHE        98.74         662  607  185  8.925  8.612  5.069   0.2944    0.3144    0.2993    0.1295
513     A         B          267           TYR        98.88         662  607  183  8.925  8.612  5.042   0.2934    0.3142    0.2991    0.1282
514     A         B          268           GLN        98.68         662  607  179  8.925  8.612  4.987   0.2903    0.3113    0.2963    0.1243
515     A         B          269           ALA        97.92         662  607  164  8.925  8.612  4.774   0.2835    0.3092    0.2942    0.1142
516     A         B          270           SER        96.27         662  607  135  8.925  8.612  4.316   0.2703    0.3023    0.2876    0.0925
517     A         B          271           PHE        95.73         662  607  154  8.925  8.612  4.623   0.2779    0.3049    0.2901    0.1059
518     A         B          272           SER        94.91         662  607  112  8.925  8.612  3.897   0.2614    0.3006    0.2859    0.0762
519     A         B          273           TRP        95.05         662  607  132  8.925  8.612  4.265   0.2699    0.3035    0.2887    0.0910
520     A         B          274           ASP        95.73         662  607  141  8.925  8.612  4.416   0.2721    0.3022    0.2875    0.0964
521     A         B          275           THR        92.31         662  607  138  8.925  8.612  4.367   0.2726    0.3046    0.2897    0.0954
522     A         B          276           MET        94.23         662  607  152  8.925  8.612  4.592   0.2793    0.3081    0.2932    0.1061
523     A         B          277           ILE        98.34         662  607  177  8.925  8.612  4.960   0.2870    0.3090    0.2941    0.1220
524     A         B          278           LYS        97.95         662  607  168  8.925  8.612  4.832   0.2836    0.3079    0.2930    0.1160
525     A         B          279           PHE        98.50         662  607  162  8.925  8.612  4.744   0.2841    0.3107    0.2957    0.1136
526     A         B          280           GLY        98.15         662  607  152  8.925  8.612  4.592   0.2801    0.3113    0.2963    0.1076
527     A         B          281           ASP        96.89         662  607  131  8.925  8.612  4.247   0.2705    0.3072    0.2923    0.0918
528     A         B          282           VAL        98.05         662  607  159  8.925  8.612  4.699   0.2830    0.3100    0.2950    0.1113
529     A         B          283           LEU        96.30         662  607  126  8.925  8.612  4.159   0.2672    0.3033    0.2886    0.0869
530     A         B          284           THR        95.69         662  607  72  8.925  8.612  2.972   0.2418    0.2898    0.2754    0.0435
531     A         B          285           VAL        95.00         662  607  69  8.925  8.612  2.887   0.2417    0.2896    0.2751    0.0410
532     A         B          286           ASN        93.78         662  607  29  8.925  8.612  1.189   0.2223    0.2810    0.2668    0.0069
533     A         B          287           PRO        94.16         662  607  55  8.925  8.612  2.441   0.2352    0.2916    0.2771    0.0300
534     A         B          288           LEU        97.72         662  607  124  8.925  8.612  4.123   0.2623    0.2956    0.2810    0.0825
535     A         B          289           VAL        96.56         662  607  129  8.925  8.612  4.213   0.2653    0.2982    0.2836    0.0869
536     A         B          290           VAL        97.68         662  607  142  8.925  8.612  4.433   0.2718    0.3017    0.2869    0.0967
537     A         B          291           ASN        96.59         662  607  128  8.925  8.612  4.195   0.2673    0.3025    0.2877    0.0879
538     A         B          292           TRP        97.63         662  607  154  8.925  8.612  4.623   0.2795    0.3072    0.2923    0.1069
539     A         B          293           ARG        97.78         662  607  118  8.925  8.612  4.013   0.2625    0.3002    0.2855    0.0802
540     A         B          294           ASN        94.06         662  607  95  8.925  8.612  3.543   0.2532    0.3010    0.2863    0.0639
541     A         B          295           ASN        96.85         662  607  135  8.925  8.612  4.316   0.2714    0.3061    0.2912    0.0940
542     A         B          296           THR        90.51         662  607  132  8.925  8.612  4.265   0.2720    0.3085    0.2935    0.0930
543     A         B          297           VAL        93.45         662  607  159  8.925  8.612  4.699   0.2828    0.3116    0.2966    0.1122
544     A         B          298           ILE        97.23         662  607  181  8.925  8.612  5.015   0.2911    0.3119    0.2969    0.1259
545     A         B          299           SER        94.42         662  607  167  8.925  8.612  4.818   0.2862    0.3117    0.2967    0.1172
546     A         B          300           ARG        94.64         662  607  184  8.925  8.612  5.056   0.2917    0.3123    0.2973    0.1279
547     A         B          301           PRO        88.37         662  607  167  8.925  8.612  4.818   0.2883    0.3134    0.2984    0.1181
548     A         B          302           GLY        83.16         662  607  115  8.925  8.612  3.956   0.2667    0.3104    0.2954    0.0817
549     A         B          303           GLN        70.03         662  607  115  8.925  8.612  3.956   0.2651    0.3065    0.2916    0.0804
550     A         B          304           SER        62.64         662  607  114  8.925  8.612  3.936   0.2639    0.3044    0.2896    0.0789
551     A         B          305           GLN        72.76         662  607  111  8.925  8.612  3.878   0.2608    0.3013    0.2866    0.0757
552     A         B          306           CYS        87.41         662  607  132  8.925  8.612  4.265   0.2704    0.3055    0.2906    0.0917
553     A         B          307           PRO        79.70         662  607  131  8.925  8.612  4.247   0.2691    0.3045    0.2897    0.0907
554     A         B          308           ARG        83.65         662  607  144  8.925  8.612  4.465   0.2762    0.3061    0.2913    0.1000
555     A         B          309           PHE        83.01         662  607  145  8.925  8.612  4.482   0.2773    0.3093    0.2944    0.1021
556     A         B          310           ASN        85.79         662  607  131  8.925  8.612  4.247   0.2682    0.3023    0.2875    0.0898
557     A         B          311           THR        88.59         662  607  113  8.925  8.612  3.917   0.2637    0.3048    0.2900    0.0783
558     A         B          312           CYS        92.71         662  607  120  8.925  8.612  4.050   0.2654    0.3033    0.2885    0.0827
559     A         B          313           PRO        95.38         662  607  117  8.925  8.612  3.994   0.2622    0.2983    0.2837    0.0788
560     A         B          314           GLU        90.85         662  607  107  8.925  8.612  3.798   0.2597    0.3007    0.2860    0.0726
561     A         B          315           ILE        92.41         662  607  132  8.925  8.612  4.265   0.2701    0.3055    0.2907    0.0919
562     A         B          316           CYS        89.27         662  607  122  8.925  8.612  4.087   0.2666    0.3049    0.2901    0.0847
563     A         B          317           TRP        91.39         662  607  136  8.925  8.612  4.333   0.2724    0.3048    0.2900    0.0942
564     A         B          318           GLU        87.95         662  607  147  8.925  8.612  4.514   0.2782    0.3094    0.2945    0.1035
565     A         B          319           GLY        92.25         662  607  122  8.925  8.612  4.087   0.2687    0.3080    0.2930    0.0859
566     A         B          320           VAL        93.67         662  607  148  8.925  8.612  4.530   0.2781    0.3082    0.2933    0.1035
567     A         B          321           TYR        97.35         662  607  157  8.925  8.612  4.669   0.2794    0.3056    0.2908    0.1081
568     A         B          322           ASN        98.24         662  607  169  8.925  8.612  4.847   0.2878    0.3123    0.2973    0.1188
569     A         B          323           ASP        97.59         662  607  182  8.925  8.612  5.029   0.2911    0.3118    0.2968    0.1265
570     A         B          324           ALA        98.41         662  607  179  8.925  8.612  4.987   0.2901    0.3124    0.2973    0.1250
571     A         B          325           PHE        98.71         662  607  210  8.925  8.612  5.391   0.3125    0.3265    0.3111    0.1511
572     A         B          326           LEU        98.24         662  607  185  8.925  8.612  5.069   0.2981    0.3193    0.3041    0.1322
573     A         B          327           ILE        97.83         662  607  185  8.925  8.612  5.069   0.2933    0.3127    0.2977    0.1287
574     A         B          328           ASP        96.32         662  607  145  8.925  8.612  4.482   0.2786    0.3117    0.2967    0.1032
575     A         B          329           ARG        95.49         662  607  106  8.925  8.612  3.777   0.2565    0.2991    0.2844    0.0714
576     A         B          330           ILE        93.53         662  607  73  8.925  8.612  3.000   0.2422    0.2954    0.2808    0.0454
577     A         B          331           ASN        95.70         662  607  139  8.925  8.612  4.383   0.2724    0.3064    0.2916    0.0969
578     A         B          332           TRP        97.74         662  607  157  8.925  8.612  4.669   0.2826    0.3112    0.2962    0.1107
579     A         B          333           ILE        97.99         662  607  186  8.925  8.612  5.083   0.2960    0.3166    0.3014    0.1314
580     A         B          334           SER        98.61         662  607  182  8.925  8.612  5.029   0.2950    0.3177    0.3025    0.1296
581     A         B          335           ALA        98.64         662  607  187  8.925  8.612  5.096   0.2960    0.3169    0.3018    0.1322
582     A         B          336           GLY        98.85         662  607  185  8.925  8.612  5.069   0.2983    0.3211    0.3059    0.1333
583     A         B          337           VAL        98.65         662  607  193  8.925  8.612  5.175   0.3062    0.3260    0.3107    0.1408
584     A         B          338           PHE        97.84         662  607  197  8.925  8.612  5.227   0.3070    0.3254    0.3100    0.1428
585     A         B          339           LEU        93.93         662  607  197  8.925  8.612  5.227   0.3066    0.3244    0.3091    0.1423
586     A         B          340           ASP        88.61         662  607  183  8.925  8.612  5.042   0.2953    0.3172    0.3021    0.1300
587     A         B          341           SER        82.93         662  607  163  8.925  8.612  4.759   0.2865    0.3136    0.2985    0.1157
588     A         B          342           ASN        73.86         662  607  155  8.925  8.612  4.639   0.2826    0.3116    0.2966    0.1095
589     A         B          343           GLN        66.33         662  607  161  8.925  8.612  4.729   0.2846    0.3115    0.2965    0.1134
590     A         B          344           THR        74.96         662  607  169  8.925  8.612  4.847   0.2898    0.3152    0.3002    0.1203
591     A         B          345           ALA        84.00         662  607  187  8.925  8.612  5.096   0.2993    0.3196    0.3044    0.1336
592     A         B          346           GLU        81.98         662  607  195  8.925  8.612  5.201   0.3018    0.3200    0.3048    0.1387
593     A         B          347           ASN        88.10         662  607  200  8.925  8.612  5.266   0.3059    0.3222    0.3070    0.1429
594     A         B          348           PRO        95.23         662  607  206  8.925  8.612  5.341   0.3156    0.3310    0.3156    0.1516
595     A         B          349           VAL        96.48         662  607  198  8.925  8.612  5.240   0.3054    0.3226    0.3073    0.1418
596     A         B          350           PHE        98.38         662  607  202  8.925  8.612  5.291   0.3160    0.3332    0.3176    0.1504
597     A         B          351           THR        97.64         662  607  179  8.925  8.612  4.987   0.2924    0.3150    0.2999    0.1263
598     A         B          352           VAL        98.37         662  607  189  8.925  8.612  5.123   0.2985    0.3188    0.3036    0.1344
599     A         B          353           PHE        98.39         662  607  183  8.925  8.612  5.042   0.2959    0.3178    0.3026    0.1302
600     A         B          354           LYS        97.57         662  607  134  8.925  8.612  4.299   0.2715    0.3087    0.2937    0.0945
601     A         B          355           ASP        96.61         662  607  88  8.925  8.612  3.382   0.2499    0.2988    0.2841    0.0579
602     A         B          356           ASN        93.47         662  607  78  8.925  8.612  3.134   0.2434    0.2952    0.2806    0.0493
603     A         B          357           GLU        93.42         662  607  96  8.925  8.612  3.565   0.2541    0.3041    0.2893    0.0655
604     A         B          358           ILE        94.40         662  607  159  8.925  8.612  4.699   0.2837    0.3117    0.2967    0.1122
605     A         B          359           LEU        97.31         662  607  166  8.925  8.612  4.803   0.2874    0.3147    0.2996    0.1182
606     A         B          360           TYR        96.31         662  607  143  8.925  8.612  4.449   0.2756    0.3112    0.2962    0.1016
607     A         B          361           ARG        92.28         662  607  115  8.925  8.612  3.956   0.2621    0.3053    0.2905    0.0799
608     A         B          362           ALA        95.75         662  607  177  8.925  8.612  4.960   0.2947    0.3193    0.3041    0.1274
609     A         B          363           GLN        91.18         662  607  178  8.925  8.612  4.974   0.2929    0.3155    0.3004    0.1260
610     A         B          364           LEU        95.00         662  607  200  8.925  8.612  5.266   0.3093    0.3261    0.3107    0.1450
611     A         B          365           ALA        86.64         662  607  178  8.925  8.612  4.974   0.2929    0.3167    0.3015    0.1266
612     A         B          366           SER        76.93         662  607  161  8.925  8.612  4.729   0.2898    0.3204    0.3052    0.1178
613     A         B          367           GLU        70.68         662  607  174  8.925  8.612  4.918   0.2941    0.3195    0.3043    0.1257
614     A         B          368           ASP        69.25         662  607  166  8.925  8.612  4.803   0.2892    0.3161    0.3010    0.1189
615     A         B          369           THR        82.25         662  607  199  8.925  8.612  5.253   0.3047    0.3209    0.3057    0.1415
616     A         B          370           ASN        77.75         662  607  190  8.925  8.612  5.136   0.3003    0.3202    0.3050    0.1358
617     A         B          371           ALA        90.95         662  607  187  8.925  8.612  5.096   0.3010    0.3226    0.3073    0.1353
618     A         B          372           GLN        87.56         662  607  168  8.925  8.612  4.832   0.2882    0.3138    0.2987    0.1189
619     A         B          373           LYS        93.31         662  607  179  8.925  8.612  4.987   0.2892    0.3107    0.2957    0.1241
620     A         B          374           THR        97.89         662  607  188  8.925  8.612  5.109   0.2986    0.3185    0.3033    0.1335
621     A         B          375           ILE        98.45         662  607  198  8.925  8.612  5.240   0.3074    0.3250    0.3096    0.1431
622     A         B          376           THR        98.78         662  607  194  8.925  8.612  5.188   0.3017    0.3193    0.3041    0.1375
623     A         B          377           ASN        98.28         662  607  194  8.925  8.612  5.188   0.3010    0.3193    0.3041    0.1376
624     A         B          378           CYS        98.31         662  607  190  8.925  8.612  5.136   0.2998    0.3193    0.3041    0.1352
625     A         B          379           PHE        96.74         662  607  192  8.925  8.612  5.162   0.2998    0.3185    0.3033    0.1360
626     A         B          380           LEU        94.82         662  607  143  8.925  8.612  4.449   0.2754    0.3086    0.2937    0.1004
627     A         B          381           LEU        93.18         662  607  121  8.925  8.612  4.068   0.2628    0.2992    0.2845    0.0819
628     A         B          382           LYS        88.76         662  607  66  8.925  8.612  2.798   0.2374    0.2920    0.2775    0.0391
629     A         B          383           ASN        91.03         662  607  38  8.925  8.612  1.726   0.2210    0.2859    0.2716    0.0148
630     A         B          384           LYS        93.50         662  607  120  8.925  8.612  4.050   0.2653    0.3058    0.2910    0.0837
631     A         B          385           ILE        96.78         662  607  188  8.925  8.612  5.109   0.2968    0.3165    0.3014    0.1326
632     A         B          386           TRP        96.86         662  607  196  8.925  8.612  5.214   0.3008    0.3180    0.3028    0.1380
633     A         B          387           CYS        98.35         662  607  191  8.925  8.612  5.149   0.2990    0.3182    0.3031    0.1352
634     A         B          388           ILE        96.50         662  607  197  8.925  8.612  5.227   0.3033    0.3201    0.3048    0.1397
635     A         B          389           SER        97.89         662  607  193  8.925  8.612  5.175   0.2995    0.3177    0.3025    0.1361
636     A         B          390           LEU        95.80         662  607  196  8.925  8.612  5.214   0.3053    0.3238    0.3085    0.1413
637     A         B          391           VAL        95.40         662  607  193  8.925  8.612  5.175   0.3050    0.3244    0.3090    0.1399
638     A         B          392           GLU        89.58         662  607  191  8.925  8.612  5.149   0.3004    0.3199    0.3047    0.1362
639     A         B          393           ILE        87.36         662  607  188  8.925  8.612  5.109   0.2971    0.3175    0.3023    0.1331
640     A         B          394           TYR        71.98         662  607  152  8.925  8.612  4.592   0.2824    0.3131    0.2981    0.1083
641     A         B          395           ASP        61.90         662  607  91  8.925  8.612  3.452   0.2524    0.3025    0.2878    0.0613
642     A         B          396           THR        50.98         662  607  45  8.925  8.612  2.053   0.2238    0.2891    0.2746    0.0211
643     A         B          397           GLY        51.87         662  607  47  8.925  8.612  2.137   0.2221    0.2881    0.2737    0.0227
644     A         B          398           ASP        52.31         662  607  67  8.925  8.612  2.828   0.2344    0.2890    0.2746    0.0393
645     A         B          399           ASN        54.54         662  607  90  8.925  8.612  3.429   0.2514    0.2991    0.2844    0.0595
646     A         B          400           VAL        64.83         662  607  117  8.925  8.612  3.994   0.2638    0.3032    0.2883    0.0805
647     A         B          401           ILE        68.30         662  607  144  8.925  8.612  4.465   0.2777    0.3098    0.2949    0.1015
648     A         B          402           ARG        77.05         662  607  158  8.925  8.612  4.684   0.2804    0.3078    0.2929    0.1097
649     A         B          403           PRO        87.51         662  607  186  8.925  8.612  5.083   0.2950    0.3152    0.3001    0.1306
650     A         B          404           LYS        88.64         662  607  195  8.925  8.612  5.201   0.3030    0.3214    0.3061    0.1393
651     A         B          405           LEU        91.87         662  607  201  8.925  8.612  5.278   0.3081    0.3244    0.3091    0.1446
652     A         B          406           PHE        95.78         662  607  210  8.925  8.612  5.391   0.3132    0.3271    0.3117    0.1515
653     A         B          407           ALA        94.69         662  607  196  8.925  8.612  5.214   0.3018    0.3193    0.3041    0.1387
654     A         B          408           VAL        97.59         662  607  190  8.925  8.612  5.136   0.2956    0.3140    0.2990    0.1324
655     A         B          409           LYS        95.80         662  607  166  8.925  8.612  4.803   0.2852    0.3110    0.2960    0.1162
656     A         B          410           ILE        97.38         662  607  153  8.925  8.612  4.608   0.2788    0.3068    0.2919    0.1061
657     A         B          411           PRO        93.85         662  607  58  8.925  8.612  2.544   0.2336    0.2917    0.2773    0.0325
658     A         B          412           GLU        89.24         662  607  13  8.925  8.612  1.039   0.1953    0.2771    0.2631    0.0052
659     A         B          413           GLN        87.32         662  607  0  8.925  8.612  1.039   0.1468    0.0000    0.0000    0.0000
660     A         B          414           CYS        89.64         662  607  0  8.925  8.612  1.039   0.1417    0.0000    0.0000    0.0000
661     A         B          415           THR        77.05         662  607  0  8.925  8.612  1.039   0.1007    0.0000    0.0000    0.0000
662     A         B          416           HIS        58.45         662  607  0  8.925  8.612  1.039   0.0870    0.0000    0.0000    0.0000
1       B         A            1           SER        80.96         662  592  0  8.925  8.523  1.039   0.1194    0.0000    0.0000    0.0000
2       B         A            2           ILE        90.40         662  592  126  8.925  8.523  4.159   0.2427    0.3013    0.2823    0.0860
3       B         A            3           LYS        94.26         662  592  151  8.925  8.523  4.577   0.2541    0.3085    0.2894    0.1056
4       B         A            4           LEU        97.02         662  592  253  8.925  8.523  5.884   0.2887    0.3216    0.3020    0.1720
5       B         A            5           THR        95.83         662  592  242  8.925  8.523  5.764   0.2828    0.3154    0.2960    0.1621
6       B         A            6           GLU        96.07         662  592  259  8.925  8.523  5.949   0.2874    0.3174    0.2980    0.1723
7       B         A            7           SER        96.83         662  592  206  8.925  8.523  5.341   0.2746    0.3159    0.2965    0.1428
8       B         A            8           GLY        97.38         662  592  124  8.925  8.523  4.123   0.2445    0.3009    0.2819    0.0845
9       B         A            9           GLY        94.71         662  592  79  8.925  8.523  3.160   0.2252    0.2906    0.2721    0.0490
10      B         A           10           GLY        95.31         662  592  93  8.925  8.523  3.498   0.2305    0.2909    0.2723    0.0595
11      B         A           11           THR        92.04         662  592  155  8.925  8.523  4.639   0.2546    0.3008    0.2818    0.1045
12      B         A           12           VAL        92.19         662  592  135  8.925  8.523  4.316   0.2466    0.2998    0.2809    0.0914
13      B         A           13           LYS        88.16         662  592  97  8.925  8.523  3.587   0.2335    0.2946    0.2759    0.0634
14      B         A           14           PRO        87.04         662  592  164  8.925  8.523  4.774   0.2559    0.3052    0.2862    0.1122
15      B         A           15           GLY        89.53         662  592  137  8.925  8.523  4.350   0.2496    0.3051    0.2860    0.0949
16      B         A           16           SER        90.33         662  592  110  8.925  8.523  3.858   0.2369    0.2998    0.2810    0.0744
17      B         A           17           SER        95.44         662  592  169  8.925  8.523  4.847   0.2598    0.3108    0.2916    0.1181
18      B         A           18           VAL        96.06         662  592  195  8.925  8.523  5.201   0.2685    0.3093    0.2901    0.1328
19      B         A           19           THR        97.71         662  592  276  8.925  8.523  6.124   0.2943    0.3224    0.3029    0.1842
20      B         A           20           LEU        98.26         662  592  313  8.925  8.523  6.482   0.3057    0.3266    0.3070    0.2050
21      B         A           21           SER        97.48         662  592  271  8.925  8.523  6.074   0.2932    0.3230    0.3034    0.1822
22      B         A           22           CYS        97.57         662  592  277  8.925  8.523  6.135   0.2966    0.3246    0.3050    0.1863
23      B         A           23           GLN        96.74         662  592  250  8.925  8.523  5.852   0.2856    0.3190    0.2995    0.1688
24      B         A           24           ALA        95.67         662  592  218  8.925  8.523  5.488   0.2757    0.3157    0.2964    0.1496
25      B         A           25           SER        95.02         662  592  164  8.925  8.523  4.774   0.2621    0.3157    0.2963    0.1174
26      B         A           26           GLY        94.06         662  592  180  8.925  8.523  5.001   0.2657    0.3121    0.2928    0.1254
27      B         A           27           PHE        90.38         662  592  229  8.925  8.523  5.617   0.2801    0.3179    0.2984    0.1568
28      B         A           28           ASN        85.76         662  592  243  8.925  8.523  5.775   0.2844    0.3203    0.3008    0.1660
29      B         A           29           PHE        93.82         662  592  260  8.925  8.523  5.959   0.2926    0.3273    0.3076    0.1797
30      B         A           30           SER        85.56         662  592  250  8.925  8.523  5.852   0.2882    0.3254    0.3057    0.1731
31      B         A           31           LYS        77.12         662  592  235  8.925  8.523  5.686   0.2831    0.3206    0.3011    0.1619
32      B         A           32           TYR        87.74         662  592  299  8.925  8.523  6.351   0.3010    0.3250    0.3054    0.1973
33      B         A           33           GLU        86.32         662  592  301  8.925  8.523  6.370   0.3035    0.3272    0.3076    0.2000
34      B         A           34           VAL        95.98         662  592  329  8.925  8.523  6.628   0.3127    0.3308    0.3110    0.2157
35      B         A           35           VAL        95.04         662  592  346  8.925  8.523  6.778   0.3165    0.3309    0.3111    0.2232
36      B         A           36           TRP        98.46         662  592  347  8.925  8.523  6.786   0.3207    0.3355    0.3156    0.2275
37      B         A           37           VAL        97.51         662  592  339  8.925  8.523  6.717   0.3143    0.3300    0.3103    0.2194
38      B         A           38           MET        95.22         662  592  284  8.925  8.523  6.205   0.2972    0.3237    0.3041    0.1890
39      B         A           39           GLN        94.10         662  592  293  8.925  8.523  6.293   0.2992    0.3235    0.3039    0.1932
40      B         A           40           LYS        89.87         662  592  223  8.925  8.523  5.547   0.2757    0.3130    0.2937    0.1505
41      B         A           41           PRO        84.32         662  592  124  8.925  8.523  4.123   0.2411    0.3012    0.2823    0.0846
42      B         A           42           GLY        84.38         662  592  63  8.925  8.523  2.706   0.2165    0.2865    0.2681    0.0357
43      B         A           43           GLN        86.63         662  592  163  8.925  8.523  4.759   0.2564    0.3075    0.2883    0.1126
44      B         A           44           PRO        86.22         662  592  189  8.925  8.523  5.123   0.2669    0.3148    0.2954    0.1323
45      B         A           45           LEU        95.90         662  592  279  8.925  8.523  6.155   0.2959    0.3235    0.3040    0.1865
46      B         A           46           GLN        92.24         662  592  298  8.925  8.523  6.341   0.3017    0.3262    0.3065    0.1976
47      B         A           47           TRP        94.18         662  592  293  8.925  8.523  6.293   0.3024    0.3274    0.3077    0.1962
48      B         A           48           VAL        96.63         662  592  316  8.925  8.523  6.510   0.3070    0.3274    0.3078    0.2071
49      B         A           49           GLY        95.70         662  592  267  8.925  8.523  6.032   0.2940    0.3258    0.3062    0.1822
50      B         A           50           SER        90.50         662  592  280  8.925  8.523  6.165   0.2973    0.3253    0.3057    0.1883
51      B         A           51           ILE        93.91         662  592  302  8.925  8.523  6.379   0.3045    0.3282    0.3085    0.2011
52      B         A           52           SER        79.82         662  592  245  8.925  8.523  5.797   0.2864    0.3222    0.3027    0.1683
53      B         A           53           PRO        80.68         662  592  263  8.925  8.523  5.991   0.2940    0.3271    0.3074    0.1810
54      B         A           54           ASP        72.68         662  592  193  8.925  8.523  5.175   0.2723    0.3210    0.3014    0.1382
55      B         A           55           GLY        84.87         662  592  200  8.925  8.523  5.266   0.2737    0.3229    0.3033    0.1436
56      B         A           56           SER        70.52         662  592  190  8.925  8.523  5.136   0.2699    0.3244    0.3048    0.1385
57      B         A           57           LYS        72.55         662  592  223  8.925  8.523  5.547   0.2804    0.3245    0.3049    0.1580
58      B         A           58           VAL        88.55         662  592  266  8.925  8.523  6.022   0.2939    0.3270    0.3074    0.1826
59      B         A           59           ARG        82.90         662  592  253  8.925  8.523  5.884   0.2879    0.3222    0.3027    0.1725
60      B         A           60           LEU        91.89         662  592  278  8.925  8.523  6.145   0.2972    0.3269    0.3072    0.1884
61      B         A           61           HIS        89.56         662  592  283  8.925  8.523  6.195   0.2990    0.3270    0.3073    0.1909
62      B         A           62           PRO        77.97         662  592  239  8.925  8.523  5.731   0.2830    0.3196    0.3001    0.1633
63      B         A           63           LYS        81.79         662  592  212  8.925  8.523  5.415   0.2758    0.3181    0.2986    0.1474
64      B         A           64           VAL        90.49         662  592  208  8.925  8.523  5.366   0.2737    0.3150    0.2956    0.1434
65      B         A           65           LYS        82.07         662  592  109  8.925  8.523  3.838   0.2364    0.3040    0.2849    0.0751
66      B         A           66           GLY        88.39         662  592  163  8.925  8.523  4.759   0.2559    0.3115    0.2923    0.1147
67      B         A           67           ARG        92.77         662  592  172  8.925  8.523  4.889   0.2607    0.3123    0.2930    0.1207
68      B         A           68           PHE        96.54         662  592  273  8.925  8.523  6.094   0.2950    0.3247    0.3051    0.1843
69      B         A           69           THR        96.41         662  592  267  8.925  8.523  6.032   0.2917    0.3227    0.3031    0.1799
70      B         A           70           LEU        97.03         662  592  269  8.925  8.523  6.053   0.2951    0.3257    0.3061    0.1831
71      B         A           71           SER        96.77         662  592  255  8.925  8.523  5.906   0.2896    0.3247    0.3051    0.1752
72      B         A           72           LYS        93.46         662  592  198  8.925  8.523  5.240   0.2721    0.3195    0.3001    0.1404
73      B         A           73           ASP        96.56         662  592  253  8.925  8.523  5.884   0.2883    0.3231    0.3036    0.1731
74      B         A           74           ASN        92.49         662  592  238  8.925  8.523  5.720   0.2838    0.3225    0.3029    0.1647
75      B         A           75           SER        94.83         662  592  243  8.925  8.523  5.775   0.2866    0.3252    0.3056    0.1693
76      B         A           76           LYS        95.79         662  592  231  8.925  8.523  5.640   0.2785    0.3163    0.2970    0.1570
77      B         A           77           ASN        96.22         662  592  272  8.925  8.523  6.084   0.2936    0.3233    0.3037    0.1829
78      B         A           78           THR        97.74         662  592  275  8.925  8.523  6.114   0.2970    0.3264    0.3068    0.1867
79      B         A           79           ALA        97.47         662  592  281  8.925  8.523  6.175   0.2969    0.3248    0.3052    0.1885
80      B         A           80           TYR        98.19         662  592  307  8.925  8.523  6.427   0.3046    0.3275    0.3078    0.2030
81      B         A           81           LEU        98.46         662  592  307  8.925  8.523  6.427   0.3042    0.3263    0.3067    0.2020
82      B         A           82           THR        97.70         662  592  295  8.925  8.523  6.312   0.3000    0.3249    0.3053    0.1952
83      B         A           83           MET        97.20         662  592  240  8.925  8.523  5.742   0.2833    0.3192    0.2997    0.1636
84      B         A           84           LYS        95.01         662  592  202  8.925  8.523  5.291   0.2704    0.3142    0.2948    0.1395
85      B         A           85           ASN        91.30         662  592  191  8.925  8.523  5.149   0.2669    0.3120    0.2927    0.1319
86      B         A           86           LEU        93.70         662  592  214  8.925  8.523  5.439   0.2741    0.3139    0.2946    0.1461
87      B         A           87           GLN        85.95         662  592  153  8.925  8.523  4.608   0.2534    0.3057    0.2866    0.1056
88      B         A           88           PRO        83.97         662  592  187  8.925  8.523  5.096   0.2623    0.3064    0.2873    0.1265
89      B         A           89           GLU        84.05         662  592  153  8.925  8.523  4.608   0.2552    0.3089    0.2897    0.1070
90      B         A           90           ASP        93.08         662  592  225  8.925  8.523  5.570   0.2795    0.3192    0.2997    0.1554
91      B         A           91           THR        93.02         662  592  275  8.925  8.523  6.114   0.2899    0.3169    0.2975    0.1797
92      B         A           92           ALA        95.08         662  592  266  8.925  8.523  6.022   0.2883    0.3162    0.2968    0.1748
93      B         A           93           THR        95.60         662  592  323  8.925  8.523  6.574   0.3056    0.3235    0.3039    0.2070
94      B         A           94           TYR        98.16         662  592  321  8.925  8.523  6.556   0.3092    0.3287    0.3090    0.2103
95      B         A           95           TYR        97.43         662  592  357  8.925  8.523  6.872   0.3196    0.3316    0.3118    0.2285
96      B         A           96           CYS        95.78         662  592  305  8.925  8.523  6.408   0.3041    0.3265    0.3068    0.2012
97      B         A           97           GLY        97.19         662  592  329  8.925  8.523  6.628   0.3108    0.3282    0.3085    0.2136
98      B         A           98           ILE        93.94         662  592  334  8.925  8.523  6.673   0.3102    0.3265    0.3069    0.2145
99      B         A           99           ILE        88.22         662  592  313  8.925  8.523  6.482   0.3029    0.3232    0.3037    0.2025
100     B         A          100           PRO        76.15         662  592  157  8.925  8.523  4.669   0.2583    0.3174    0.2979    0.1138
101     B         A          101           GLY        61.28         662  592  84  8.925  8.523  3.286   0.2245    0.3138    0.2944    0.0589
102     B         A          102           GLY        51.27         662  592  109  8.925  8.523  3.838   0.2380    0.3183    0.2988    0.0802
103     B         A          103           SER        47.43         662  592  140  8.925  8.523  4.400   0.2527    0.3199    0.3004    0.1035
104     B         A          104           VAL        47.51         662  592  149  8.925  8.523  4.545   0.2541    0.3160    0.2966    0.1079
105     B         A          105           HIS        51.08         662  592  142  8.925  8.523  4.433   0.2531    0.3164    0.2970    0.1033
106     B         A          106           GLY        57.52         662  592  110  8.925  8.523  3.858   0.2373    0.3122    0.2929    0.0787
107     B         A          107           ASP        63.21         662  592  124  8.925  8.523  4.123   0.2407    0.3055    0.2864    0.0863
108     B         A          108           ARG        68.90         662  592  160  8.925  8.523  4.714   0.2606    0.3184    0.2990    0.1162
109     B         A          109           SER        87.44         662  592  290  8.925  8.523  6.264   0.2976    0.3237    0.3041    0.1920
110     B         A          110           ILE        94.70         662  592  342  8.925  8.523  6.743   0.3142    0.3288    0.3091    0.2197
111     B         A          111           THR        88.73         662  592  323  8.925  8.523  6.574   0.3067    0.3252    0.3056    0.2084
112     B         A          112           HIS        93.90         662  592  319  8.925  8.523  6.538   0.3037    0.3228    0.3032    0.2048
113     B         A          113           TRP        96.65         662  592  335  8.925  8.523  6.681   0.3122    0.3286    0.3089    0.2166
114     B         A          114           GLY        97.12         662  592  313  8.925  8.523  6.482   0.3026    0.3226    0.3031    0.2019
115     B         A          115           GLN        93.28         662  592  188  8.925  8.523  5.109   0.2682    0.3120    0.2927    0.1301
116     B         A          116           GLY        96.47         662  592  216  8.925  8.523  5.464   0.2763    0.3131    0.2938    0.1467
117     B         A          117           VAL        96.07         662  592  257  8.925  8.523  5.927   0.2854    0.3147    0.2954    0.1694
118     B         A          118           GLU        94.79         662  592  227  8.925  8.523  5.594   0.2772    0.3112    0.2920    0.1515
119     B         A          119           LEU        96.43         662  592  251  8.925  8.523  5.863   0.2828    0.3140    0.2947    0.1659
120     B         A          120           LYS        92.36         662  592  165  8.925  8.523  4.788   0.2582    0.3038    0.2848    0.1121
121     B         A          121           VAL        91.48         662  592  170  8.925  8.523  4.861   0.2596    0.3061    0.2870    0.1162
122     B         A          122           VAL        83.97         662  592  15  8.925  8.523  1.039   0.1820    0.2771    0.2591    0.0052
123     B         A          123           ALA        62.21         662  592  0  8.925  8.523  1.039   0.1021    0.0000    0.0000    0.0000
124     B         A          124           GLY        60.47         662  592  0  8.925  8.523  1.039   0.0869    0.0000    0.0000    0.0000
125     B         A          125           GLY        50.22         662  592  0  8.925  8.523  1.039   0.0809    0.0000    0.0000    0.0000
126     B         A          126           GLY        49.41         662  592  0  8.925  8.523  1.039   0.0791    0.0000    0.0000    0.0000
127     B         A          127           SER        43.44         662  592  0  8.925  8.523  1.039   0.0797    0.0000    0.0000    0.0000
128     B         A          128           GLY        43.96         662  592  0  8.925  8.523  1.039   0.0793    0.0000    0.0000    0.0000
129     B         A          129           GLY        43.12         662  592  0  8.925  8.523  1.039   0.0805    0.0000    0.0000    0.0000
130     B         A          130           GLY        45.00         662  592  0  8.925  8.523  1.039   0.0818    0.0000    0.0000    0.0000
131     B         A          131           SER        42.52         662  592  0  8.925  8.523  1.039   0.0832    0.0000    0.0000    0.0000
132     B         A          132           GLY        44.05         662  592  0  8.925  8.523  1.039   0.0831    0.0000    0.0000    0.0000
133     B         A          133           GLY        42.43         662  592  0  8.925  8.523  1.039   0.0847    0.0000    0.0000    0.0000
134     B         A          134           GLY        45.19         662  592  0  8.925  8.523  1.039   0.0868    0.0000    0.0000    0.0000
135     B         A          135           SER        43.53         662  592  0  8.925  8.523  1.039   0.0915    0.0000    0.0000    0.0000
136     B         A          136           GLY        46.77         662  592  0  8.925  8.523  1.039   0.0915    0.0000    0.0000    0.0000
137     B         A          137           GLY        49.00         662  592  0  8.925  8.523  1.039   0.0963    0.0000    0.0000    0.0000
138     B         A          138           GLY        48.31         662  592  0  8.925  8.523  1.039   0.1043    0.0000    0.0000    0.0000
139     B         A          139           SER        49.26         662  592  0  8.925  8.523  1.039   0.1255    0.0000    0.0000    0.0000
140     B         A          140           MET        59.12         662  592  0  8.925  8.523  1.039   0.1425    0.0000    0.0000    0.0000
141     B         A          141           ILE        87.63         662  592  176  8.925  8.523  4.946   0.2620    0.3132    0.2939    0.1235
142     B         A          142           LYS        89.54         662  592  228  8.925  8.523  5.605   0.2782    0.3160    0.2966    0.1549
143     B         A          143           LEU        96.17         662  592  303  8.925  8.523  6.389   0.3039    0.3274    0.3077    0.2008
144     B         A          144           THR        96.57         662  592  281  8.925  8.523  6.175   0.2938    0.3204    0.3009    0.1851
145     B         A          145           GLN        97.45         662  592  273  8.925  8.523  6.094   0.2920    0.3208    0.3012    0.1814
146     B         A          146           SER        96.32         662  592  170  8.925  8.523  4.861   0.2583    0.3075    0.2884    0.1169
147     B         A          147           PRO        96.65         662  592  144  8.925  8.523  4.465   0.2496    0.2994    0.2805    0.0969
148     B         A          148           LYS        92.73         662  592  116  8.925  8.523  3.975   0.2392    0.2945    0.2758    0.0766
149     B         A          149           SER        92.55         662  592  86  8.925  8.523  3.335   0.2258    0.2882    0.2697    0.0536
150     B         A          150           VAL        92.09         662  592  77  8.925  8.523  3.108   0.2234    0.2829    0.2646    0.0457
151     B         A          151           LYS        96.17         662  592  140  8.925  8.523  4.400   0.2463    0.2958    0.2771    0.0929
152     B         A          152           ALA        95.72         662  592  148  8.925  8.523  4.530   0.2507    0.2951    0.2764    0.0976
153     B         A          153           LYS        96.02         662  592  112  8.925  8.523  3.897   0.2398    0.2899    0.2714    0.0724
154     B         A          154           VAL        96.32         662  592  223  8.925  8.523  5.547   0.2720    0.3049    0.2859    0.1454
155     B         A          155           GLY        97.36         662  592  175  8.925  8.523  4.932   0.2615    0.3031    0.2840    0.1176
156     B         A          156           ASP        96.19         662  592  227  8.925  8.523  5.594   0.2740    0.3070    0.2879    0.1488
157     B         A          157           THR        97.32         662  592  244  8.925  8.523  5.786   0.2814    0.3130    0.2937    0.1615
158     B         A          158           VAL        96.37         662  592  261  8.925  8.523  5.970   0.2861    0.3151    0.2957    0.1714
159     B         A          159           THR        97.37         662  592  259  8.925  8.523  5.949   0.2871    0.3183    0.2988    0.1727
160     B         A          160           ILE        97.98         662  592  303  8.925  8.523  6.389   0.2989    0.3210    0.3015    0.1960
161     B         A          161           THR        98.26         662  592  294  8.925  8.523  6.303   0.2978    0.3223    0.3027    0.1927
162     B         A          162           CYS        98.20         662  592  310  8.925  8.523  6.455   0.3059    0.3277    0.3080    0.2043
163     B         A          163           THR        97.45         662  592  300  8.925  8.523  6.360   0.3007    0.3241    0.3045    0.1969
164     B         A          164           ALA        94.43         662  592  278  8.925  8.523  6.145   0.2964    0.3248    0.3051    0.1868
165     B         A          165           SER        88.99         662  592  247  8.925  8.523  5.819   0.2862    0.3217    0.3022    0.1688
166     B         A          166           GLU        78.71         662  592  272  8.925  8.523  6.084   0.2902    0.3191    0.2997    0.1799
167     B         A          167           PRO        78.07         662  592  270  8.925  8.523  6.063   0.2903    0.3199    0.3004    0.1794
168     B         A          168           VAL        88.38         662  592  285  8.925  8.523  6.214   0.2946    0.3194    0.2999    0.1863
169     B         A          169           ASP        70.61         662  592  247  8.925  8.523  5.819   0.2846    0.3179    0.2985    0.1663
170     B         A          170           ASP        80.21         662  592  258  8.925  8.523  5.938   0.2875    0.3195    0.3000    0.1730
171     B         A          171           LEU        84.94         662  592  288  8.925  8.523  6.244   0.2975    0.3226    0.3030    0.1900
172     B         A          172           VAL        95.79         662  592  343  8.925  8.523  6.752   0.3152    0.3301    0.3103    0.2211
173     B         A          173           SER        96.34         662  592  342  8.925  8.523  6.743   0.3144    0.3292    0.3094    0.2199
174     B         A          174           TRP        98.65         662  592  356  8.925  8.523  6.863   0.3247    0.3372    0.3172    0.2326
175     B         A          175           TYR        98.16         662  592  344  8.925  8.523  6.760   0.3186    0.3336    0.3137    0.2244
176     B         A          176           GLN        97.72         662  592  330  8.925  8.523  6.637   0.3088    0.3258    0.3062    0.2120
177     B         A          177           GLN        93.73         662  592  274  8.925  8.523  6.104   0.2897    0.3164    0.2970    0.1789
178     B         A          178           LYS        92.65         662  592  217  8.925  8.523  5.476   0.2734    0.3116    0.2923    0.1463
179     B         A          179           PRO        84.88         662  592  92  8.925  8.523  3.475   0.2280    0.2871    0.2686    0.0577
180     B         A          180           GLY        84.45         662  592  47  8.925  8.523  2.137   0.2131    0.2859    0.2675    0.0225
181     B         A          181           GLN        89.12         662  592  185  8.925  8.523  5.069   0.2657    0.3109    0.2916    0.1277
182     B         A          182           PRO        88.68         662  592  217  8.925  8.523  5.476   0.2747    0.3142    0.2948    0.1479
183     B         A          183           LEU        94.72         662  592  283  8.925  8.523  6.195   0.2945    0.3198    0.3003    0.1857
184     B         A          184           ARG        95.32         662  592  297  8.925  8.523  6.332   0.2941    0.3164    0.2970    0.1898
185     B         A          185           LEU        96.61         662  592  346  8.925  8.523  6.778   0.3172    0.3314    0.3115    0.2234
186     B         A          186           LEU        98.05         662  592  321  8.925  8.523  6.556   0.3049    0.3235    0.3039    0.2061
187     B         A          187           ILE        97.43         662  592  346  8.925  8.523  6.778   0.3178    0.3320    0.3121    0.2238
188     B         A          188           TYR        91.22         662  592  328  8.925  8.523  6.619   0.3086    0.3259    0.3063    0.2111
189     B         A          189           ARG        83.11         662  592  302  8.925  8.523  6.379   0.3003    0.3226    0.3030    0.1966
190     B         A          190           SER        92.43         662  592  283  8.925  8.523  6.195   0.2959    0.3238    0.3042    0.1885
191     B         A          191           SER        92.40         662  592  268  8.925  8.523  6.043   0.2916    0.3229    0.3033    0.1804
192     B         A          192           THR        85.72         662  592  314  8.925  8.523  6.492   0.3008    0.3205    0.3010    0.2006
193     B         A          193           LEU        93.44         662  592  287  8.925  8.523  6.234   0.2949    0.3198    0.3003    0.1875
194     B         A          194           ALA        93.60         662  592  307  8.925  8.523  6.427   0.2978    0.3188    0.2994    0.1962
195     B         A          195           PRO        86.01         662  592  234  8.925  8.523  5.674   0.2793    0.3149    0.2955    0.1575
196     B         A          196           GLY        93.50         662  592  190  8.925  8.523  5.136   0.2667    0.3107    0.2915    0.1306
197     B         A          197           VAL        96.35         662  592  256  8.925  8.523  5.917   0.2840    0.3130    0.2937    0.1676
198     B         A          198           SER        94.84         662  592  144  8.925  8.523  4.465   0.2513    0.3024    0.2834    0.0982
199     B         A          199           SER        94.49         662  592  161  8.925  8.523  4.729   0.2565    0.3023    0.2833    0.1088
200     B         A          200           ARG        95.97         662  592  171  8.925  8.523  4.875   0.2592    0.3051    0.2860    0.1163
201     B         A          201           PHE        98.29         662  592  284  8.925  8.523  6.205   0.2947    0.3206    0.3011    0.1867
202     B         A          202           SER        96.87         662  592  293  8.925  8.523  6.293   0.2964    0.3213    0.3018    0.1915
203     B         A          203           GLY        97.47         662  592  276  8.925  8.523  6.124   0.2929    0.3206    0.3011    0.1827
204     B         A          204           SER        96.61         662  592  237  8.925  8.523  5.708   0.2795    0.3158    0.2964    0.1596
205     B         A          205           GLY        95.33         662  592  189  8.925  8.523  5.123   0.2615    0.3101    0.2908    0.1296
206     B         A          206           SER        84.48         662  592  138  8.925  8.523  4.367   0.2465    0.3071    0.2879    0.0963
207     B         A          207           ASP        81.69         662  592  137  8.925  8.523  4.350   0.2466    0.3033    0.2842    0.0941
208     B         A          208           THR        92.48         662  592  217  8.925  8.523  5.476   0.2762    0.3167    0.2972    0.1494
209     B         A          209           ASN        95.56         662  592  250  8.925  8.523  5.852   0.2846    0.3189    0.2994    0.1685
210     B         A          210           PHE        98.10         662  592  328  8.925  8.523  6.619   0.3116    0.3304    0.3106    0.2146
211     B         A          211           THR        97.59         662  592  298  8.925  8.523  6.341   0.2978    0.3213    0.3017    0.1938
212     B         A          212           LEU        98.57         662  592  313  8.925  8.523  6.482   0.3023    0.3224    0.3028    0.2017
213     B         A          213           THR        98.15         662  592  296  8.925  8.523  6.322   0.2985    0.3227    0.3031    0.1939
214     B         A          214           ILE        97.53         662  592  269  8.925  8.523  6.053   0.2889    0.3168    0.2974    0.1767
215     B         A          215           SER        95.13         662  592  136  8.925  8.523  4.333   0.2470    0.3046    0.2856    0.0940
216     B         A          216           SER        96.49         662  592  152  8.925  8.523  4.592   0.2501    0.2974    0.2786    0.1011
217     B         A          217           LEU        96.58         662  592  206  8.925  8.523  5.341   0.2698    0.3067    0.2876    0.1373
218     B         A          218           GLN        96.63         662  592  197  8.925  8.523  5.227   0.2660    0.3047    0.2857    0.1312
219     B         A          219           GLU        94.65         662  592  148  8.925  8.523  4.530   0.2513    0.2977    0.2789    0.0987
220     B         A          220           GLU        93.27         662  592  174  8.925  8.523  4.918   0.2609    0.3060    0.2869    0.1186
221     B         A          221           ASP        96.98         662  592  235  8.925  8.523  5.686   0.2803    0.3138    0.2944    0.1573
222     B         A          222           PHE        96.81         662  592  299  8.925  8.523  6.351   0.2937    0.3148    0.2954    0.1895
223     B         A          223           ALA        96.92         662  592  280  8.925  8.523  6.165   0.2911    0.3164    0.2970    0.1818
224     B         A          224           THR        96.43         662  592  338  8.925  8.523  6.708   0.3107    0.3260    0.3063    0.2156
225     B         A          225           TYR        98.47         662  592  327  8.925  8.523  6.610   0.3100    0.3283    0.3085    0.2125
226     B         A          226           TYR        98.06         662  592  343  8.925  8.523  6.752   0.3157    0.3307    0.3109    0.2215
227     B         A          227           CYS        97.89         662  592  344  8.925  8.523  6.760   0.3201    0.3356    0.3157    0.2259
228     B         A          228           MET        97.11         662  592  319  8.925  8.523  6.538   0.3064    0.3256    0.3060    0.2069
229     B         A          229           GLN        93.63         662  592  321  8.925  8.523  6.556   0.3059    0.3252    0.3056    0.2076
230     B         A          230           THR        86.91         662  592  276  8.925  8.523  6.124   0.2925    0.3192    0.2998    0.1819
231     B         A          231           SER        79.28         662  592  243  8.925  8.523  5.775   0.2838    0.3188    0.2993    0.1648
232     B         A          232           LYS        73.91         662  592  229  8.925  8.523  5.617   0.2790    0.3174    0.2980    0.1565
233     B         A          233           TYR        77.64         662  592  204  8.925  8.523  5.316   0.2731    0.3177    0.2982    0.1427
234     B         A          234           PRO        84.97         662  592  233  8.925  8.523  5.663   0.2815    0.3200    0.3005    0.1604
235     B         A          235           TYR        91.74         662  592  284  8.925  8.523  6.205   0.2974    0.3238    0.3043    0.1892
236     B         A          236           THR        92.45         662  592  305  8.925  8.523  6.408   0.3026    0.3250    0.3054    0.2000
237     B         A          237           PHE        96.75         662  592  336  8.925  8.523  6.690   0.3167    0.3340    0.3141    0.2211
238     B         A          238           GLY        97.06         662  592  316  8.925  8.523  6.510   0.3053    0.3256    0.3060    0.2055
239     B         A          239           GLN        94.77         662  592  288  8.925  8.523  6.244   0.2959    0.3216    0.3021    0.1893
240     B         A          240           GLY        97.32         662  592  238  8.925  8.523  5.720   0.2817    0.3163    0.2969    0.1605
241     B         A          241           THR        97.75         662  592  298  8.925  8.523  6.341   0.2991    0.3218    0.3022    0.1942
242     B         A          242           THR        96.17         662  592  281  8.925  8.523  6.175   0.2909    0.3159    0.2966    0.1819
243     B         A          243           LEU        97.28         662  592  236  8.925  8.523  5.697   0.2791    0.3118    0.2925    0.1565
244     B         A          244           SER        94.88         662  592  190  8.925  8.523  5.136   0.2631    0.3089    0.2897    0.1295
245     B         A          245           ARG        91.85         662  592  97  8.925  8.523  3.587   0.2320    0.2900    0.2715    0.0620
246     B         A          246           ALA        86.55         662  592  0  8.925  8.523  1.039   0.1465    0.0000    0.0000    0.0000
