i,AlignChn,ScoredChain,AlignResNum,AlignResType,AlignRespLDDT,n0chn,n0dom,n0res,d0chn,d0dom,d0res,ipTM_pae,ipSAE_d0chn,ipSAE_d0dom,ipSAE 
250     A         B            1           ILE        90.68         665  193  0  8.941  5.175  1.039   0.1539    0.0000    0.0000    0.0000
251     A         B            2           CYS        92.74         665  193  0  8.941  5.175  1.039   0.1710    0.0000    0.0000    0.0000
252     A         B            3           LEU        92.15         665  193  0  8.941  5.175  1.039   0.1742    0.0000    0.0000    0.0000
253     A         B            4           GLN        92.94         665  193  0  8.941  5.175  1.039   0.1711    0.0000    0.0000    0.0000
254     A         B            5           LYS        94.04         665  193  0  8.941  5.175  1.039   0.1753    0.0000    0.0000    0.0000
255     A         B            6           THR        93.55         665  193  0  8.941  5.175  1.039   0.1703    0.0000    0.0000    0.0000
256     A         B            7           SER        88.45         665  193  0  8.941  5.175  1.039   0.1559    0.0000    0.0000    0.0000
257     A         B            8           ASN        87.92         665  193  0  8.941  5.175  1.039   0.1513    0.0000    0.0000    0.0000
258     A         B            9           GLN        87.92         665  193  0  8.941  5.175  1.039   0.1505    0.0000    0.0000    0.0000
259     A         B           10           ILE        93.20         665  193  0  8.941  5.175  1.039   0.1690    0.0000    0.0000    0.0000
260     A         B           11           LEU        96.35         665  193  0  8.941  5.175  1.039   0.1872    0.0000    0.0000    0.0000
261     A         B           12           LYS        91.92         665  193  0  8.941  5.175  1.039   0.1768    0.0000    0.0000    0.0000
262     A         B           13           PRO        94.77         665  193  0  8.941  5.175  1.039   0.1801    0.0000    0.0000    0.0000
263     A         B           14           LYS        88.34         665  193  0  8.941  5.175  1.039   0.1863    0.0000    0.0000    0.0000
264     A         B           15           LEU        83.94         665  193  0  8.941  5.175  1.039   0.1871    0.0000    0.0000    0.0000
265     A         B           16           ILE        81.59         665  193  0  8.941  5.175  1.039   0.1889    0.0000    0.0000    0.0000
266     A         B           17           SER        54.97         665  193  0  8.941  5.175  1.039   0.1747    0.0000    0.0000    0.0000
267     A         B           18           TYR        57.04         665  193  0  8.941  5.175  1.039   0.1611    0.0000    0.0000    0.0000
268     A         B           19           THR        53.96         665  193  0  8.941  5.175  1.039   0.1751    0.0000    0.0000    0.0000
269     A         B           20           LEU        61.08         665  193  0  8.941  5.175  1.039   0.1749    0.0000    0.0000    0.0000
270     A         B           21           PRO        49.75         665  193  0  8.941  5.175  1.039   0.1620    0.0000    0.0000    0.0000
271     A         B           22           VAL        55.82         665  193  0  8.941  5.175  1.039   0.1553    0.0000    0.0000    0.0000
272     A         B           23           VAL        53.99         665  193  0  8.941  5.175  1.039   0.1554    0.0000    0.0000    0.0000
273     A         B           24           GLY        56.25         665  193  0  8.941  5.175  1.039   0.1420    0.0000    0.0000    0.0000
274     A         B           25           GLN        56.26         665  193  0  8.941  5.175  1.039   0.1369    0.0000    0.0000    0.0000
275     A         B           26           SER        59.09         665  193  0  8.941  5.175  1.039   0.1367    0.0000    0.0000    0.0000
276     A         B           27           GLY        67.92         665  193  0  8.941  5.175  1.039   0.1392    0.0000    0.0000    0.0000
277     A         B           28           THR        74.13         665  193  0  8.941  5.175  1.039   0.1612    0.0000    0.0000    0.0000
278     A         B           29           CYS        75.25         665  193  0  8.941  5.175  1.039   0.1682    0.0000    0.0000    0.0000
279     A         B           30           ILE        82.16         665  193  0  8.941  5.175  1.039   0.1851    0.0000    0.0000    0.0000
280     A         B           31           THR        84.06         665  193  0  8.941  5.175  1.039   0.1829    0.0000    0.0000    0.0000
281     A         B           32           ASP        90.35         665  193  0  8.941  5.175  1.039   0.1920    0.0000    0.0000    0.0000
282     A         B           33           PRO        92.55         665  193  1  8.941  5.175  1.039   0.1979    0.2626    0.1066    0.0048
283     A         B           34           LEU        95.91         665  193  1  8.941  5.175  1.039   0.1962    0.2673    0.1089    0.0049
284     A         B           35           LEU        96.33         665  193  3  8.941  5.175  1.039   0.1980    0.2640    0.1073    0.0048
285     A         B           36           ALA        98.20         665  193  2  8.941  5.175  1.039   0.1963    0.2642    0.1074    0.0048
286     A         B           37           MET        96.14         665  193  1  8.941  5.175  1.039   0.1958    0.2678    0.1091    0.0049
287     A         B           38           ASP        95.03         665  193  5  8.941  5.175  1.039   0.2007    0.2670    0.1087    0.0049
288     A         B           39           GLU        93.54         665  193  7  8.941  5.175  1.039   0.2042    0.2732    0.1119    0.0051
289     A         B           40           GLY        92.62         665  193  4  8.941  5.175  1.039   0.1999    0.2712    0.1108    0.0050
290     A         B           41           TYR        94.78         665  193  2  8.941  5.175  1.039   0.1956    0.2649    0.1077    0.0048
291     A         B           42           PHE        94.75         665  193  2  8.941  5.175  1.039   0.1933    0.2643    0.1074    0.0048
292     A         B           43           ALA        97.37         665  193  3  8.941  5.175  1.039   0.1965    0.2653    0.1079    0.0049
293     A         B           44           TYR        92.77         665  193  0  8.941  5.175  1.039   0.1931    0.0000    0.0000    0.0000
294     A         B           45           SER        95.06         665  193  0  8.941  5.175  1.039   0.1915    0.0000    0.0000    0.0000
295     A         B           46           HIS        89.66         665  193  0  8.941  5.175  1.039   0.1926    0.0000    0.0000    0.0000
296     A         B           47           LEU        89.18         665  193  1  8.941  5.175  1.039   0.1871    0.2633    0.1069    0.0048
297     A         B           48           GLU        82.64         665  193  0  8.941  5.175  1.039   0.1803    0.0000    0.0000    0.0000
298     A         B           49           ARG        79.49         665  193  0  8.941  5.175  1.039   0.1658    0.0000    0.0000    0.0000
299     A         B           50           ILE        76.06         665  193  0  8.941  5.175  1.039   0.1622    0.0000    0.0000    0.0000
300     A         B           51           GLY        70.09         665  193  0  8.941  5.175  1.039   0.1440    0.0000    0.0000    0.0000
301     A         B           52           SER        67.63         665  193  0  8.941  5.175  1.039   0.1464    0.0000    0.0000    0.0000
302     A         B           53           CYS        68.51         665  193  0  8.941  5.175  1.039   0.1518    0.0000    0.0000    0.0000
303     A         B           54           SER        62.88         665  193  0  8.941  5.175  1.039   0.1360    0.0000    0.0000    0.0000
304     A         B           55           ARG        65.68         665  193  0  8.941  5.175  1.039   0.1304    0.0000    0.0000    0.0000
305     A         B           56           GLY        73.37         665  193  0  8.941  5.175  1.039   0.1350    0.0000    0.0000    0.0000
306     A         B           57           VAL        78.84         665  193  0  8.941  5.175  1.039   0.1477    0.0000    0.0000    0.0000
307     A         B           58           SER        80.58         665  193  0  8.941  5.175  1.039   0.1519    0.0000    0.0000    0.0000
308     A         B           59           LYS        81.23         665  193  0  8.941  5.175  1.039   0.1561    0.0000    0.0000    0.0000
309     A         B           60           GLN        81.91         665  193  0  8.941  5.175  1.039   0.1645    0.0000    0.0000    0.0000
310     A         B           61           ARG        90.12         665  193  0  8.941  5.175  1.039   0.1761    0.0000    0.0000    0.0000
311     A         B           62           ILE        85.95         665  193  0  8.941  5.175  1.039   0.1809    0.0000    0.0000    0.0000
312     A         B           63           ILE        94.42         665  193  0  8.941  5.175  1.039   0.1903    0.0000    0.0000    0.0000
313     A         B           64           GLY        91.03         665  193  0  8.941  5.175  1.039   0.1885    0.0000    0.0000    0.0000
314     A         B           65           VAL        92.80         665  193  2  8.941  5.175  1.039   0.1931    0.2642    0.1074    0.0048
315     A         B           66           GLY        88.26         665  193  0  8.941  5.175  1.039   0.1898    0.0000    0.0000    0.0000
316     A         B           67           GLU        81.92         665  193  0  8.941  5.175  1.039   0.1950    0.0000    0.0000    0.0000
317     A         B           68           VAL        90.96         665  193  0  8.941  5.175  1.039   0.1934    0.0000    0.0000    0.0000
318     A         B           69           LEU        77.81         665  193  0  8.941  5.175  1.039   0.1788    0.0000    0.0000    0.0000
319     A         B           70           ASP        80.16         665  193  0  8.941  5.175  1.039   0.1827    0.0000    0.0000    0.0000
320     A         B           71           ARG        67.34         665  193  0  8.941  5.175  1.039   0.1665    0.0000    0.0000    0.0000
321     A         B           72           GLY        70.36         665  193  0  8.941  5.175  1.039   0.1647    0.0000    0.0000    0.0000
322     A         B           73           ASP        76.81         665  193  0  8.941  5.175  1.039   0.1669    0.0000    0.0000    0.0000
323     A         B           74           GLU        84.38         665  193  0  8.941  5.175  1.039   0.1758    0.0000    0.0000    0.0000
324     A         B           75           VAL        87.05         665  193  0  8.941  5.175  1.039   0.1823    0.0000    0.0000    0.0000
325     A         B           76           PRO        91.05         665  193  0  8.941  5.175  1.039   0.1914    0.0000    0.0000    0.0000
326     A         B           77           SER        82.45         665  193  0  8.941  5.175  1.039   0.1828    0.0000    0.0000    0.0000
327     A         B           78           LEU        85.32         665  193  0  8.941  5.175  1.039   0.1902    0.0000    0.0000    0.0000
328     A         B           79           PHE        77.96         665  193  0  8.941  5.175  1.039   0.1882    0.0000    0.0000    0.0000
329     A         B           80           MET        80.44         665  193  0  8.941  5.175  1.039   0.1841    0.0000    0.0000    0.0000
330     A         B           81           THR        82.01         665  193  0  8.941  5.175  1.039   0.1858    0.0000    0.0000    0.0000
331     A         B           82           ASN        84.95         665  193  0  8.941  5.175  1.039   0.1842    0.0000    0.0000    0.0000
332     A         B           83           VAL        82.58         665  193  0  8.941  5.175  1.039   0.1863    0.0000    0.0000    0.0000
333     A         B           84           TRP        89.06         665  193  0  8.941  5.175  1.039   0.1816    0.0000    0.0000    0.0000
334     A         B           85           THR        85.17         665  193  0  8.941  5.175  1.039   0.1766    0.0000    0.0000    0.0000
335     A         B           86           PRO        88.32         665  193  0  8.941  5.175  1.039   0.1731    0.0000    0.0000    0.0000
336     A         B           87           PRO        83.57         665  193  0  8.941  5.175  1.039   0.1601    0.0000    0.0000    0.0000
337     A         B           88           ASN        85.67         665  193  0  8.941  5.175  1.039   0.1602    0.0000    0.0000    0.0000
338     A         B           89           PRO        85.55         665  193  0  8.941  5.175  1.039   0.1602    0.0000    0.0000    0.0000
339     A         B           90           ASN        85.25         665  193  0  8.941  5.175  1.039   0.1628    0.0000    0.0000    0.0000
340     A         B           91           THR        90.42         665  193  1  8.941  5.175  1.039   0.1800    0.2644    0.1075    0.0048
341     A         B           92           VAL        93.89         665  193  0  8.941  5.175  1.039   0.1895    0.0000    0.0000    0.0000
342     A         B           93           TYR        95.01         665  193  0  8.941  5.175  1.039   0.1897    0.0000    0.0000    0.0000
343     A         B           94           HIS        97.14         665  193  1  8.941  5.175  1.039   0.1980    0.2764    0.1135    0.0051
344     A         B           95           CYS        97.67         665  193  2  8.941  5.175  1.039   0.1964    0.2652    0.1079    0.0048
345     A         B           96           SER        98.77         665  193  1  8.941  5.175  1.039   0.1920    0.2706    0.1105    0.0050
346     A         B           97           ALA        98.67         665  193  4  8.941  5.175  1.039   0.1951    0.2689    0.1097    0.0049
347     A         B           98           VAL        98.54         665  193  2  8.941  5.175  1.039   0.1948    0.2650    0.1078    0.0048
348     A         B           99           TYR        97.76         665  193  3  8.941  5.175  1.039   0.2027    0.2686    0.1096    0.0049
349     A         B          100           ASN        95.18         665  193  1  8.941  5.175  1.039   0.1935    0.2707    0.1106    0.0050
350     A         B          101           ASN        89.20         665  193  1  8.941  5.175  1.039   0.1839    0.2635    0.1070    0.0048
351     A         B          102           GLU        87.88         665  193  0  8.941  5.175  1.039   0.1854    0.0000    0.0000    0.0000
352     A         B          103           PHE        93.55         665  193  2  8.941  5.175  1.039   0.1950    0.2654    0.1080    0.0049
353     A         B          104           TYR        97.19         665  193  2  8.941  5.175  1.039   0.1950    0.2668    0.1087    0.0049
354     A         B          105           TYR        96.73         665  193  2  8.941  5.175  1.039   0.2001    0.2684    0.1094    0.0049
355     A         B          106           VAL        97.83         665  193  1  8.941  5.175  1.039   0.1912    0.2624    0.1065    0.0048
356     A         B          107           LEU        98.11         665  193  1  8.941  5.175  1.039   0.1961    0.2673    0.1089    0.0049
357     A         B          108           CYS        97.23         665  193  3  8.941  5.175  1.039   0.1957    0.2725    0.1115    0.0050
358     A         B          109           ALA        97.37         665  193  2  8.941  5.175  1.039   0.1948    0.2699    0.1102    0.0050
359     A         B          110           VAL        94.51         665  193  1  8.941  5.175  1.039   0.1901    0.2652    0.1079    0.0048
360     A         B          111           SER        94.43         665  193  1  8.941  5.175  1.039   0.1866    0.2690    0.1098    0.0049
361     A         B          112           THR        88.15         665  193  0  8.941  5.175  1.039   0.1736    0.0000    0.0000    0.0000
362     A         B          113           VAL        88.46         665  193  0  8.941  5.175  1.039   0.1698    0.0000    0.0000    0.0000
363     A         B          114           GLY        88.77         665  193  0  8.941  5.175  1.039   0.1772    0.0000    0.0000    0.0000
364     A         B          115           ASP        91.81         665  193  0  8.941  5.175  1.039   0.1855    0.0000    0.0000    0.0000
365     A         B          116           PRO        96.48         665  193  0  8.941  5.175  1.039   0.1841    0.0000    0.0000    0.0000
366     A         B          117           ILE        95.34         665  193  0  8.941  5.175  1.039   0.1907    0.0000    0.0000    0.0000
367     A         B          118           LEU        90.41         665  193  1  8.941  5.175  1.039   0.1825    0.2681    0.1093    0.0049
368     A         B          119           ASN        91.09         665  193  0  8.941  5.175  1.039   0.1718    0.0000    0.0000    0.0000
369     A         B          120           SER        93.49         665  193  0  8.941  5.175  1.039   0.1778    0.0000    0.0000    0.0000
370     A         B          121           THR        89.88         665  193  0  8.941  5.175  1.039   0.1773    0.0000    0.0000    0.0000
371     A         B          122           TYR        90.09         665  193  0  8.941  5.175  1.039   0.1741    0.0000    0.0000    0.0000
372     A         B          123           TRP        95.87         665  193  0  8.941  5.175  1.039   0.1822    0.0000    0.0000    0.0000
373     A         B          124           SER        91.24         665  193  0  8.941  5.175  1.039   0.1694    0.0000    0.0000    0.0000
374     A         B          125           GLY        95.42         665  193  1  8.941  5.175  1.039   0.1812    0.2671    0.1088    0.0049
375     A         B          126           SER        93.15         665  193  1  8.941  5.175  1.039   0.1803    0.2642    0.1074    0.0048
376     A         B          127           LEU        96.27         665  193  2  8.941  5.175  1.039   0.1917    0.2647    0.1076    0.0048
377     A         B          128           MET        93.05         665  193  0  8.941  5.175  1.039   0.1841    0.0000    0.0000    0.0000
378     A         B          129           MET        94.02         665  193  3  8.941  5.175  1.039   0.1921    0.2636    0.1071    0.0048
379     A         B          130           THR        93.73         665  193  0  8.941  5.175  1.039   0.1922    0.0000    0.0000    0.0000
380     A         B          131           ARG        91.98         665  193  1  8.941  5.175  1.039   0.1925    0.2747    0.1126    0.0051
381     A         B          132           LEU        92.81         665  193  0  8.941  5.175  1.039   0.1929    0.0000    0.0000    0.0000
382     A         B          133           ALA        88.90         665  193  1  8.941  5.175  1.039   0.1945    0.2681    0.1093    0.0049
383     A         B          134           VAL        89.75         665  193  1  8.941  5.175  1.039   0.1905    0.2657    0.1081    0.0049
384     A         B          135           LYS        79.37         665  193  0  8.941  5.175  1.039   0.1752    0.0000    0.0000    0.0000
385     A         B          136           PRO        75.15         665  193  0  8.941  5.175  1.039   0.1693    0.0000    0.0000    0.0000
386     A         B          137           LYS        66.64         665  193  0  8.941  5.175  1.039   0.1566    0.0000    0.0000    0.0000
387     A         B          138           SER        55.93         665  193  0  8.941  5.175  1.039   0.1422    0.0000    0.0000    0.0000
388     A         B          139           ASN        59.22         665  193  0  8.941  5.175  1.039   0.1243    0.0000    0.0000    0.0000
389     A         B          140           GLY        61.40         665  193  0  8.941  5.175  1.039   0.1290    0.0000    0.0000    0.0000
390     A         B          141           GLY        60.21         665  193  0  8.941  5.175  1.039   0.1395    0.0000    0.0000    0.0000
391     A         B          142           GLY        66.04         665  193  0  8.941  5.175  1.039   0.1515    0.0000    0.0000    0.0000
392     A         B          143           TYR        68.55         665  193  0  8.941  5.175  1.039   0.1580    0.0000    0.0000    0.0000
393     A         B          144           ASN        79.72         665  193  0  8.941  5.175  1.039   0.1674    0.0000    0.0000    0.0000
394     A         B          145           GLN        80.69         665  193  0  8.941  5.175  1.039   0.1711    0.0000    0.0000    0.0000
395     A         B          146           HIS        83.71         665  193  0  8.941  5.175  1.039   0.1790    0.0000    0.0000    0.0000
396     A         B          147           GLN        83.32         665  193  0  8.941  5.175  1.039   0.1745    0.0000    0.0000    0.0000
397     A         B          148           LEU        87.00         665  193  0  8.941  5.175  1.039   0.1785    0.0000    0.0000    0.0000
398     A         B          149           ALA        77.08         665  193  0  8.941  5.175  1.039   0.1671    0.0000    0.0000    0.0000
399     A         B          150           LEU        85.45         665  193  0  8.941  5.175  1.039   0.1650    0.0000    0.0000    0.0000
400     A         B          151           ARG        76.50         665  193  0  8.941  5.175  1.039   0.1426    0.0000    0.0000    0.0000
401     A         B          152           SER        83.75         665  193  0  8.941  5.175  1.039   0.1575    0.0000    0.0000    0.0000
402     A         B          153           ILE        94.18         665  193  0  8.941  5.175  1.039   0.1826    0.0000    0.0000    0.0000
403     A         B          154           GLU        95.16         665  193  1  8.941  5.175  1.039   0.1892    0.2654    0.1080    0.0049
404     A         B          155           LYS        96.52         665  193  1  8.941  5.175  1.039   0.1816    0.2745    0.1125    0.0051
405     A         B          156           GLY        96.15         665  193  1  8.941  5.175  1.039   0.1836    0.2644    0.1075    0.0048
406     A         B          157           ARG        93.98         665  193  1  8.941  5.175  1.039   0.1848    0.2727    0.1116    0.0050
407     A         B          158           TYR        98.29         665  193  2  8.941  5.175  1.039   0.1947    0.2684    0.1095    0.0049
408     A         B          159           ASP        96.75         665  193  3  8.941  5.175  1.039   0.1923    0.2686    0.1096    0.0049
409     A         B          160           LYS        97.80         665  193  3  8.941  5.175  1.039   0.1900    0.2685    0.1095    0.0049
410     A         B          161           VAL        98.45         665  193  3  8.941  5.175  1.039   0.1951    0.2674    0.1089    0.0049
411     A         B          162           MET        97.81         665  193  0  8.941  5.175  1.039   0.1878    0.0000    0.0000    0.0000
412     A         B          163           PRO        98.68         665  193  2  8.941  5.175  1.039   0.1909    0.2662    0.1084    0.0049
413     A         B          164           TYR        98.47         665  193  1  8.941  5.175  1.039   0.1940    0.2625    0.1065    0.0048
414     A         B          165           GLY        98.59         665  193  1  8.941  5.175  1.039   0.1851    0.2628    0.1067    0.0048
415     A         B          166           PRO        97.96         665  193  2  8.941  5.175  1.039   0.1922    0.2696    0.1100    0.0050
416     A         B          167           SER        98.28         665  193  6  8.941  5.175  1.039   0.1983    0.2673    0.1089    0.0049
417     A         B          168           GLY        98.72         665  193  6  8.941  5.175  1.039   0.1935    0.2752    0.1129    0.0051
418     A         B          169           ILE        97.92         665  193  0  8.941  5.175  1.039   0.1945    0.0000    0.0000    0.0000
419     A         B          170           LYS        96.30         665  193  4  8.941  5.175  1.039   0.1960    0.2703    0.1104    0.0050
420     A         B          171           GLN        93.25         665  193  3  8.941  5.175  1.039   0.1966    0.2670    0.1088    0.0049
421     A         B          172           GLY        90.73         665  193  1  8.941  5.175  1.039   0.1899    0.2662    0.1084    0.0049
422     A         B          173           ASP        87.80         665  193  0  8.941  5.175  1.039   0.1824    0.0000    0.0000    0.0000
423     A         B          174           THR        96.01         665  193  4  8.941  5.175  1.039   0.1961    0.2676    0.1091    0.0049
424     A         B          175           LEU        97.18         665  193  2  8.941  5.175  1.039   0.1925    0.2654    0.1080    0.0049
425     A         B          176           TYR        98.16         665  193  0  8.941  5.175  1.039   0.1987    0.0000    0.0000    0.0000
426     A         B          177           PHE        98.82         665  193  1  8.941  5.175  1.039   0.1955    0.2631    0.1069    0.0048
427     A         B          178           PRO        98.90         665  193  2  8.941  5.175  1.039   0.1968    0.2680    0.1093    0.0049
428     A         B          179           ALA        98.82         665  193  4  8.941  5.175  1.039   0.1960    0.2693    0.1099    0.0050
429     A         B          180           VAL        98.63         665  193  1  8.941  5.175  1.039   0.1927    0.2640    0.1073    0.0048
430     A         B          181           GLY        98.61         665  193  2  8.941  5.175  1.039   0.1922    0.2704    0.1105    0.0050
431     A         B          182           PHE        98.13         665  193  2  8.941  5.175  1.039   0.1957    0.2663    0.1084    0.0049
432     A         B          183           LEU        97.74         665  193  0  8.941  5.175  1.039   0.1930    0.0000    0.0000    0.0000
433     A         B          184           VAL        96.61         665  193  2  8.941  5.175  1.039   0.1882    0.2708    0.1107    0.0050
434     A         B          185           ARG        93.30         665  193  0  8.941  5.175  1.039   0.1788    0.0000    0.0000    0.0000
435     A         B          186           THR        92.67         665  193  0  8.941  5.175  1.039   0.1741    0.0000    0.0000    0.0000
436     A         B          187           GLU        94.58         665  193  0  8.941  5.175  1.039   0.1829    0.0000    0.0000    0.0000
437     A         B          188           PHE        95.24         665  193  0  8.941  5.175  1.039   0.1772    0.0000    0.0000    0.0000
438     A         B          189           LYS        89.96         665  193  0  8.941  5.175  1.039   0.1642    0.0000    0.0000    0.0000
439     A         B          190           TYR        93.49         665  193  0  8.941  5.175  1.039   0.1670    0.0000    0.0000    0.0000
440     A         B          191           ASN        90.76         665  193  0  8.941  5.175  1.039   0.1599    0.0000    0.0000    0.0000
441     A         B          192           ASP        87.56         665  193  0  8.941  5.175  1.039   0.1595    0.0000    0.0000    0.0000
442     A         B          193           SER        88.67         665  193  0  8.941  5.175  1.039   0.1559    0.0000    0.0000    0.0000
443     A         B          194           ASN        89.04         665  193  0  8.941  5.175  1.039   0.1618    0.0000    0.0000    0.0000
444     A         B          195           CYS        92.13         665  193  0  8.941  5.175  1.039   0.1612    0.0000    0.0000    0.0000
445     A         B          196           PRO        86.18         665  193  0  8.941  5.175  1.039   0.1528    0.0000    0.0000    0.0000
446     A         B          197           ILE        87.82         665  193  0  8.941  5.175  1.039   0.1537    0.0000    0.0000    0.0000
447     A         B          198           THR        85.78         665  193  0  8.941  5.175  1.039   0.1371    0.0000    0.0000    0.0000
448     A         B          199           LYS        81.85         665  193  0  8.941  5.175  1.039   0.1347    0.0000    0.0000    0.0000
449     A         B          200           CYS        88.93         665  193  0  8.941  5.175  1.039   0.1486    0.0000    0.0000    0.0000
450     A         B          201           GLN        85.23         665  193  0  8.941  5.175  1.039   0.1429    0.0000    0.0000    0.0000
451     A         B          202           TYR        85.82         665  193  0  8.941  5.175  1.039   0.1459    0.0000    0.0000    0.0000
452     A         B          203           SER        90.21         665  193  0  8.941  5.175  1.039   0.1573    0.0000    0.0000    0.0000
453     A         B          204           LYS        90.84         665  193  0  8.941  5.175  1.039   0.1661    0.0000    0.0000    0.0000
454     A         B          205           PRO        91.92         665  193  0  8.941  5.175  1.039   0.1653    0.0000    0.0000    0.0000
455     A         B          206           GLU        90.44         665  193  0  8.941  5.175  1.039   0.1661    0.0000    0.0000    0.0000
456     A         B          207           ASN        93.01         665  193  0  8.941  5.175  1.039   0.1750    0.0000    0.0000    0.0000
457     A         B          208           CYS        94.40         665  193  0  8.941  5.175  1.039   0.1828    0.0000    0.0000    0.0000
458     A         B          209           ARG        93.71         665  193  0  8.941  5.175  1.039   0.1764    0.0000    0.0000    0.0000
459     A         B          210           LEU        92.79         665  193  0  8.941  5.175  1.039   0.1809    0.0000    0.0000    0.0000
460     A         B          211           SER        93.97         665  193  0  8.941  5.175  1.039   0.1799    0.0000    0.0000    0.0000
461     A         B          212           MET        95.27         665  193  0  8.941  5.175  1.039   0.1795    0.0000    0.0000    0.0000
462     A         B          213           GLY        93.40         665  193  0  8.941  5.175  1.039   0.1762    0.0000    0.0000    0.0000
463     A         B          214           ILE        90.77         665  193  0  8.941  5.175  1.039   0.1805    0.0000    0.0000    0.0000
464     A         B          215           ARG        86.38         665  193  0  8.941  5.175  1.039   0.1671    0.0000    0.0000    0.0000
465     A         B          216           PRO        86.24         665  193  0  8.941  5.175  1.039   0.1623    0.0000    0.0000    0.0000
466     A         B          217           ASN        85.28         665  193  0  8.941  5.175  1.039   0.1530    0.0000    0.0000    0.0000
467     A         B          218           SER        91.25         665  193  0  8.941  5.175  1.039   0.1676    0.0000    0.0000    0.0000
468     A         B          219           HIS        92.65         665  193  1  8.941  5.175  1.039   0.1812    0.2667    0.1086    0.0049
469     A         B          220           TYR        96.61         665  193  1  8.941  5.175  1.039   0.1895    0.2706    0.1106    0.0050
470     A         B          221           ILE        96.77         665  193  1  8.941  5.175  1.039   0.1919    0.2650    0.1078    0.0048
471     A         B          222           LEU        97.48         665  193  2  8.941  5.175  1.039   0.1916    0.2654    0.1080    0.0049
472     A         B          223           ARG        98.03         665  193  0  8.941  5.175  1.039   0.1941    0.0000    0.0000    0.0000
473     A         B          224           SER        98.36         665  193  1  8.941  5.175  1.039   0.1945    0.2666    0.1086    0.0049
474     A         B          225           GLY        98.62         665  193  3  8.941  5.175  1.039   0.1901    0.2672    0.1088    0.0049
475     A         B          226           LEU        98.45         665  193  2  8.941  5.175  1.039   0.1968    0.2669    0.1087    0.0049
476     A         B          227           LEU        98.50         665  193  4  8.941  5.175  1.039   0.1967    0.2662    0.1084    0.0049
477     A         B          228           LYS        97.20         665  193  3  8.941  5.175  1.039   0.2000    0.2748    0.1127    0.0051
478     A         B          229           TYR        95.48         665  193  1  8.941  5.175  1.039   0.1936    0.2703    0.1104    0.0050
479     A         B          230           ASN        93.27         665  193  2  8.941  5.175  1.039   0.1918    0.2691    0.1098    0.0049
480     A         B          231           LEU        89.82         665  193  1  8.941  5.175  1.039   0.1884    0.2762    0.1133    0.0051
481     A         B          232           SER        83.88         665  193  0  8.941  5.175  1.039   0.1778    0.0000    0.0000    0.0000
482     A         B          233           ASP        73.15         665  193  0  8.941  5.175  1.039   0.1756    0.0000    0.0000    0.0000
483     A         B          234           GLY        69.68         665  193  0  8.941  5.175  1.039   0.1593    0.0000    0.0000    0.0000
484     A         B          235           GLU        63.36         665  193  0  8.941  5.175  1.039   0.1567    0.0000    0.0000    0.0000
485     A         B          236           ASN        67.40         665  193  0  8.941  5.175  1.039   0.1648    0.0000    0.0000    0.0000
486     A         B          237           PRO        80.06         665  193  0  8.941  5.175  1.039   0.1696    0.0000    0.0000    0.0000
487     A         B          238           LYS        87.64         665  193  0  8.941  5.175  1.039   0.1808    0.0000    0.0000    0.0000
488     A         B          239           VAL        94.99         665  193  3  8.941  5.175  1.039   0.1889    0.2656    0.1081    0.0049
489     A         B          240           VAL        96.91         665  193  3  8.941  5.175  1.039   0.1950    0.2663    0.1084    0.0049
490     A         B          241           PHE        98.19         665  193  4  8.941  5.175  1.039   0.1945    0.2681    0.1093    0.0049
491     A         B          242           ILE        98.09         665  193  2  8.941  5.175  1.039   0.1981    0.2666    0.1086    0.0049
492     A         B          243           GLU        96.95         665  193  2  8.941  5.175  1.039   0.1973    0.2709    0.1107    0.0050
493     A         B          244           ILE        97.23         665  193  0  8.941  5.175  1.039   0.1945    0.0000    0.0000    0.0000
494     A         B          245           SER        92.32         665  193  0  8.941  5.175  1.039   0.1780    0.0000    0.0000    0.0000
495     A         B          246           ASP        88.46         665  193  0  8.941  5.175  1.039   0.1794    0.0000    0.0000    0.0000
496     A         B          247           GLN        90.08         665  193  0  8.941  5.175  1.039   0.1738    0.0000    0.0000    0.0000
497     A         B          248           ARG        90.37         665  193  0  8.941  5.175  1.039   0.1806    0.0000    0.0000    0.0000
498     A         B          249           LEU        93.99         665  193  0  8.941  5.175  1.039   0.1815    0.0000    0.0000    0.0000
499     A         B          250           SER        95.76         665  193  0  8.941  5.175  1.039   0.1877    0.0000    0.0000    0.0000
500     A         B          251           ILE        96.31         665  193  0  8.941  5.175  1.039   0.1908    0.0000    0.0000    0.0000
501     A         B          252           GLY        97.86         665  193  0  8.941  5.175  1.039   0.1766    0.0000    0.0000    0.0000
502     A         B          253           SER        97.44         665  193  1  8.941  5.175  1.039   0.1913    0.2651    0.1078    0.0048
503     A         B          254           PRO        98.10         665  193  2  8.941  5.175  1.039   0.1990    0.2674    0.1089    0.0049
504     A         B          255           SER        98.65         665  193  2  8.941  5.175  1.039   0.1963    0.2661    0.1083    0.0049
505     A         B          256           LYS        98.84         665  193  2  8.941  5.175  1.039   0.2007    0.2699    0.1102    0.0050
506     A         B          257           ILE        98.73         665  193  0  8.941  5.175  1.039   0.1976    0.0000    0.0000    0.0000
507     A         B          258           TYR        98.24         665  193  0  8.941  5.175  1.039   0.2000    0.0000    0.0000    0.0000
508     A         B          259           ASP        95.39         665  193  3  8.941  5.175  1.039   0.2022    0.2661    0.1083    0.0049
509     A         B          260           SER        94.66         665  193  6  8.941  5.175  1.039   0.2026    0.2677    0.1091    0.0049
510     A         B          261           LEU        90.88         665  193  2  8.941  5.175  1.039   0.2024    0.2653    0.1079    0.0049
511     A         B          262           GLY        91.10         665  193  2  8.941  5.175  1.039   0.1998    0.2667    0.1086    0.0049
512     A         B          263           GLN        91.62         665  193  1  8.941  5.175  1.039   0.2002    0.2624    0.1065    0.0048
513     A         B          264           PRO        95.52         665  193  1  8.941  5.175  1.039   0.1934    0.2655    0.1080    0.0049
514     A         B          265           VAL        97.45         665  193  8  8.941  5.175  1.039   0.2080    0.2690    0.1098    0.0049
515     A         B          266           PHE        98.43         665  193  1  8.941  5.175  1.039   0.1983    0.2659    0.1082    0.0049
516     A         B          267           TYR        98.85         665  193  1  8.941  5.175  1.039   0.1998    0.2630    0.1068    0.0048
517     A         B          268           GLN        98.59         665  193  4  8.941  5.175  1.039   0.2021    0.2712    0.1109    0.0050
518     A         B          269           ALA        97.92         665  193  2  8.941  5.175  1.039   0.1976    0.2757    0.1131    0.0051
519     A         B          270           SER        96.01         665  193  0  8.941  5.175  1.039   0.1909    0.0000    0.0000    0.0000
520     A         B          271           PHE        95.46         665  193  0  8.941  5.175  1.039   0.1972    0.0000    0.0000    0.0000
521     A         B          272           SER        93.58         665  193  0  8.941  5.175  1.039   0.1831    0.0000    0.0000    0.0000
522     A         B          273           TRP        93.98         665  193  0  8.941  5.175  1.039   0.1873    0.0000    0.0000    0.0000
523     A         B          274           ASP        95.12         665  193  0  8.941  5.175  1.039   0.1912    0.0000    0.0000    0.0000
524     A         B          275           THR        93.58         665  193  0  8.941  5.175  1.039   0.1912    0.0000    0.0000    0.0000
525     A         B          276           MET        94.94         665  193  3  8.941  5.175  1.039   0.1984    0.2702    0.1104    0.0050
526     A         B          277           ILE        98.23         665  193  3  8.941  5.175  1.039   0.1990    0.2691    0.1098    0.0049
527     A         B          278           LYS        97.69         665  193  7  8.941  5.175  1.039   0.2079    0.2756    0.1131    0.0051
528     A         B          279           PHE        98.24         665  193  9  8.941  5.175  1.039   0.2082    0.2772    0.1139    0.0052
529     A         B          280           GLY        97.00         665  193  10  8.941  5.175  1.039   0.2035    0.2733    0.1119    0.0051
530     A         B          281           ASP        93.55         665  193  2  8.941  5.175  1.039   0.2044    0.2653    0.1079    0.0049
531     A         B          282           VAL        95.35         665  193  1  8.941  5.175  1.039   0.1930    0.2627    0.1067    0.0048
532     A         B          283           LEU        88.96         665  193  3  8.941  5.175  1.039   0.2022    0.2654    0.1080    0.0049
533     A         B          284           THR        90.23         665  193  2  8.941  5.175  1.039   0.2044    0.2672    0.1088    0.0049
534     A         B          285           VAL        93.52         665  193  1  8.941  5.175  1.039   0.2028    0.2682    0.1094    0.0049
535     A         B          286           ASN        91.40         665  193  1  8.941  5.175  1.039   0.1965    0.2635    0.1070    0.0048
536     A         B          287           PRO        91.51         665  193  1  8.941  5.175  1.039   0.1938    0.2651    0.1078    0.0048
537     A         B          288           LEU        95.81         665  193  0  8.941  5.175  1.039   0.1959    0.0000    0.0000    0.0000
538     A         B          289           VAL        92.92         665  193  4  8.941  5.175  1.039   0.2057    0.2644    0.1075    0.0048
539     A         B          290           VAL        94.72         665  193  3  8.941  5.175  1.039   0.1987    0.2664    0.1085    0.0049
540     A         B          291           ASN        94.00         665  193  1  8.941  5.175  1.039   0.1991    0.2649    0.1077    0.0048
541     A         B          292           TRP        95.98         665  193  5  8.941  5.175  1.039   0.2028    0.2677    0.1091    0.0049
542     A         B          293           ARG        96.22         665  193  2  8.941  5.175  1.039   0.1987    0.2677    0.1091    0.0049
543     A         B          294           ASN        92.44         665  193  6  8.941  5.175  1.039   0.1985    0.2697    0.1101    0.0050
544     A         B          295           ASN        96.75         665  193  1  8.941  5.175  1.039   0.1969    0.2664    0.1084    0.0049
545     A         B          296           THR        93.17         665  193  2  8.941  5.175  1.039   0.1995    0.2673    0.1089    0.0049
546     A         B          297           VAL        95.87         665  193  1  8.941  5.175  1.039   0.1956    0.2626    0.1066    0.0048
547     A         B          298           ILE        97.60         665  193  0  8.941  5.175  1.039   0.1936    0.0000    0.0000    0.0000
548     A         B          299           SER        95.80         665  193  0  8.941  5.175  1.039   0.1985    0.0000    0.0000    0.0000
549     A         B          300           ARG        95.43         665  193  1  8.941  5.175  1.039   0.2027    0.2667    0.1086    0.0049
550     A         B          301           PRO        90.57         665  193  1  8.941  5.175  1.039   0.1969    0.2633    0.1069    0.0048
551     A         B          302           GLY        88.07         665  193  0  8.941  5.175  1.039   0.1854    0.0000    0.0000    0.0000
552     A         B          303           GLN        77.28         665  193  0  8.941  5.175  1.039   0.1774    0.0000    0.0000    0.0000
553     A         B          304           SER        75.04         665  193  0  8.941  5.175  1.039   0.1654    0.0000    0.0000    0.0000
554     A         B          305           GLN        79.00         665  193  0  8.941  5.175  1.039   0.1725    0.0000    0.0000    0.0000
555     A         B          306           CYS        88.37         665  193  0  8.941  5.175  1.039   0.1817    0.0000    0.0000    0.0000
556     A         B          307           PRO        86.73         665  193  0  8.941  5.175  1.039   0.1839    0.0000    0.0000    0.0000
557     A         B          308           ARG        90.82         665  193  0  8.941  5.175  1.039   0.1928    0.0000    0.0000    0.0000
558     A         B          309           PHE        88.19         665  193  0  8.941  5.175  1.039   0.1889    0.0000    0.0000    0.0000
559     A         B          310           ASN        88.03         665  193  0  8.941  5.175  1.039   0.1853    0.0000    0.0000    0.0000
560     A         B          311           THR        88.68         665  193  0  8.941  5.175  1.039   0.1784    0.0000    0.0000    0.0000
561     A         B          312           CYS        91.52         665  193  0  8.941  5.175  1.039   0.1777    0.0000    0.0000    0.0000
562     A         B          313           PRO        93.69         665  193  0  8.941  5.175  1.039   0.1767    0.0000    0.0000    0.0000
563     A         B          314           GLU        90.18         665  193  0  8.941  5.175  1.039   0.1780    0.0000    0.0000    0.0000
564     A         B          315           ILE        90.55         665  193  0  8.941  5.175  1.039   0.1765    0.0000    0.0000    0.0000
565     A         B          316           CYS        89.22         665  193  0  8.941  5.175  1.039   0.1784    0.0000    0.0000    0.0000
566     A         B          317           TRP        91.31         665  193  0  8.941  5.175  1.039   0.1839    0.0000    0.0000    0.0000
567     A         B          318           GLU        89.22         665  193  0  8.941  5.175  1.039   0.1886    0.0000    0.0000    0.0000
568     A         B          319           GLY        93.08         665  193  0  8.941  5.175  1.039   0.1864    0.0000    0.0000    0.0000
569     A         B          320           VAL        93.60         665  193  0  8.941  5.175  1.039   0.1986    0.0000    0.0000    0.0000
570     A         B          321           TYR        97.12         665  193  0  8.941  5.175  1.039   0.1905    0.0000    0.0000    0.0000
571     A         B          322           ASN        98.20         665  193  1  8.941  5.175  1.039   0.2013    0.2686    0.1096    0.0049
572     A         B          323           ASP        98.12         665  193  3  8.941  5.175  1.039   0.1987    0.2702    0.1103    0.0050
573     A         B          324           ALA        98.52         665  193  2  8.941  5.175  1.039   0.2012    0.2661    0.1083    0.0049
574     A         B          325           PHE        98.31         665  193  6  8.941  5.175  1.039   0.2112    0.2703    0.1104    0.0050
575     A         B          326           LEU        97.13         665  193  13  8.941  5.175  1.039   0.2093    0.2701    0.1103    0.0050
576     A         B          327           ILE        96.54         665  193  8  8.941  5.175  1.039   0.2092    0.2693    0.1099    0.0050
577     A         B          328           ASP        92.76         665  193  4  8.941  5.175  1.039   0.2106    0.2740    0.1123    0.0051
578     A         B          329           ARG        88.75         665  193  2  8.941  5.175  1.039   0.2075    0.2645    0.1075    0.0048
579     A         B          330           ILE        84.63         665  193  1  8.941  5.175  1.039   0.2103    0.2709    0.1107    0.0050
580     A         B          331           ASN        91.75         665  193  4  8.941  5.175  1.039   0.2041    0.2687    0.1096    0.0049
581     A         B          332           TRP        95.65         665  193  6  8.941  5.175  1.039   0.2098    0.2694    0.1100    0.0050
582     A         B          333           ILE        97.21         665  193  7  8.941  5.175  1.039   0.2114    0.2747    0.1126    0.0051
583     A         B          334           SER        98.18         665  193  8  8.941  5.175  1.039   0.2074    0.2707    0.1106    0.0050
584     A         B          335           ALA        98.27         665  193  15  8.941  5.175  1.039   0.2121    0.2708    0.1107    0.0050
585     A         B          336           GLY        98.81         665  193  12  8.941  5.175  1.039   0.2059    0.2699    0.1102    0.0050
586     A         B          337           VAL        98.45         665  193  3  8.941  5.175  1.039   0.2035    0.2721    0.1113    0.0050
587     A         B          338           PHE        97.76         665  193  2  8.941  5.175  1.039   0.1987    0.2663    0.1084    0.0049
588     A         B          339           LEU        93.97         665  193  3  8.941  5.175  1.039   0.2063    0.2661    0.1083    0.0049
589     A         B          340           ASP        92.37         665  193  0  8.941  5.175  1.039   0.1893    0.0000    0.0000    0.0000
590     A         B          341           SER        88.02         665  193  0  8.941  5.175  1.039   0.1879    0.0000    0.0000    0.0000
591     A         B          342           ASN        85.76         665  193  0  8.941  5.175  1.039   0.1837    0.0000    0.0000    0.0000
592     A         B          343           GLN        79.03         665  193  0  8.941  5.175  1.039   0.1788    0.0000    0.0000    0.0000
593     A         B          344           THR        84.73         665  193  0  8.941  5.175  1.039   0.1798    0.0000    0.0000    0.0000
594     A         B          345           ALA        87.23         665  193  0  8.941  5.175  1.039   0.1901    0.0000    0.0000    0.0000
595     A         B          346           GLU        83.92         665  193  0  8.941  5.175  1.039   0.1932    0.0000    0.0000    0.0000
596     A         B          347           ASN        91.31         665  193  0  8.941  5.175  1.039   0.1974    0.0000    0.0000    0.0000
597     A         B          348           PRO        94.82         665  193  3  8.941  5.175  1.039   0.2034    0.2667    0.1086    0.0049
598     A         B          349           VAL        97.07         665  193  1  8.941  5.175  1.039   0.1980    0.2675    0.1090    0.0049
599     A         B          350           PHE        98.34         665  193  6  8.941  5.175  1.039   0.2014    0.2666    0.1086    0.0049
600     A         B          351           THR        97.98         665  193  3  8.941  5.175  1.039   0.2056    0.2660    0.1083    0.0049
601     A         B          352           VAL        98.04         665  193  6  8.941  5.175  1.039   0.2083    0.2653    0.1079    0.0049
602     A         B          353           PHE        98.09         665  193  5  8.941  5.175  1.039   0.2041    0.2705    0.1105    0.0050
603     A         B          354           LYS        96.82         665  193  7  8.941  5.175  1.039   0.2005    0.2675    0.1090    0.0049
604     A         B          355           ASP        95.59         665  193  1  8.941  5.175  1.039   0.1957    0.2627    0.1066    0.0048
605     A         B          356           ASN        94.09         665  193  1  8.941  5.175  1.039   0.1944    0.2701    0.1103    0.0050
606     A         B          357           GLU        94.78         665  193  1  8.941  5.175  1.039   0.1933    0.2665    0.1085    0.0049
607     A         B          358           ILE        95.97         665  193  0  8.941  5.175  1.039   0.1936    0.0000    0.0000    0.0000
608     A         B          359           LEU        96.89         665  193  3  8.941  5.175  1.039   0.2001    0.2638    0.1072    0.0048
609     A         B          360           TYR        96.28         665  193  0  8.941  5.175  1.039   0.1948    0.0000    0.0000    0.0000
610     A         B          361           ARG        93.70         665  193  0  8.941  5.175  1.039   0.1876    0.0000    0.0000    0.0000
611     A         B          362           ALA        96.46         665  193  0  8.941  5.175  1.039   0.1969    0.0000    0.0000    0.0000
612     A         B          363           GLN        93.13         665  193  0  8.941  5.175  1.039   0.1847    0.0000    0.0000    0.0000
613     A         B          364           LEU        94.44         665  193  0  8.941  5.175  1.039   0.1955    0.0000    0.0000    0.0000
614     A         B          365           ALA        86.15         665  193  1  8.941  5.175  1.039   0.1882    0.2623    0.1064    0.0048
615     A         B          366           SER        81.72         665  193  0  8.941  5.175  1.039   0.1736    0.0000    0.0000    0.0000
616     A         B          367           GLU        82.13         665  193  0  8.941  5.175  1.039   0.1753    0.0000    0.0000    0.0000
617     A         B          368           ASP        75.44         665  193  0  8.941  5.175  1.039   0.1702    0.0000    0.0000    0.0000
618     A         B          369           THR        82.56         665  193  0  8.941  5.175  1.039   0.1860    0.0000    0.0000    0.0000
619     A         B          370           ASN        79.97         665  193  0  8.941  5.175  1.039   0.1830    0.0000    0.0000    0.0000
620     A         B          371           ALA        89.80         665  193  1  8.941  5.175  1.039   0.1939    0.2643    0.1074    0.0048
621     A         B          372           GLN        87.21         665  193  0  8.941  5.175  1.039   0.1920    0.0000    0.0000    0.0000
622     A         B          373           LYS        93.19         665  193  3  8.941  5.175  1.039   0.2041    0.2702    0.1104    0.0050
623     A         B          374           THR        97.69         665  193  3  8.941  5.175  1.039   0.2022    0.2703    0.1104    0.0050
624     A         B          375           ILE        98.41         665  193  3  8.941  5.175  1.039   0.2019    0.2676    0.1091    0.0049
625     A         B          376           THR        98.74         665  193  0  8.941  5.175  1.039   0.1985    0.0000    0.0000    0.0000
626     A         B          377           ASN        98.17         665  193  3  8.941  5.175  1.039   0.2037    0.2709    0.1107    0.0050
627     A         B          378           CYS        97.53         665  193  9  8.941  5.175  1.039   0.2076    0.2689    0.1097    0.0049
628     A         B          379           PHE        95.15         665  193  8  8.941  5.175  1.039   0.2024    0.2674    0.1089    0.0049
629     A         B          380           LEU        90.54         665  193  1  8.941  5.175  1.039   0.2033    0.2623    0.1065    0.0048
630     A         B          381           LEU        90.30         665  193  1  8.941  5.175  1.039   0.1961    0.2768    0.1137    0.0051
631     A         B          382           LYS        87.62         665  193  0  8.941  5.175  1.039   0.1832    0.0000    0.0000    0.0000
632     A         B          383           ASN        84.55         665  193  0  8.941  5.175  1.039   0.1933    0.0000    0.0000    0.0000
633     A         B          384           LYS        91.04         665  193  0  8.941  5.175  1.039   0.1898    0.0000    0.0000    0.0000
634     A         B          385           ILE        95.18         665  193  3  8.941  5.175  1.039   0.2084    0.2705    0.1105    0.0050
635     A         B          386           TRP        95.38         665  193  9  8.941  5.175  1.039   0.2073    0.2709    0.1107    0.0050
636     A         B          387           CYS        97.84         665  193  10  8.941  5.175  1.039   0.2111    0.2761    0.1133    0.0051
637     A         B          388           ILE        96.16         665  193  0  8.941  5.175  1.039   0.1994    0.0000    0.0000    0.0000
638     A         B          389           SER        97.63         665  193  0  8.941  5.175  1.039   0.1938    0.0000    0.0000    0.0000
639     A         B          390           LEU        94.97         665  193  2  8.941  5.175  1.039   0.2024    0.2671    0.1088    0.0049
640     A         B          391           VAL        94.56         665  193  2  8.941  5.175  1.039   0.2025    0.2650    0.1078    0.0048
641     A         B          392           GLU        88.78         665  193  3  8.941  5.175  1.039   0.2072    0.2687    0.1096    0.0049
642     A         B          393           ILE        85.67         665  193  1  8.941  5.175  1.039   0.1930    0.2639    0.1072    0.0048
643     A         B          394           TYR        68.73         665  193  0  8.941  5.175  1.039   0.1814    0.0000    0.0000    0.0000
644     A         B          395           ASP        56.03         665  193  0  8.941  5.175  1.039   0.1568    0.0000    0.0000    0.0000
645     A         B          396           THR        48.77         665  193  0  8.941  5.175  1.039   0.1441    0.0000    0.0000    0.0000
646     A         B          397           GLY        49.35         665  193  0  8.941  5.175  1.039   0.1375    0.0000    0.0000    0.0000
647     A         B          398           ASP        48.45         665  193  0  8.941  5.175  1.039   0.1418    0.0000    0.0000    0.0000
648     A         B          399           ASN        53.20         665  193  0  8.941  5.175  1.039   0.1459    0.0000    0.0000    0.0000
649     A         B          400           VAL        60.79         665  193  0  8.941  5.175  1.039   0.1692    0.0000    0.0000    0.0000
650     A         B          401           ILE        66.42         665  193  0  8.941  5.175  1.039   0.1819    0.0000    0.0000    0.0000
651     A         B          402           ARG        74.25         665  193  0  8.941  5.175  1.039   0.1837    0.0000    0.0000    0.0000
652     A         B          403           PRO        85.42         665  193  0  8.941  5.175  1.039   0.1954    0.0000    0.0000    0.0000
653     A         B          404           LYS        86.88         665  193  1  8.941  5.175  1.039   0.1974    0.2687    0.1096    0.0049
654     A         B          405           LEU        90.26         665  193  0  8.941  5.175  1.039   0.1970    0.0000    0.0000    0.0000
655     A         B          406           PHE        94.98         665  193  4  8.941  5.175  1.039   0.2022    0.2658    0.1082    0.0049
656     A         B          407           ALA        93.94         665  193  0  8.941  5.175  1.039   0.1983    0.0000    0.0000    0.0000
657     A         B          408           VAL        97.37         665  193  3  8.941  5.175  1.039   0.1978    0.2637    0.1071    0.0048
658     A         B          409           LYS        95.16         665  193  2  8.941  5.175  1.039   0.2001    0.2687    0.1096    0.0049
659     A         B          410           ILE        96.21         665  193  8  8.941  5.175  1.039   0.2049    0.2671    0.1088    0.0049
660     A         B          411           PRO        93.22         665  193  0  8.941  5.175  1.039   0.1859    0.0000    0.0000    0.0000
661     A         B          412           GLU        89.31         665  193  0  8.941  5.175  1.039   0.1752    0.0000    0.0000    0.0000
662     A         B          413           GLN        86.13         665  193  0  8.941  5.175  1.039   0.1610    0.0000    0.0000    0.0000
663     A         B          414           CYS        89.69         665  193  0  8.941  5.175  1.039   0.1619    0.0000    0.0000    0.0000
664     A         B          415           THR        78.75         665  193  0  8.941  5.175  1.039   0.1370    0.0000    0.0000    0.0000
665     A         B          416           HIS        66.46         665  193  0  8.941  5.175  1.039   0.1190    0.0000    0.0000    0.0000
1       B         A            1           SER        58.39         665  312  0  8.941  6.473  1.039   0.1058    0.0000    0.0000    0.0000
2       B         A            2           VAL        74.19         665  312  11  8.941  6.473  1.039   0.1657    0.2819    0.1707    0.0053
3       B         A            3           LYS        86.05         665  312  34  8.941  6.473  1.509   0.1825    0.2944    0.1797    0.0118
4       B         A            4           LEU        93.08         665  312  47  8.941  6.473  2.137   0.1951    0.3250    0.2024    0.0271
5       B         A            5           VAL        93.24         665  312  47  8.941  6.473  2.137   0.1999    0.3259    0.2032    0.0273
6       B         A            6           GLN        96.03         665  312  45  8.941  6.473  2.053   0.1946    0.3189    0.1979    0.0244
7       B         A            7           SER        93.26         665  312  46  8.941  6.473  2.095   0.1957    0.3136    0.1938    0.0247
8       B         A            8           GLY        95.48         665  312  30  8.941  6.473  1.258   0.1840    0.3005    0.1842    0.0085
9       B         A            9           ASP        92.77         665  312  29  8.941  6.473  1.189   0.1826    0.2956    0.1805    0.0074
10      B         A           10           GLN        90.64         665  312  26  8.941  6.473  1.039   0.1808    0.2926    0.1784    0.0056
11      B         A           11           THR        92.67         665  312  38  8.941  6.473  1.726   0.1895    0.3003    0.1840    0.0158
12      B         A           12           VAL        91.57         665  312  23  8.941  6.473  1.039   0.1783    0.2886    0.1755    0.0055
13      B         A           13           PRO        89.61         665  312  28  8.941  6.473  1.116   0.1823    0.2903    0.1767    0.0063
14      B         A           14           VAL        89.03         665  312  39  8.941  6.473  1.777   0.1947    0.3069    0.1888    0.0173
15      B         A           15           GLY        90.97         665  312  37  8.941  6.473  1.675   0.1902    0.3025    0.1856    0.0151
16      B         A           16           GLY        93.25         665  312  37  8.941  6.473  1.675   0.1895    0.3040    0.1867    0.0152
17      B         A           17           SER        94.78         665  312  45  8.941  6.473  2.053   0.1922    0.3094    0.1907    0.0233
18      B         A           18           VAL        95.36         665  312  47  8.941  6.473  2.137   0.1991    0.3138    0.1940    0.0257
19      B         A           19           THR        97.24         665  312  50  8.941  6.473  2.256   0.2044    0.3281    0.2048    0.0306
20      B         A           20           LEU        97.76         665  312  52  8.941  6.473  2.332   0.2064    0.3314    0.2073    0.0331
21      B         A           21           SER        96.27         665  312  54  8.941  6.473  2.405   0.2058    0.3314    0.2074    0.0352
22      B         A           22           CYS        95.40         665  312  51  8.941  6.473  2.294   0.2018    0.3245    0.2020    0.0311
23      B         A           23           THR        92.08         665  312  49  8.941  6.473  2.217   0.1995    0.3261    0.2033    0.0293
24      B         A           24           ALA        83.87         665  312  41  8.941  6.473  1.873   0.1873    0.3044    0.1870    0.0190
25      B         A           25           SER        77.62         665  312  16  8.941  6.473  1.039   0.1719    0.2882    0.1751    0.0054
26      B         A           26           GLY        65.99         665  312  0  8.941  6.473  1.039   0.1543    0.0000    0.0000    0.0000
27      B         A           27           GLY        57.49         665  312  7  8.941  6.473  1.039   0.1599    0.2783    0.1682    0.0052
28      B         A           28           SER        54.28         665  312  20  8.941  6.473  1.039   0.1707    0.2872    0.1745    0.0054
29      B         A           29           PHE        70.82         665  312  31  8.941  6.473  1.325   0.1842    0.2996    0.1835    0.0094
30      B         A           30           GLY        64.61         665  312  41  8.941  6.473  1.873   0.1921    0.3102    0.1915    0.0196
31      B         A           31           ASN        51.89         665  312  41  8.941  6.473  1.873   0.1924    0.3077    0.1896    0.0193
32      B         A           32           TYR        71.89         665  312  46  8.941  6.473  2.095   0.2012    0.3315    0.2073    0.0269
33      B         A           33           GLY        79.22         665  312  46  8.941  6.473  2.095   0.2001    0.3239    0.2017    0.0260
34      B         A           34           VAL        90.13         665  312  61  8.941  6.473  2.643   0.2117    0.3338    0.2095    0.0428
35      B         A           35           ALA        92.42         665  312  50  8.941  6.473  2.256   0.2050    0.3319    0.2078    0.0312
36      B         A           36           TRP        96.56         665  312  57  8.941  6.473  2.510   0.2096    0.3332    0.2088    0.0386
37      B         A           37           VAL        95.64         665  312  50  8.941  6.473  2.256   0.2039    0.3244    0.2021    0.0301
38      B         A           38           ARG        93.20         665  312  50  8.941  6.473  2.256   0.2047    0.3268    0.2038    0.0304
39      B         A           39           GLN        94.45         665  312  50  8.941  6.473  2.256   0.2050    0.3250    0.2025    0.0302
40      B         A           40           ARG        87.65         665  312  46  8.941  6.473  2.095   0.2003    0.3156    0.1953    0.0250
41      B         A           41           PRO        84.26         665  312  29  8.941  6.473  1.189   0.1833    0.2954    0.1805    0.0074
42      B         A           42           GLY        83.85         665  312  7  8.941  6.473  1.039   0.1676    0.2773    0.1674    0.0052
43      B         A           43           GLY        86.28         665  312  32  8.941  6.473  1.388   0.1853    0.2977    0.1821    0.0102
44      B         A           44           PRO        86.17         665  312  46  8.941  6.473  2.095   0.1962    0.3118    0.1925    0.0245
45      B         A           45           LEU        94.08         665  312  50  8.941  6.473  2.256   0.2007    0.3223    0.2003    0.0298
46      B         A           46           GLU        89.35         665  312  49  8.941  6.473  2.217   0.1998    0.3180    0.1971    0.0282
47      B         A           47           TYR        90.18         665  312  50  8.941  6.473  2.256   0.2018    0.3208    0.1993    0.0296
48      B         A           48           ILE        93.68         665  312  53  8.941  6.473  2.369   0.2067    0.3300    0.2063    0.0339
49      B         A           49           GLY        91.37         665  312  48  8.941  6.473  2.177   0.1999    0.3242    0.2019    0.0281
50      B         A           50           SER        84.84         665  312  49  8.941  6.473  2.217   0.2016    0.3241    0.2018    0.0290
51      B         A           51           ILE        88.04         665  312  51  8.941  6.473  2.294   0.2057    0.3379    0.2122    0.0331
52      B         A           52           ILE        69.85         665  312  57  8.941  6.473  2.510   0.2105    0.3329    0.2086    0.0386
53      B         A           53           PRO        76.22         665  312  52  8.941  6.473  2.332   0.2056    0.3354    0.2105    0.0338
54      B         A           54           ALA        55.52         665  312  45  8.941  6.473  2.053   0.1984    0.3267    0.2039    0.0254
55      B         A           55           TYR        48.30         665  312  53  8.941  6.473  2.369   0.2043    0.3389    0.2134    0.0356
56      B         A           56           GLY        67.31         665  312  44  8.941  6.473  2.010   0.1947    0.3195    0.1984    0.0235
57      B         A           57           ILE        60.27         665  312  63  8.941  6.473  2.706   0.2111    0.3372    0.2122    0.0456
58      B         A           58           SER        79.14         665  312  49  8.941  6.473  2.217   0.1974    0.3202    0.1989    0.0285
59      B         A           59           THR        75.98         665  312  47  8.941  6.473  2.137   0.1990    0.3146    0.1947    0.0258
60      B         A           60           VAL        87.63         665  312  51  8.941  6.473  2.294   0.2033    0.3245    0.2020    0.0311
61      B         A           61           ASN        85.50         665  312  50  8.941  6.473  2.256   0.2000    0.3181    0.1973    0.0292
62      B         A           62           PRO        79.22         665  312  44  8.941  6.473  2.010   0.1943    0.3112    0.1921    0.0225
63      B         A           63           LYS        80.46         665  312  47  8.941  6.473  2.137   0.1989    0.3134    0.1937    0.0257
64      B         A           64           TYR        87.97         665  312  43  8.941  6.473  1.965   0.1955    0.3115    0.1923    0.0216
65      B         A           65           GLU        80.36         665  312  26  8.941  6.473  1.039   0.1811    0.2913    0.1774    0.0055
66      B         A           66           GLY        89.78         665  312  36  8.941  6.473  1.621   0.1868    0.2971    0.1816    0.0138
67      B         A           67           ARG        90.53         665  312  40  8.941  6.473  1.826   0.1911    0.3046    0.1872    0.0181
68      B         A           68           VAL        93.13         665  312  49  8.941  6.473  2.217   0.2011    0.3240    0.2016    0.0290
69      B         A           69           THR        94.66         665  312  46  8.941  6.473  2.095   0.1987    0.3255    0.2029    0.0262
70      B         A           70           ILE        93.33         665  312  52  8.941  6.473  2.332   0.2036    0.3299    0.2062    0.0329
71      B         A           71           SER        93.29         665  312  50  8.941  6.473  2.256   0.2004    0.3242    0.2019    0.0301
72      B         A           72           ALA        87.26         665  312  49  8.941  6.473  2.217   0.1971    0.3210    0.1995    0.0286
73      B         A           73           ASP        85.29         665  312  46  8.941  6.473  2.095   0.1926    0.3154    0.1952    0.0250
74      B         A           74           PRO        68.87         665  312  44  8.941  6.473  2.010   0.1895    0.3113    0.1922    0.0226
75      B         A           75           THR        70.10         665  312  47  8.941  6.473  2.137   0.1979    0.3227    0.2007    0.0268
76      B         A           76           ASN        81.66         665  312  44  8.941  6.473  2.010   0.1912    0.3086    0.1901    0.0222
77      B         A           77           ASN        81.20         665  312  46  8.941  6.473  2.095   0.1943    0.3212    0.1995    0.0256
78      B         A           78           THR        92.90         665  312  50  8.941  6.473  2.256   0.2013    0.3287    0.2053    0.0307
79      B         A           79           ALA        94.13         665  312  50  8.941  6.473  2.256   0.2009    0.3301    0.2063    0.0309
80      B         A           80           TYR        97.13         665  312  54  8.941  6.473  2.405   0.2078    0.3332    0.2089    0.0356
81      B         A           81           LEU        98.00         665  312  54  8.941  6.473  2.405   0.2084    0.3340    0.2093    0.0356
82      B         A           82           THR        97.37         665  312  58  8.941  6.473  2.544   0.2099    0.3297    0.2062    0.0390
83      B         A           83           ILE        95.61         665  312  49  8.941  6.473  2.217   0.2025    0.3238    0.2015    0.0290
84      B         A           84           SER        94.02         665  312  50  8.941  6.473  2.256   0.1999    0.3204    0.1990    0.0295
85      B         A           85           ASN        91.01         665  312  44  8.941  6.473  2.010   0.1971    0.3159    0.1955    0.0230
86      B         A           86           LEU        92.32         665  312  46  8.941  6.473  2.095   0.1977    0.3158    0.1955    0.0250
87      B         A           87           THR        87.19         665  312  42  8.941  6.473  1.920   0.1942    0.3068    0.1887    0.0201
88      B         A           88           PRO        84.68         665  312  35  8.941  6.473  1.566   0.1883    0.2981    0.1823    0.0129
89      B         A           89           GLU        85.51         665  312  41  8.941  6.473  1.873   0.1928    0.3068    0.1887    0.0192
90      B         A           90           ASP        91.64         665  312  47  8.941  6.473  2.137   0.1981    0.3186    0.1975    0.0263
91      B         A           91           THR        91.75         665  312  48  8.941  6.473  2.177   0.2030    0.3217    0.1999    0.0277
92      B         A           92           ALA        93.04         665  312  49  8.941  6.473  2.217   0.2052    0.3200    0.1987    0.0285
93      B         A           93           THR        96.58         665  312  51  8.941  6.473  2.294   0.2057    0.3275    0.2044    0.0316
94      B         A           94           TYR        98.12         665  312  57  8.941  6.473  2.510   0.2111    0.3326    0.2084    0.0385
95      B         A           95           TYR        97.81         665  312  55  8.941  6.473  2.441   0.2087    0.3323    0.2081    0.0364
96      B         A           96           CYS        95.00         665  312  59  8.941  6.473  2.578   0.2070    0.3252    0.2028    0.0391
97      B         A           97           ALA        93.64         665  312  49  8.941  6.473  2.217   0.2020    0.3311    0.2072    0.0301
98      B         A           98           LEU        85.83         665  312  56  8.941  6.473  2.476   0.2078    0.3342    0.2097    0.0378
99      B         A           99           GLY        81.78         665  312  48  8.941  6.473  2.177   0.2033    0.3206    0.1992    0.0276
100     B         A          100           PRO        63.41         665  312  48  8.941  6.473  2.177   0.2026    0.3117    0.1925    0.0264
101     B         A          101           GLY        64.28         665  312  41  8.941  6.473  1.873   0.2006    0.3033    0.1863    0.0189
102     B         A          102           GLU        54.53         665  312  55  8.941  6.473  2.441   0.2074    0.3072    0.1892    0.0323
103     B         A          103           VAL        47.64         665  312  76  8.941  6.473  3.081   0.2218    0.3195    0.1986    0.0536
104     B         A          104           VAL        51.72         665  312  55  8.941  6.473  2.441   0.2115    0.3156    0.1953    0.0336
105     B         A          105           PHE        41.30         665  312  52  8.941  6.473  2.332   0.2027    0.3144    0.1945    0.0306
106     B         A          106           ALA        37.04         665  312  37  8.941  6.473  1.675   0.1945    0.3017    0.1850    0.0150
107     B         A          107           SER        36.51         665  312  23  8.941  6.473  1.039   0.1819    0.2899    0.1764    0.0055
108     B         A          108           SER        34.42         665  312  33  8.941  6.473  1.450   0.1877    0.2978    0.1821    0.0111
109     B         A          109           PRO        34.70         665  312  27  8.941  6.473  1.039   0.1849    0.2925    0.1783    0.0056
110     B         A          110           PHE        35.79         665  312  33  8.941  6.473  1.450   0.1875    0.2975    0.1819    0.0111
111     B         A          111           ASP        43.03         665  312  38  8.941  6.473  1.726   0.1911    0.3035    0.1864    0.0161
112     B         A          112           ILE        41.06         665  312  56  8.941  6.473  2.476   0.2074    0.3201    0.1988    0.0353
113     B         A          113           ASP        55.23         665  312  54  8.941  6.473  2.405   0.2082    0.3164    0.1959    0.0327
114     B         A          114           VAL        63.69         665  312  63  8.941  6.473  2.706   0.2166    0.3206    0.1992    0.0420
115     B         A          115           LEU        61.65         665  312  50  8.941  6.473  2.256   0.2072    0.3142    0.1943    0.0287
116     B         A          116           THR        63.65         665  312  48  8.941  6.473  2.177   0.2067    0.3091    0.1904    0.0260
117     B         A          117           GLY        73.03         665  312  37  8.941  6.473  1.675   0.1940    0.3046    0.1872    0.0153
118     B         A          118           ALA        81.74         665  312  47  8.941  6.473  2.137   0.2038    0.3198    0.1985    0.0265
119     B         A          119           LEU        89.67         665  312  56  8.941  6.473  2.476   0.2096    0.3317    0.2078    0.0374
120     B         A          120           TRP        79.71         665  312  54  8.941  6.473  2.405   0.2090    0.3325    0.2082    0.0354
121     B         A          121           VAL        85.37         665  312  56  8.941  6.473  2.476   0.2077    0.3271    0.2041    0.0365
122     B         A          122           TRP        95.64         665  312  53  8.941  6.473  2.369   0.2049    0.3300    0.2064    0.0340
123     B         A          123           GLY        95.55         665  312  50  8.941  6.473  2.256   0.2031    0.3268    0.2039    0.0305
124     B         A          124           GLU        92.53         665  312  48  8.941  6.473  2.177   0.1984    0.3152    0.1951    0.0269
125     B         A          125           GLY        97.07         665  312  45  8.941  6.473  2.053   0.1953    0.3107    0.1918    0.0235
126     B         A          126           THR        97.12         665  312  51  8.941  6.473  2.294   0.2054    0.3283    0.2050    0.0317
127     B         A          127           LYS        95.95         665  312  46  8.941  6.473  2.095   0.1992    0.3193    0.1982    0.0254
128     B         A          128           VAL        96.01         665  312  48  8.941  6.473  2.177   0.2047    0.3261    0.2031    0.0282
129     B         A          129           THR        92.25         665  312  44  8.941  6.473  2.010   0.1954    0.3124    0.1930    0.0227
130     B         A          130           VAL        91.04         665  312  39  8.941  6.473  1.777   0.1943    0.3059    0.1880    0.0172
131     B         A          131           THR        86.62         665  312  14  8.941  6.473  1.039   0.1719    0.2788    0.1685    0.0052
132     B         A          132           GLY        82.04         665  312  0  8.941  6.473  1.039   0.1181    0.0000    0.0000    0.0000
133     B         A          133           GLY        60.55         665  312  0  8.941  6.473  1.039   0.0869    0.0000    0.0000    0.0000
134     B         A          134           GLY        52.18         665  312  0  8.941  6.473  1.039   0.0870    0.0000    0.0000    0.0000
135     B         A          135           SER        47.30         665  312  0  8.941  6.473  1.039   0.0891    0.0000    0.0000    0.0000
136     B         A          136           GLY        47.19         665  312  0  8.941  6.473  1.039   0.0880    0.0000    0.0000    0.0000
137     B         A          137           GLY        46.13         665  312  0  8.941  6.473  1.039   0.0886    0.0000    0.0000    0.0000
138     B         A          138           GLY        47.86         665  312  0  8.941  6.473  1.039   0.0917    0.0000    0.0000    0.0000
139     B         A          139           SER        45.18         665  312  0  8.941  6.473  1.039   0.0956    0.0000    0.0000    0.0000
140     B         A          140           GLY        48.89         665  312  0  8.941  6.473  1.039   0.0963    0.0000    0.0000    0.0000
141     B         A          141           GLY        46.85         665  312  0  8.941  6.473  1.039   0.1052    0.0000    0.0000    0.0000
142     B         A          142           GLY        47.68         665  312  0  8.941  6.473  1.039   0.1146    0.0000    0.0000    0.0000
143     B         A          143           SER        57.49         665  312  0  8.941  6.473  1.039   0.1298    0.0000    0.0000    0.0000
144     B         A          144           ILE        78.57         665  312  23  8.941  6.473  1.039   0.1825    0.2844    0.1725    0.0053
145     B         A          145           THR        83.08         665  312  33  8.941  6.473  1.450   0.1854    0.2931    0.1788    0.0108
146     B         A          146           VAL        90.09         665  312  36  8.941  6.473  1.621   0.1908    0.3093    0.1906    0.0146
147     B         A          147           THR        94.35         665  312  44  8.941  6.473  2.010   0.1960    0.3109    0.1919    0.0225
148     B         A          148           GLN        96.47         665  312  38  8.941  6.473  1.726   0.1907    0.3108    0.1917    0.0167
149     B         A          149           SER        95.05         665  312  23  8.941  6.473  1.039   0.1765    0.2911    0.1773    0.0055
150     B         A          150           PRO        93.71         665  312  19  8.941  6.473  1.039   0.1752    0.2915    0.1776    0.0055
151     B         A          151           SER        92.08         665  312  18  8.941  6.473  1.039   0.1760    0.2858    0.1735    0.0054
152     B         A          152           SER        93.02         665  312  22  8.941  6.473  1.039   0.1776    0.2892    0.1759    0.0055
153     B         A          153           PRO        94.27         665  312  22  8.941  6.473  1.039   0.1786    0.2920    0.1779    0.0056
154     B         A          154           SER        95.93         665  312  30  8.941  6.473  1.258   0.1824    0.2904    0.1768    0.0081
155     B         A          155           LEU        96.37         665  312  33  8.941  6.473  1.450   0.1862    0.3005    0.1841    0.0112
156     B         A          156           LYS        96.08         665  312  28  8.941  6.473  1.116   0.1826    0.2930    0.1787    0.0064
157     B         A          157           VAL        96.73         665  312  38  8.941  6.473  1.726   0.1932    0.3115    0.1922    0.0167
158     B         A          158           GLY        97.35         665  312  34  8.941  6.473  1.509   0.1880    0.3063    0.1883    0.0125
159     B         A          159           GLU        96.54         665  312  36  8.941  6.473  1.621   0.1923    0.3145    0.1943    0.0150
160     B         A          160           THR        97.36         665  312  46  8.941  6.473  2.095   0.1984    0.3182    0.1973    0.0253
161     B         A          161           ALA        97.61         665  312  46  8.941  6.473  2.095   0.1986    0.3160    0.1956    0.0250
162     B         A          162           THR        97.02         665  312  43  8.941  6.473  1.965   0.1957    0.3176    0.1969    0.0223
163     B         A          163           LEU        98.00         665  312  48  8.941  6.473  2.177   0.1992    0.3221    0.2003    0.0278
164     B         A          164           THR        97.73         665  312  46  8.941  6.473  2.095   0.1984    0.3166    0.1962    0.0251
165     B         A          165           CYS        97.02         665  312  46  8.941  6.473  2.095   0.1983    0.3175    0.1967    0.0252
166     B         A          166           THR        96.60         665  312  48  8.941  6.473  2.177   0.2012    0.3175    0.1968    0.0272
167     B         A          167           LEU        92.33         665  312  51  8.941  6.473  2.294   0.2032    0.3256    0.2029    0.0313
168     B         A          168           SER        88.84         665  312  44  8.941  6.473  2.010   0.1960    0.3071    0.1890    0.0221
169     B         A          169           ALA        82.68         665  312  49  8.941  6.473  2.217   0.2004    0.3129    0.1934    0.0275
170     B         A          170           PRO        79.69         665  312  47  8.941  6.473  2.137   0.1998    0.3216    0.1999    0.0267
171     B         A          171           VAL        78.99         665  312  45  8.941  6.473  2.053   0.1988    0.3183    0.1973    0.0243
172     B         A          172           ALA        67.34         665  312  42  8.941  6.473  1.920   0.1959    0.3138    0.1940    0.0209
173     B         A          173           LYS        73.95         665  312  42  8.941  6.473  1.920   0.1929    0.3123    0.1929    0.0207
174     B         A          174           SER        63.56         665  312  40  8.941  6.473  1.826   0.1951    0.3117    0.1924    0.0187
175     B         A          175           ASN        76.82         665  312  44  8.941  6.473  2.010   0.1990    0.3200    0.1987    0.0235
176     B         A          176           VAL        90.66         665  312  49  8.941  6.473  2.217   0.2014    0.3233    0.2013    0.0290
177     B         A          177           ALA        92.07         665  312  47  8.941  6.473  2.137   0.2016    0.3258    0.2032    0.0273
178     B         A          178           TRP        98.09         665  312  55  8.941  6.473  2.441   0.2072    0.3317    0.2077    0.0363
179     B         A          179           TYR        97.58         665  312  56  8.941  6.473  2.476   0.2056    0.3263    0.2037    0.0365
180     B         A          180           LYS        98.17         665  312  51  8.941  6.473  2.294   0.2044    0.3266    0.2037    0.0314
181     B         A          181           GLN        97.28         665  312  47  8.941  6.473  2.137   0.2011    0.3229    0.2009    0.0269
182     B         A          182           LEU        95.64         665  312  49  8.941  6.473  2.217   0.2033    0.3285    0.2051    0.0297
183     B         A          183           PRO        90.32         665  312  35  8.941  6.473  1.566   0.1862    0.2965    0.1812    0.0128
184     B         A          184           GLY        92.08         665  312  35  8.941  6.473  1.566   0.1860    0.2964    0.1812    0.0128
185     B         A          185           GLN        94.56         665  312  46  8.941  6.473  2.095   0.1976    0.3215    0.1998    0.0257
186     B         A          186           PRO        94.66         665  312  49  8.941  6.473  2.217   0.2013    0.3250    0.2024    0.0292
187     B         A          187           PRO        96.58         665  312  48  8.941  6.473  2.177   0.2011    0.3257    0.2029    0.0282
188     B         A          188           GLU        93.54         665  312  52  8.941  6.473  2.332   0.2037    0.3262    0.2033    0.0323
189     B         A          189           LEU        91.85         665  312  60  8.941  6.473  2.611   0.2119    0.3299    0.2064    0.0410
190     B         A          190           LEU        97.02         665  312  57  8.941  6.473  2.510   0.2082    0.3288    0.2055    0.0378
191     B         A          191           ILE        94.34         665  312  58  8.941  6.473  2.544   0.2099    0.3311    0.2074    0.0393
192     B         A          192           TYR        83.66         665  312  60  8.941  6.473  2.611   0.2114    0.3257    0.2033    0.0403
193     B         A          193           GLY        78.50         665  312  42  8.941  6.473  1.920   0.2000    0.3138    0.1940    0.0209
194     B         A          194           GLY        88.13         665  312  40  8.941  6.473  1.826   0.1945    0.3156    0.1953    0.0191
195     B         A          195           SER        83.41         665  312  47  8.941  6.473  2.137   0.1967    0.3160    0.1957    0.0260
196     B         A          196           THR        77.37         665  312  52  8.941  6.473  2.332   0.2048    0.3229    0.2010    0.0319
197     B         A          197           ARG        88.79         665  312  49  8.941  6.473  2.217   0.2003    0.3224    0.2005    0.0288
198     B         A          198           ALA        86.08         665  312  56  8.941  6.473  2.476   0.2052    0.3178    0.1972    0.0350
199     B         A          199           SER        72.27         665  312  48  8.941  6.473  2.177   0.1992    0.3136    0.1938    0.0266
200     B         A          200           GLY        85.60         665  312  44  8.941  6.473  2.010   0.1931    0.3095    0.1908    0.0223
201     B         A          201           VAL        93.43         665  312  45  8.941  6.473  2.053   0.1978    0.3202    0.1988    0.0245
202     B         A          202           PRO        95.12         665  312  45  8.941  6.473  2.053   0.1940    0.3114    0.1923    0.0235
203     B         A          203           SER        90.65         665  312  46  8.941  6.473  2.095   0.1957    0.3112    0.1920    0.0244
204     B         A          204           ARG        96.13         665  312  38  8.941  6.473  1.726   0.1912    0.3089    0.1903    0.0165
205     B         A          205           TYR        97.60         665  312  47  8.941  6.473  2.137   0.2001    0.3261    0.2034    0.0273
206     B         A          206           SER        95.43         665  312  52  8.941  6.473  2.332   0.2026    0.3254    0.2029    0.0323
207     B         A          207           GLY        95.54         665  312  44  8.941  6.473  2.010   0.1970    0.3196    0.1984    0.0235
208     B         A          208           SER        94.37         665  312  47  8.941  6.473  2.137   0.1972    0.3135    0.1938    0.0257
209     B         A          209           GLY        92.71         665  312  29  8.941  6.473  1.189   0.1815    0.2972    0.1818    0.0075
210     B         A          210           SER        85.27         665  312  36  8.941  6.473  1.621   0.1891    0.3046    0.1871    0.0143
211     B         A          211           GLY        86.94         665  312  34  8.941  6.473  1.509   0.1896    0.3050    0.1874    0.0124
212     B         A          212           THR        92.12         665  312  48  8.941  6.473  2.177   0.2000    0.3151    0.1950    0.0268
213     B         A          213           THR        95.25         665  312  49  8.941  6.473  2.217   0.2016    0.3209    0.1993    0.0286
214     B         A          214           PHE        96.12         665  312  47  8.941  6.473  2.137   0.2000    0.3220    0.2002    0.0268
215     B         A          215           THR        96.84         665  312  47  8.941  6.473  2.137   0.2005    0.3225    0.2005    0.0268
216     B         A          216           LEU        98.35         665  312  49  8.941  6.473  2.217   0.2020    0.3259    0.2032    0.0293
217     B         A          217           THR        97.97         665  312  54  8.941  6.473  2.405   0.2045    0.3258    0.2033    0.0344
218     B         A          218           ILE        97.95         665  312  46  8.941  6.473  2.095   0.1984    0.3234    0.2012    0.0259
219     B         A          219           SER        95.93         665  312  38  8.941  6.473  1.726   0.1894    0.3096    0.1908    0.0166
220     B         A          220           SER        96.82         665  312  40  8.941  6.473  1.826   0.1898    0.3066    0.1886    0.0182
221     B         A          221           LEU        96.97         665  312  45  8.941  6.473  2.053   0.1961    0.3139    0.1941    0.0238
222     B         A          222           GLN        96.79         665  312  45  8.941  6.473  2.053   0.1943    0.3107    0.1917    0.0234
223     B         A          223           PRO        95.56         665  312  37  8.941  6.473  1.675   0.1893    0.3034    0.1862    0.0151
224     B         A          224           GLU        94.17         665  312  33  8.941  6.473  1.450   0.1844    0.3025    0.1856    0.0113
225     B         A          225           ASP        97.41         665  312  44  8.941  6.473  2.010   0.1940    0.3152    0.1950    0.0230
226     B         A          226           PHE        97.38         665  312  47  8.941  6.473  2.137   0.2021    0.3226    0.2006    0.0268
227     B         A          227           ALA        97.26         665  312  43  8.941  6.473  1.965   0.1941    0.3086    0.1902    0.0213
228     B         A          228           THR        97.30         665  312  47  8.941  6.473  2.137   0.2022    0.3224    0.2004    0.0268
229     B         A          229           TYR        98.60         665  312  55  8.941  6.473  2.441   0.2065    0.3259    0.2033    0.0354
230     B         A          230           TYR        97.61         665  312  52  8.941  6.473  2.332   0.2059    0.3285    0.2051    0.0327
231     B         A          231           CYS        94.85         665  312  46  8.941  6.473  2.095   0.1966    0.3192    0.1981    0.0254
232     B         A          232           GLN        93.25         665  312  48  8.941  6.473  2.177   0.1960    0.3175    0.1969    0.0272
233     B         A          233           VAL        88.99         665  312  50  8.941  6.473  2.256   0.2038    0.3198    0.1985    0.0294
234     B         A          234           VAL        82.18         665  312  43  8.941  6.473  1.965   0.1999    0.3174    0.1967    0.0222
235     B         A          235           GLY        74.61         665  312  37  8.941  6.473  1.675   0.1925    0.3012    0.1847    0.0150
236     B         A          236           LYS        68.01         665  312  43  8.941  6.473  1.965   0.1982    0.3098    0.1909    0.0214
237     B         A          237           ASN        72.01         665  312  44  8.941  6.473  2.010   0.1955    0.3087    0.1901    0.0222
238     B         A          238           PRO        84.81         665  312  45  8.941  6.473  2.053   0.1955    0.3093    0.1906    0.0233
239     B         A          239           SER        85.78         665  312  43  8.941  6.473  1.965   0.1934    0.3101    0.1912    0.0214
240     B         A          240           PHE        92.98         665  312  50  8.941  6.473  2.256   0.2022    0.3168    0.1963    0.0290
241     B         A          241           GLY        94.14         665  312  46  8.941  6.473  2.095   0.1956    0.3097    0.1911    0.0243
242     B         A          242           GLN        92.23         665  312  42  8.941  6.473  1.920   0.1938    0.3086    0.1902    0.0203
243     B         A          243           GLY        96.47         665  312  36  8.941  6.473  1.621   0.1892    0.3058    0.1880    0.0144
244     B         A          244           THR        97.68         665  312  49  8.941  6.473  2.217   0.2032    0.3242    0.2019    0.0291
245     B         A          245           LEU        96.48         665  312  46  8.941  6.473  2.095   0.2006    0.3191    0.1980    0.0254
246     B         A          246           LEU        97.62         665  312  45  8.941  6.473  2.053   0.1973    0.3161    0.1957    0.0240
247     B         A          247           LYS        96.00         665  312  32  8.941  6.473  1.388   0.1859    0.3049    0.1873    0.0105
248     B         A          248           LEU        95.25         665  312  28  8.941  6.473  1.116   0.1817    0.2906    0.1769    0.0064
249     B         A          249           LYS        87.40         665  312  0  8.941  6.473  1.039   0.1357    0.0000    0.0000    0.0000
