i,AlignChn,ScoredChain,AlignResNum,AlignResType,AlignRespLDDT,n0chn,n0dom,n0res,d0chn,d0dom,d0res,ipTM_pae,ipSAE_d0chn,ipSAE_d0dom,ipSAE 
250     A         B            1           ILE        92.15         665  650  0  8.941  8.858  1.039   0.1370    0.0000    0.0000    0.0000
251     A         B            2           CYS        94.58         665  650  0  8.941  8.858  1.039   0.1715    0.0000    0.0000    0.0000
252     A         B            3           LEU        92.06         665  650  0  8.941  8.858  1.039   0.1774    0.0000    0.0000    0.0000
253     A         B            4           GLN        94.62         665  650  0  8.941  8.858  1.039   0.1810    0.0000    0.0000    0.0000
254     A         B            5           LYS        95.73         665  650  0  8.941  8.858  1.039   0.1943    0.0000    0.0000    0.0000
255     A         B            6           THR        95.37         665  650  0  8.941  8.858  1.039   0.1802    0.0000    0.0000    0.0000
256     A         B            7           SER        91.05         665  650  0  8.941  8.858  1.039   0.1603    0.0000    0.0000    0.0000
257     A         B            8           ASN        91.93         665  650  0  8.941  8.858  1.039   0.1553    0.0000    0.0000    0.0000
258     A         B            9           GLN        91.38         665  650  0  8.941  8.858  1.039   0.1681    0.0000    0.0000    0.0000
259     A         B           10           ILE        95.09         665  650  5  8.941  8.858  1.039   0.2027    0.2712    0.2675    0.0050
260     A         B           11           LEU        96.97         665  650  170  8.941  8.858  4.861   0.2827    0.2988    0.2949    0.1122
261     A         B           12           LYS        92.81         665  650  192  8.941  8.858  5.162   0.2900    0.3025    0.2986    0.1267
262     A         B           13           PRO        96.09         665  650  249  8.941  8.858  5.841   0.3313    0.3313    0.3272    0.1751
263     A         B           14           LYS        90.59         665  650  249  8.941  8.858  5.841   0.3612    0.3612    0.3569    0.1952
264     A         B           15           LEU        85.16         665  650  249  8.941  8.858  5.841   0.3962    0.3962    0.3917    0.2196
265     A         B           16           ILE        82.54         665  650  249  8.941  8.858  5.841   0.3607    0.3607    0.3565    0.1948
266     A         B           17           SER        58.43         665  650  199  8.941  8.858  5.253   0.2913    0.3029    0.2990    0.1307
267     A         B           18           TYR        56.79         665  650  193  8.941  8.858  5.175   0.2871    0.3002    0.2963    0.1260
268     A         B           19           THR        55.56         665  650  230  8.941  8.858  5.629   0.3155    0.3209    0.3169    0.1582
269     A         B           20           LEU        62.09         665  650  244  8.941  8.858  5.786   0.3270    0.3285    0.3244    0.1705
270     A         B           21           PRO        52.71         665  650  144  8.941  8.858  4.465   0.2707    0.2925    0.2887    0.0937
271     A         B           22           VAL        60.14         665  650  209  8.941  8.858  5.378   0.2944    0.3037    0.2998    0.1366
272     A         B           23           VAL        57.69         665  650  205  8.941  8.858  5.329   0.2927    0.3026    0.2987    0.1338
273     A         B           24           GLY        59.27         665  650  73  8.941  8.858  3.000   0.2471    0.2849    0.2811    0.0430
274     A         B           25           GLN        59.28         665  650  110  8.941  8.858  3.858   0.2611    0.2892    0.2853    0.0706
275     A         B           26           SER        61.62         665  650  74  8.941  8.858  3.027   0.2462    0.2893    0.2855    0.0448
276     A         B           27           GLY        71.60         665  650  204  8.941  8.858  5.316   0.3003    0.3131    0.3092    0.1395
277     A         B           28           THR        77.40         665  650  248  8.941  8.858  5.830   0.3405    0.3409    0.3367    0.1811
278     A         B           29           CYS        78.03         665  650  249  8.941  8.858  5.841   0.3700    0.3700    0.3657    0.2015
279     A         B           30           ILE        84.93         665  650  249  8.941  8.858  5.841   0.4272    0.4272    0.4226    0.2425
280     A         B           31           THR        85.93         665  650  249  8.941  8.858  5.841   0.4272    0.4272    0.4227    0.2426
281     A         B           32           ASP        92.80         665  650  249  8.941  8.858  5.841   0.4186    0.4186    0.4141    0.2362
282     A         B           33           PRO        93.48         665  650  249  8.941  8.858  5.841   0.4414    0.4414    0.4369    0.2536
283     A         B           34           LEU        96.79         665  650  249  8.941  8.858  5.841   0.4391    0.4391    0.4345    0.2515
284     A         B           35           LEU        96.52         665  650  249  8.941  8.858  5.841   0.4620    0.4620    0.4574    0.2691
285     A         B           36           ALA        98.35         665  650  249  8.941  8.858  5.841   0.4546    0.4546    0.4500    0.2634
286     A         B           37           MET        96.28         665  650  249  8.941  8.858  5.841   0.4342    0.4342    0.4296    0.2477
287     A         B           38           ASP        95.27         665  650  249  8.941  8.858  5.841   0.3748    0.3748    0.3705    0.2046
288     A         B           39           GLU        93.12         665  650  249  8.941  8.858  5.841   0.3933    0.3933    0.3888    0.2177
289     A         B           40           GLY        92.63         665  650  249  8.941  8.858  5.841   0.3665    0.3665    0.3622    0.1987
290     A         B           41           TYR        94.72         665  650  249  8.941  8.858  5.841   0.4540    0.4540    0.4494    0.2630
291     A         B           42           PHE        94.71         665  650  249  8.941  8.858  5.841   0.4707    0.4707    0.4661    0.2761
292     A         B           43           ALA        97.54         665  650  249  8.941  8.858  5.841   0.4603    0.4603    0.4556    0.2679
293     A         B           44           TYR        92.99         665  650  249  8.941  8.858  5.841   0.4558    0.4558    0.4512    0.2643
294     A         B           45           SER        96.33         665  650  249  8.941  8.858  5.841   0.4355    0.4355    0.4310    0.2489
295     A         B           46           HIS        91.27         665  650  249  8.941  8.858  5.841   0.4443    0.4443    0.4397    0.2555
296     A         B           47           LEU        91.91         665  650  249  8.941  8.858  5.841   0.4397    0.4397    0.4352    0.2522
297     A         B           48           GLU        85.66         665  650  249  8.941  8.858  5.841   0.4139    0.4139    0.4094    0.2327
298     A         B           49           ARG        82.42         665  650  249  8.941  8.858  5.841   0.3750    0.3750    0.3706    0.2049
299     A         B           50           ILE        80.36         665  650  249  8.941  8.858  5.841   0.3716    0.3716    0.3673    0.2025
300     A         B           51           GLY        73.66         665  650  194  8.941  8.858  5.188   0.2912    0.3063    0.3023    0.1300
301     A         B           52           SER        70.90         665  650  207  8.941  8.858  5.354   0.2998    0.3114    0.3074    0.1401
302     A         B           53           CYS        70.61         665  650  225  8.941  8.858  5.570   0.3146    0.3215    0.3175    0.1560
303     A         B           54           SER        65.29         665  650  155  8.941  8.858  4.639   0.2772    0.3015    0.2975    0.1046
304     A         B           55           ARG        69.34         665  650  144  8.941  8.858  4.465   0.2741    0.3002    0.2963    0.0971
305     A         B           56           GLY        77.85         665  650  191  8.941  8.858  5.149   0.2915    0.3071    0.3031    0.1287
306     A         B           57           VAL        83.73         665  650  243  8.941  8.858  5.775   0.3427    0.3449    0.3408    0.1810
307     A         B           58           SER        87.48         665  650  241  8.941  8.858  5.753   0.3365    0.3392    0.3351    0.1761
308     A         B           59           LYS        85.84         665  650  247  8.941  8.858  5.819   0.3503    0.3510    0.3468    0.1874
309     A         B           60           GLN        86.70         665  650  249  8.941  8.858  5.841   0.3708    0.3708    0.3665    0.2020
310     A         B           61           ARG        93.39         665  650  249  8.941  8.858  5.841   0.4286    0.4286    0.4241    0.2439
311     A         B           62           ILE        88.36         665  650  249  8.941  8.858  5.841   0.4247    0.4247    0.4202    0.2407
312     A         B           63           ILE        95.43         665  650  249  8.941  8.858  5.841   0.4599    0.4599    0.4553    0.2677
313     A         B           64           GLY        90.88         665  650  249  8.941  8.858  5.841   0.4294    0.4294    0.4249    0.2445
314     A         B           65           VAL        92.10         665  650  249  8.941  8.858  5.841   0.4675    0.4675    0.4629    0.2737
315     A         B           66           GLY        87.74         665  650  249  8.941  8.858  5.841   0.4428    0.4428    0.4383    0.2546
316     A         B           67           GLU        81.11         665  650  249  8.941  8.858  5.841   0.4167    0.4167    0.4122    0.2346
317     A         B           68           VAL        90.37         665  650  249  8.941  8.858  5.841   0.4136    0.4136    0.4091    0.2322
318     A         B           69           LEU        77.98         665  650  245  8.941  8.858  5.797   0.3467    0.3481    0.3439    0.1842
319     A         B           70           ASP        78.51         665  650  189  8.941  8.858  5.123   0.2906    0.3055    0.3015    0.1265
320     A         B           71           ARG        67.25         665  650  7  8.941  8.858  1.039   0.2028    0.2666    0.2630    0.0049
321     A         B           72           GLY        69.61         665  650  1  8.941  8.858  1.039   0.1945    0.2647    0.2610    0.0048
322     A         B           73           ASP        76.57         665  650  1  8.941  8.858  1.039   0.1959    0.2673    0.2636    0.0049
323     A         B           74           GLU        84.98         665  650  79  8.941  8.858  3.160   0.2486    0.2868    0.2830    0.0479
324     A         B           75           VAL        87.58         665  650  245  8.941  8.858  5.797   0.3384    0.3396    0.3355    0.1785
325     A         B           76           PRO        91.59         665  650  249  8.941  8.858  5.841   0.3573    0.3573    0.3530    0.1925
326     A         B           77           SER        82.34         665  650  249  8.941  8.858  5.841   0.3588    0.3588    0.3545    0.1936
327     A         B           78           LEU        85.78         665  650  249  8.941  8.858  5.841   0.4140    0.4140    0.4095    0.2324
328     A         B           79           PHE        77.78         665  650  249  8.941  8.858  5.841   0.4191    0.4191    0.4146    0.2362
329     A         B           80           MET        80.20         665  650  249  8.941  8.858  5.841   0.4171    0.4171    0.4126    0.2348
330     A         B           81           THR        81.06         665  650  249  8.941  8.858  5.841   0.4076    0.4076    0.4031    0.2278
331     A         B           82           ASN        83.56         665  650  249  8.941  8.858  5.841   0.4394    0.4394    0.4348    0.2518
332     A         B           83           VAL        81.93         665  650  249  8.941  8.858  5.841   0.4535    0.4535    0.4489    0.2627
333     A         B           84           TRP        89.51         665  650  249  8.941  8.858  5.841   0.4727    0.4727    0.4680    0.2780
334     A         B           85           THR        87.14         665  650  249  8.941  8.858  5.841   0.4374    0.4374    0.4329    0.2504
335     A         B           86           PRO        91.43         665  650  249  8.941  8.858  5.841   0.4247    0.4247    0.4202    0.2411
336     A         B           87           PRO        87.76         665  650  249  8.941  8.858  5.841   0.3966    0.3966    0.3921    0.2203
337     A         B           88           ASN        89.84         665  650  249  8.941  8.858  5.841   0.4135    0.4135    0.4090    0.2325
338     A         B           89           PRO        90.88         665  650  249  8.941  8.858  5.841   0.3923    0.3923    0.3879    0.2174
339     A         B           90           ASN        89.82         665  650  249  8.941  8.858  5.841   0.4187    0.4187    0.4142    0.2364
340     A         B           91           THR        92.87         665  650  249  8.941  8.858  5.841   0.4435    0.4435    0.4389    0.2553
341     A         B           92           VAL        96.32         665  650  249  8.941  8.858  5.841   0.4604    0.4604    0.4558    0.2685
342     A         B           93           TYR        96.93         665  650  249  8.941  8.858  5.841   0.4500    0.4500    0.4454    0.2600
343     A         B           94           HIS        98.20         665  650  249  8.941  8.858  5.841   0.4702    0.4702    0.4656    0.2758
344     A         B           95           CYS        98.38         665  650  249  8.941  8.858  5.841   0.4735    0.4735    0.4689    0.2788
345     A         B           96           SER        98.85         665  650  249  8.941  8.858  5.841   0.4761    0.4761    0.4714    0.2808
346     A         B           97           ALA        98.76         665  650  249  8.941  8.858  5.841   0.4684    0.4684    0.4638    0.2745
347     A         B           98           VAL        98.75         665  650  249  8.941  8.858  5.841   0.4783    0.4783    0.4737    0.2823
348     A         B           99           TYR        97.85         665  650  249  8.941  8.858  5.841   0.4703    0.4703    0.4657    0.2759
349     A         B          100           ASN        96.03         665  650  249  8.941  8.858  5.841   0.4280    0.4280    0.4235    0.2431
350     A         B          101           ASN        90.11         665  650  249  8.941  8.858  5.841   0.3775    0.3775    0.3732    0.2064
351     A         B          102           GLU        87.88         665  650  249  8.941  8.858  5.841   0.3755    0.3755    0.3711    0.2051
352     A         B          103           PHE        93.86         665  650  249  8.941  8.858  5.841   0.4760    0.4760    0.4714    0.2806
353     A         B          104           TYR        97.29         665  650  249  8.941  8.858  5.841   0.4874    0.4874    0.4828    0.2898
354     A         B          105           TYR        97.69         665  650  249  8.941  8.858  5.841   0.5065    0.5065    0.5019    0.3058
355     A         B          106           VAL        98.27         665  650  249  8.941  8.858  5.841   0.4855    0.4855    0.4808    0.2882
356     A         B          107           LEU        98.65         665  650  249  8.941  8.858  5.841   0.5199    0.5199    0.5153    0.3175
357     A         B          108           CYS        98.13         665  650  249  8.941  8.858  5.841   0.4979    0.4979    0.4933    0.2993
358     A         B          109           ALA        97.95         665  650  249  8.941  8.858  5.841   0.4978    0.4978    0.4931    0.2988
359     A         B          110           VAL        95.39         665  650  249  8.941  8.858  5.841   0.4934    0.4934    0.4888    0.2953
360     A         B          111           SER        94.83         665  650  249  8.941  8.858  5.841   0.4777    0.4777    0.4731    0.2825
361     A         B          112           THR        87.52         665  650  249  8.941  8.858  5.841   0.4706    0.4706    0.4660    0.2769
362     A         B          113           VAL        90.24         665  650  249  8.941  8.858  5.841   0.4701    0.4701    0.4655    0.2763
363     A         B          114           GLY        90.12         665  650  249  8.941  8.858  5.841   0.4461    0.4461    0.4415    0.2576
364     A         B          115           ASP        93.09         665  650  249  8.941  8.858  5.841   0.4703    0.4703    0.4657    0.2763
365     A         B          116           PRO        96.49         665  650  249  8.941  8.858  5.841   0.4646    0.4646    0.4600    0.2718
366     A         B          117           ILE        96.41         665  650  249  8.941  8.858  5.841   0.4759    0.4759    0.4713    0.2806
367     A         B          118           LEU        92.88         665  650  249  8.941  8.858  5.841   0.4670    0.4670    0.4624    0.2737
368     A         B          119           ASN        92.44         665  650  249  8.941  8.858  5.841   0.4602    0.4602    0.4556    0.2684
369     A         B          120           SER        92.96         665  650  249  8.941  8.858  5.841   0.4613    0.4613    0.4567    0.2694
370     A         B          121           THR        89.58         665  650  249  8.941  8.858  5.841   0.4659    0.4659    0.4613    0.2728
371     A         B          122           TYR        89.83         665  650  249  8.941  8.858  5.841   0.5030    0.5030    0.4983    0.3031
372     A         B          123           TRP        93.56         665  650  249  8.941  8.858  5.841   0.4985    0.4985    0.4938    0.2992
373     A         B          124           SER        90.89         665  650  249  8.941  8.858  5.841   0.4807    0.4807    0.4761    0.2852
374     A         B          125           GLY        94.18         665  650  249  8.941  8.858  5.841   0.4708    0.4708    0.4662    0.2772
375     A         B          126           SER        92.69         665  650  249  8.941  8.858  5.841   0.4858    0.4858    0.4812    0.2892
376     A         B          127           LEU        96.67         665  650  249  8.941  8.858  5.841   0.5042    0.5042    0.4996    0.3044
377     A         B          128           MET        94.10         665  650  249  8.941  8.858  5.841   0.4953    0.4953    0.4906    0.2972
378     A         B          129           MET        95.62         665  650  249  8.941  8.858  5.841   0.5032    0.5032    0.4985    0.3035
379     A         B          130           THR        94.34         665  650  249  8.941  8.858  5.841   0.4927    0.4927    0.4880    0.2943
380     A         B          131           ARG        92.95         665  650  249  8.941  8.858  5.841   0.4934    0.4934    0.4888    0.2949
381     A         B          132           LEU        92.91         665  650  249  8.941  8.858  5.841   0.4938    0.4938    0.4891    0.2949
382     A         B          133           ALA        88.15         665  650  249  8.941  8.858  5.841   0.4698    0.4698    0.4651    0.2756
383     A         B          134           VAL        89.07         665  650  249  8.941  8.858  5.841   0.4343    0.4343    0.4297    0.2478
384     A         B          135           LYS        77.86         665  650  245  8.941  8.858  5.797   0.3408    0.3422    0.3380    0.1802
385     A         B          136           PRO        73.41         665  650  173  8.941  8.858  4.904   0.2785    0.2952    0.2913    0.1121
386     A         B          137           LYS        65.48         665  650  69  8.941  8.858  2.887   0.2451    0.2837    0.2799    0.0397
387     A         B          138           SER        56.62         665  650  0  8.941  8.858  1.039   0.1909    0.0000    0.0000    0.0000
388     A         B          139           ASN        58.56         665  650  0  8.941  8.858  1.039   0.1779    0.0000    0.0000    0.0000
389     A         B          140           GLY        60.76         665  650  14  8.941  8.858  1.039   0.2149    0.2755    0.2717    0.0051
390     A         B          141           GLY        59.72         665  650  53  8.941  8.858  2.369   0.2374    0.2796    0.2758    0.0266
391     A         B          142           GLY        62.77         665  650  93  8.941  8.858  3.498   0.2561    0.2879    0.2840    0.0584
392     A         B          143           TYR        65.90         665  650  230  8.941  8.858  5.629   0.3124    0.3178    0.3137    0.1562
393     A         B          144           ASN        78.12         665  650  249  8.941  8.858  5.841   0.3627    0.3627    0.3584    0.1963
394     A         B          145           GLN        80.15         665  650  249  8.941  8.858  5.841   0.4292    0.4292    0.4246    0.2439
395     A         B          146           HIS        84.28         665  650  249  8.941  8.858  5.841   0.4626    0.4626    0.4580    0.2700
396     A         B          147           GLN        84.68         665  650  249  8.941  8.858  5.841   0.4737    0.4737    0.4691    0.2789
397     A         B          148           LEU        88.98         665  650  249  8.941  8.858  5.841   0.4642    0.4642    0.4596    0.2712
398     A         B          149           ALA        79.31         665  650  249  8.941  8.858  5.841   0.4062    0.4062    0.4017    0.2273
399     A         B          150           LEU        87.91         665  650  249  8.941  8.858  5.841   0.4427    0.4427    0.4382    0.2548
400     A         B          151           ARG        79.26         665  650  249  8.941  8.858  5.841   0.4119    0.4119    0.4075    0.2318
401     A         B          152           SER        82.03         665  650  249  8.941  8.858  5.841   0.4172    0.4172    0.4127    0.2358
402     A         B          153           ILE        93.11         665  650  249  8.941  8.858  5.841   0.4956    0.4956    0.4910    0.2970
403     A         B          154           GLU        93.92         665  650  249  8.941  8.858  5.841   0.4842    0.4842    0.4796    0.2872
404     A         B          155           LYS        94.28         665  650  249  8.941  8.858  5.841   0.4953    0.4953    0.4907    0.2966
405     A         B          156           GLY        95.07         665  650  249  8.941  8.858  5.841   0.4656    0.4656    0.4610    0.2726
406     A         B          157           ARG        93.59         665  650  249  8.941  8.858  5.841   0.4696    0.4696    0.4650    0.2759
407     A         B          158           TYR        97.25         665  650  249  8.941  8.858  5.841   0.5013    0.5013    0.4966    0.3015
408     A         B          159           ASP        95.65         665  650  249  8.941  8.858  5.841   0.4836    0.4836    0.4790    0.2866
409     A         B          160           LYS        96.78         665  650  249  8.941  8.858  5.841   0.4911    0.4911    0.4865    0.2932
410     A         B          161           VAL        97.92         665  650  249  8.941  8.858  5.841   0.5102    0.5102    0.5055    0.3092
411     A         B          162           MET        98.18         665  650  249  8.941  8.858  5.841   0.4817    0.4817    0.4771    0.2856
412     A         B          163           PRO        98.86         665  650  249  8.941  8.858  5.841   0.4895    0.4895    0.4848    0.2919
413     A         B          164           TYR        98.77         665  650  249  8.941  8.858  5.841   0.4725    0.4725    0.4679    0.2776
414     A         B          165           GLY        98.78         665  650  249  8.941  8.858  5.841   0.4326    0.4326    0.4280    0.2472
415     A         B          166           PRO        98.12         665  650  249  8.941  8.858  5.841   0.4181    0.4181    0.4136    0.2359
416     A         B          167           SER        98.24         665  650  249  8.941  8.858  5.841   0.4047    0.4047    0.4002    0.2262
417     A         B          168           GLY        98.82         665  650  249  8.941  8.858  5.841   0.4013    0.4013    0.3969    0.2237
418     A         B          169           ILE        98.31         665  650  249  8.941  8.858  5.841   0.4706    0.4706    0.4659    0.2762
419     A         B          170           LYS        96.86         665  650  249  8.941  8.858  5.841   0.4496    0.4496    0.4450    0.2597
420     A         B          171           GLN        94.45         665  650  249  8.941  8.858  5.841   0.4175    0.4175    0.4130    0.2353
421     A         B          172           GLY        93.30         665  650  249  8.941  8.858  5.841   0.3735    0.3735    0.3692    0.2036
422     A         B          173           ASP        90.91         665  650  249  8.941  8.858  5.841   0.4012    0.4012    0.3968    0.2237
423     A         B          174           THR        97.28         665  650  249  8.941  8.858  5.841   0.4653    0.4653    0.4606    0.2719
424     A         B          175           LEU        98.42         665  650  249  8.941  8.858  5.841   0.5006    0.5006    0.4959    0.3009
425     A         B          176           TYR        98.73         665  650  249  8.941  8.858  5.841   0.5109    0.5109    0.5062    0.3095
426     A         B          177           PHE        98.94         665  650  249  8.941  8.858  5.841   0.5030    0.5030    0.4984    0.3029
427     A         B          178           PRO        98.94         665  650  249  8.941  8.858  5.841   0.4860    0.4860    0.4814    0.2889
428     A         B          179           ALA        98.92         665  650  249  8.941  8.858  5.841   0.4814    0.4814    0.4768    0.2854
429     A         B          180           VAL        98.83         665  650  249  8.941  8.858  5.841   0.4873    0.4873    0.4827    0.2898
430     A         B          181           GLY        98.47         665  650  249  8.941  8.858  5.841   0.4776    0.4776    0.4730    0.2825
431     A         B          182           PHE        97.21         665  650  249  8.941  8.858  5.841   0.5039    0.5039    0.4993    0.3038
432     A         B          183           LEU        97.20         665  650  249  8.941  8.858  5.841   0.4953    0.4953    0.4907    0.2966
433     A         B          184           VAL        96.29         665  650  249  8.941  8.858  5.841   0.4826    0.4826    0.4780    0.2860
434     A         B          185           ARG        92.60         665  650  249  8.941  8.858  5.841   0.4553    0.4553    0.4507    0.2643
435     A         B          186           THR        92.51         665  650  249  8.941  8.858  5.841   0.4407    0.4407    0.4362    0.2531
436     A         B          187           GLU        93.01         665  650  249  8.941  8.858  5.841   0.4497    0.4497    0.4451    0.2598
437     A         B          188           PHE        95.06         665  650  249  8.941  8.858  5.841   0.4517    0.4517    0.4471    0.2615
438     A         B          189           LYS        91.87         665  650  249  8.941  8.858  5.841   0.4079    0.4079    0.4035    0.2288
439     A         B          190           TYR        95.40         665  650  249  8.941  8.858  5.841   0.3998    0.3998    0.3954    0.2226
440     A         B          191           ASN        93.73         665  650  245  8.941  8.858  5.797   0.3696    0.3715    0.3672    0.2002
441     A         B          192           ASP        90.38         665  650  244  8.941  8.858  5.786   0.3422    0.3441    0.3400    0.1810
442     A         B          193           SER        92.26         665  650  233  8.941  8.858  5.663   0.3315    0.3372    0.3331    0.1703
443     A         B          194           ASN        92.51         665  650  233  8.941  8.858  5.663   0.3241    0.3294    0.3253    0.1653
444     A         B          195           CYS        94.23         665  650  236  8.941  8.858  5.697   0.3307    0.3352    0.3310    0.1708
445     A         B          196           PRO        89.52         665  650  221  8.941  8.858  5.523   0.3136    0.3223    0.3183    0.1543
446     A         B          197           ILE        90.46         665  650  159  8.941  8.858  4.699   0.2808    0.3032    0.2992    0.1076
447     A         B          198           THR        89.24         665  650  84  8.941  8.858  3.286   0.2459    0.2901    0.2863    0.0524
448     A         B          199           LYS        85.43         665  650  22  8.941  8.858  1.039   0.2132    0.2756    0.2718    0.0051
449     A         B          200           CYS        91.97         665  650  112  8.941  8.858  3.897   0.2596    0.2920    0.2882    0.0728
450     A         B          201           GLN        88.52         665  650  37  8.941  8.858  1.675   0.2238    0.2808    0.2770    0.0135
451     A         B          202           TYR        88.51         665  650  167  8.941  8.858  4.818   0.2847    0.3063    0.3023    0.1140
452     A         B          203           SER        92.39         665  650  225  8.941  8.858  5.570   0.3158    0.3234    0.3193    0.1572
453     A         B          204           LYS        92.88         665  650  246  8.941  8.858  5.808   0.3595    0.3608    0.3566    0.1934
454     A         B          205           PRO        94.41         665  650  246  8.941  8.858  5.808   0.3721    0.3735    0.3691    0.2021
455     A         B          206           GLU        92.56         665  650  249  8.941  8.858  5.841   0.3787    0.3787    0.3743    0.2073
456     A         B          207           ASN        94.38         665  650  249  8.941  8.858  5.841   0.4042    0.4042    0.3997    0.2255
457     A         B          208           CYS        96.09         665  650  249  8.941  8.858  5.841   0.4232    0.4232    0.4187    0.2398
458     A         B          209           ARG        95.25         665  650  249  8.941  8.858  5.841   0.4316    0.4316    0.4271    0.2458
459     A         B          210           LEU        94.11         665  650  249  8.941  8.858  5.841   0.4401    0.4401    0.4355    0.2523
460     A         B          211           SER        95.49         665  650  249  8.941  8.858  5.841   0.4113    0.4113    0.4068    0.2309
461     A         B          212           MET        96.85         665  650  249  8.941  8.858  5.841   0.4295    0.4295    0.4249    0.2444
462     A         B          213           GLY        95.64         665  650  249  8.941  8.858  5.841   0.3878    0.3878    0.3834    0.2142
463     A         B          214           ILE        93.72         665  650  249  8.941  8.858  5.841   0.4053    0.4053    0.4008    0.2266
464     A         B          215           ARG        88.30         665  650  247  8.941  8.858  5.819   0.3707    0.3716    0.3673    0.2015
465     A         B          216           PRO        88.46         665  650  245  8.941  8.858  5.797   0.3573    0.3591    0.3548    0.1920
466     A         B          217           ASN        88.06         665  650  244  8.941  8.858  5.786   0.3644    0.3669    0.3626    0.1966
467     A         B          218           SER        92.73         665  650  249  8.941  8.858  5.841   0.4152    0.4152    0.4107    0.2341
468     A         B          219           HIS        94.46         665  650  249  8.941  8.858  5.841   0.4488    0.4488    0.4442    0.2594
469     A         B          220           TYR        95.89         665  650  249  8.941  8.858  5.841   0.4705    0.4705    0.4659    0.2766
470     A         B          221           ILE        97.19         665  650  249  8.941  8.858  5.841   0.4665    0.4665    0.4619    0.2731
471     A         B          222           LEU        98.19         665  650  249  8.941  8.858  5.841   0.4668    0.4668    0.4622    0.2732
472     A         B          223           ARG        98.41         665  650  249  8.941  8.858  5.841   0.4765    0.4765    0.4719    0.2812
473     A         B          224           SER        98.66         665  650  249  8.941  8.858  5.841   0.4646    0.4646    0.4600    0.2718
474     A         B          225           GLY        98.86         665  650  249  8.941  8.858  5.841   0.4472    0.4472    0.4426    0.2583
475     A         B          226           LEU        98.79         665  650  249  8.941  8.858  5.841   0.5033    0.5033    0.4987    0.3032
476     A         B          227           LEU        98.81         665  650  249  8.941  8.858  5.841   0.5149    0.5149    0.5103    0.3132
477     A         B          228           LYS        98.09         665  650  249  8.941  8.858  5.841   0.4919    0.4919    0.4872    0.2937
478     A         B          229           TYR        97.50         665  650  249  8.941  8.858  5.841   0.4898    0.4898    0.4851    0.2919
479     A         B          230           ASN        95.04         665  650  249  8.941  8.858  5.841   0.4569    0.4569    0.4523    0.2656
480     A         B          231           LEU        92.87         665  650  249  8.941  8.858  5.841   0.4451    0.4451    0.4406    0.2562
481     A         B          232           SER        88.77         665  650  248  8.941  8.858  5.830   0.3401    0.3404    0.3363    0.1807
482     A         B          233           ASP        80.21         665  650  246  8.941  8.858  5.808   0.3375    0.3385    0.3343    0.1782
483     A         B          234           GLY        78.71         665  650  136  8.941  8.858  4.333   0.2708    0.2984    0.2945    0.0912
484     A         B          235           GLU        72.61         665  650  202  8.941  8.858  5.291   0.3029    0.3162    0.3122    0.1400
485     A         B          236           ASN        77.35         665  650  234  8.941  8.858  5.674   0.3293    0.3343    0.3302    0.1693
486     A         B          237           PRO        83.25         665  650  249  8.941  8.858  5.841   0.3736    0.3736    0.3693    0.2043
487     A         B          238           LYS        87.85         665  650  249  8.941  8.858  5.841   0.4058    0.4058    0.4013    0.2271
488     A         B          239           VAL        95.93         665  650  249  8.941  8.858  5.841   0.4783    0.4783    0.4737    0.2826
489     A         B          240           VAL        97.07         665  650  249  8.941  8.858  5.841   0.4810    0.4810    0.4764    0.2846
490     A         B          241           PHE        98.07         665  650  249  8.941  8.858  5.841   0.4973    0.4973    0.4927    0.2983
491     A         B          242           ILE        98.50         665  650  249  8.941  8.858  5.841   0.4961    0.4961    0.4914    0.2971
492     A         B          243           GLU        97.66         665  650  249  8.941  8.858  5.841   0.4659    0.4659    0.4613    0.2724
493     A         B          244           ILE        98.15         665  650  249  8.941  8.858  5.841   0.4604    0.4604    0.4558    0.2681
494     A         B          245           SER        94.38         665  650  249  8.941  8.858  5.841   0.3771    0.3771    0.3727    0.2064
495     A         B          246           ASP        91.49         665  650  249  8.941  8.858  5.841   0.3658    0.3658    0.3615    0.1983
496     A         B          247           GLN        92.77         665  650  244  8.941  8.858  5.786   0.3346    0.3364    0.3322    0.1757
497     A         B          248           ARG        93.01         665  650  245  8.941  8.858  5.797   0.3442    0.3458    0.3416    0.1827
498     A         B          249           LEU        95.84         665  650  249  8.941  8.858  5.841   0.3943    0.3943    0.3899    0.2187
499     A         B          250           SER        96.89         665  650  249  8.941  8.858  5.841   0.3977    0.3977    0.3933    0.2211
500     A         B          251           ILE        97.34         665  650  249  8.941  8.858  5.841   0.4276    0.4276    0.4230    0.2429
501     A         B          252           GLY        98.40         665  650  249  8.941  8.858  5.841   0.3903    0.3903    0.3858    0.2157
502     A         B          253           SER        97.87         665  650  249  8.941  8.858  5.841   0.4235    0.4235    0.4190    0.2400
503     A         B          254           PRO        98.37         665  650  249  8.941  8.858  5.841   0.4563    0.4563    0.4517    0.2650
504     A         B          255           SER        98.76         665  650  249  8.941  8.858  5.841   0.4473    0.4473    0.4427    0.2579
505     A         B          256           LYS        98.86         665  650  249  8.941  8.858  5.841   0.4486    0.4486    0.4440    0.2588
506     A         B          257           ILE        98.86         665  650  249  8.941  8.858  5.841   0.4721    0.4721    0.4675    0.2773
507     A         B          258           TYR        98.31         665  650  249  8.941  8.858  5.841   0.4517    0.4517    0.4471    0.2610
508     A         B          259           ASP        95.49         665  650  249  8.941  8.858  5.841   0.4144    0.4144    0.4099    0.2332
509     A         B          260           SER        96.61         665  650  249  8.941  8.858  5.841   0.3871    0.3871    0.3827    0.2133
510     A         B          261           LEU        91.22         665  650  233  8.941  8.858  5.663   0.3160    0.3203    0.3163    0.1595
511     A         B          262           GLY        94.46         665  650  246  8.941  8.858  5.808   0.3480    0.3491    0.3449    0.1853
512     A         B          263           GLN        93.31         665  650  249  8.941  8.858  5.841   0.3840    0.3840    0.3796    0.2112
513     A         B          264           PRO        97.13         665  650  249  8.941  8.858  5.841   0.4221    0.4221    0.4176    0.2388
514     A         B          265           VAL        98.27         665  650  249  8.941  8.858  5.841   0.4547    0.4547    0.4501    0.2635
515     A         B          266           PHE        98.77         665  650  249  8.941  8.858  5.841   0.4704    0.4704    0.4658    0.2760
516     A         B          267           TYR        98.91         665  650  249  8.941  8.858  5.841   0.4511    0.4511    0.4465    0.2606
517     A         B          268           GLN        98.78         665  650  249  8.941  8.858  5.841   0.4486    0.4486    0.4440    0.2588
518     A         B          269           ALA        98.28         665  650  249  8.941  8.858  5.841   0.4414    0.4414    0.4368    0.2533
519     A         B          270           SER        97.04         665  650  249  8.941  8.858  5.841   0.4083    0.4083    0.4038    0.2287
520     A         B          271           PHE        96.36         665  650  249  8.941  8.858  5.841   0.4314    0.4314    0.4269    0.2459
521     A         B          272           SER        94.95         665  650  249  8.941  8.858  5.841   0.3968    0.3968    0.3924    0.2205
522     A         B          273           TRP        95.31         665  650  249  8.941  8.858  5.841   0.4238    0.4238    0.4193    0.2401
523     A         B          274           ASP        96.30         665  650  249  8.941  8.858  5.841   0.4084    0.4084    0.4039    0.2286
524     A         B          275           THR        94.93         665  650  249  8.941  8.858  5.841   0.3990    0.3990    0.3945    0.2218
525     A         B          276           MET        95.97         665  650  249  8.941  8.858  5.841   0.3982    0.3982    0.3938    0.2211
526     A         B          277           ILE        98.63         665  650  249  8.941  8.858  5.841   0.4186    0.4186    0.4141    0.2361
527     A         B          278           LYS        98.26         665  650  249  8.941  8.858  5.841   0.4230    0.4230    0.4185    0.2394
528     A         B          279           PHE        98.61         665  650  249  8.941  8.858  5.841   0.4161    0.4161    0.4116    0.2342
529     A         B          280           GLY        97.93         665  650  248  8.941  8.858  5.830   0.3585    0.3588    0.3546    0.1932
530     A         B          281           ASP        96.22         665  650  249  8.941  8.858  5.841   0.4204    0.4204    0.4159    0.2374
531     A         B          282           VAL        97.32         665  650  249  8.941  8.858  5.841   0.4625    0.4625    0.4579    0.2697
532     A         B          283           LEU        94.31         665  650  249  8.941  8.858  5.841   0.4179    0.4179    0.4134    0.2353
533     A         B          284           THR        94.81         665  650  249  8.941  8.858  5.841   0.4205    0.4205    0.4159    0.2372
534     A         B          285           VAL        95.75         665  650  249  8.941  8.858  5.841   0.4215    0.4215    0.4169    0.2380
535     A         B          286           ASN        94.34         665  650  249  8.941  8.858  5.841   0.3904    0.3904    0.3860    0.2154
536     A         B          287           PRO        94.75         665  650  249  8.941  8.858  5.841   0.3903    0.3903    0.3858    0.2154
537     A         B          288           LEU        98.00         665  650  249  8.941  8.858  5.841   0.4509    0.4509    0.4463    0.2605
538     A         B          289           VAL        96.46         665  650  249  8.941  8.858  5.841   0.4553    0.4553    0.4507    0.2639
539     A         B          290           VAL        97.77         665  650  249  8.941  8.858  5.841   0.4562    0.4562    0.4516    0.2646
540     A         B          291           ASN        96.55         665  650  249  8.941  8.858  5.841   0.4314    0.4314    0.4268    0.2455
541     A         B          292           TRP        97.97         665  650  249  8.941  8.858  5.841   0.4460    0.4460    0.4414    0.2567
542     A         B          293           ARG        98.04         665  650  249  8.941  8.858  5.841   0.4061    0.4061    0.4016    0.2268
543     A         B          294           ASN        94.68         665  650  246  8.941  8.858  5.808   0.3499    0.3510    0.3468    0.1866
544     A         B          295           ASN        97.84         665  650  249  8.941  8.858  5.841   0.3709    0.3709    0.3666    0.2018
545     A         B          296           THR        95.36         665  650  249  8.941  8.858  5.841   0.3597    0.3597    0.3555    0.1942
546     A         B          297           VAL        96.93         665  650  249  8.941  8.858  5.841   0.3582    0.3582    0.3539    0.1931
547     A         B          298           ILE        98.26         665  650  249  8.941  8.858  5.841   0.4146    0.4146    0.4101    0.2331
548     A         B          299           SER        96.41         665  650  249  8.941  8.858  5.841   0.3952    0.3952    0.3907    0.2190
549     A         B          300           ARG        96.41         665  650  249  8.941  8.858  5.841   0.3934    0.3934    0.3890    0.2178
550     A         B          301           PRO        91.85         665  650  249  8.941  8.858  5.841   0.3879    0.3879    0.3835    0.2139
551     A         B          302           GLY        89.22         665  650  243  8.941  8.858  5.775   0.3288    0.3308    0.3267    0.1717
552     A         B          303           GLN        78.96         665  650  243  8.941  8.858  5.775   0.3322    0.3342    0.3301    0.1739
553     A         B          304           SER        75.68         665  650  212  8.941  8.858  5.415   0.3095    0.3201    0.3160    0.1480
554     A         B          305           GLN        80.33         665  650  243  8.941  8.858  5.775   0.3316    0.3337    0.3296    0.1736
555     A         B          306           CYS        90.08         665  650  247  8.941  8.858  5.819   0.3642    0.3651    0.3608    0.1969
556     A         B          307           PRO        87.81         665  650  249  8.941  8.858  5.841   0.3688    0.3688    0.3645    0.2006
557     A         B          308           ARG        91.17         665  650  249  8.941  8.858  5.841   0.3711    0.3711    0.3668    0.2020
558     A         B          309           PHE        90.25         665  650  249  8.941  8.858  5.841   0.3804    0.3804    0.3760    0.2085
559     A         B          310           ASN        90.50         665  650  249  8.941  8.858  5.841   0.3734    0.3734    0.3691    0.2037
560     A         B          311           THR        91.39         665  650  247  8.941  8.858  5.819   0.3533    0.3540    0.3498    0.1893
561     A         B          312           CYS        93.62         665  650  246  8.941  8.858  5.808   0.3643    0.3656    0.3613    0.1967
562     A         B          313           PRO        95.26         665  650  249  8.941  8.858  5.841   0.3802    0.3802    0.3759    0.2086
563     A         B          314           GLU        91.15         665  650  248  8.941  8.858  5.830   0.3829    0.3834    0.3790    0.2102
564     A         B          315           ILE        92.28         665  650  249  8.941  8.858  5.841   0.4045    0.4045    0.4000    0.2259
565     A         B          316           CYS        90.04         665  650  249  8.941  8.858  5.841   0.4038    0.4038    0.3993    0.2254
566     A         B          317           TRP        92.82         665  650  249  8.941  8.858  5.841   0.4347    0.4347    0.4301    0.2486
567     A         B          318           GLU        89.94         665  650  249  8.941  8.858  5.841   0.4018    0.4018    0.3974    0.2242
568     A         B          319           GLY        93.63         665  650  248  8.941  8.858  5.830   0.3769    0.3774    0.3730    0.2062
569     A         B          320           VAL        94.49         665  650  249  8.941  8.858  5.841   0.4095    0.4095    0.4050    0.2297
570     A         B          321           TYR        97.55         665  650  249  8.941  8.858  5.841   0.4190    0.4190    0.4145    0.2366
571     A         B          322           ASN        98.55         665  650  249  8.941  8.858  5.841   0.4214    0.4214    0.4169    0.2382
572     A         B          323           ASP        97.85         665  650  249  8.941  8.858  5.841   0.4019    0.4019    0.3974    0.2240
573     A         B          324           ALA        98.60         665  650  249  8.941  8.858  5.841   0.4084    0.4084    0.4039    0.2287
574     A         B          325           PHE        98.29         665  650  249  8.941  8.858  5.841   0.4484    0.4484    0.4439    0.2587
575     A         B          326           LEU        97.47         665  650  249  8.941  8.858  5.841   0.4378    0.4378    0.4332    0.2507
576     A         B          327           ILE        97.16         665  650  249  8.941  8.858  5.841   0.4105    0.4105    0.4060    0.2301
577     A         B          328           ASP        94.94         665  650  249  8.941  8.858  5.841   0.3732    0.3732    0.3689    0.2035
578     A         B          329           ARG        93.97         665  650  247  8.941  8.858  5.819   0.3354    0.3360    0.3319    0.1771
579     A         B          330           ILE        90.69         665  650  244  8.941  8.858  5.786   0.3315    0.3330    0.3289    0.1735
580     A         B          331           ASN        94.45         665  650  247  8.941  8.858  5.819   0.3500    0.3508    0.3465    0.1869
581     A         B          332           TRP        97.19         665  650  249  8.941  8.858  5.841   0.3974    0.3974    0.3929    0.2205
582     A         B          333           ILE        97.79         665  650  249  8.941  8.858  5.841   0.4283    0.4283    0.4238    0.2434
583     A         B          334           SER        98.54         665  650  249  8.941  8.858  5.841   0.4054    0.4054    0.4010    0.2263
584     A         B          335           ALA        98.59         665  650  249  8.941  8.858  5.841   0.4189    0.4189    0.4144    0.2364
585     A         B          336           GLY        98.88         665  650  249  8.941  8.858  5.841   0.3666    0.3666    0.3623    0.1988
586     A         B          337           VAL        98.70         665  650  249  8.941  8.858  5.841   0.4277    0.4277    0.4231    0.2427
587     A         B          338           PHE        98.36         665  650  249  8.941  8.858  5.841   0.4199    0.4199    0.4154    0.2369
588     A         B          339           LEU        95.05         665  650  249  8.941  8.858  5.841   0.4332    0.4332    0.4287    0.2471
589     A         B          340           ASP        93.60         665  650  249  8.941  8.858  5.841   0.3789    0.3789    0.3746    0.2075
590     A         B          341           SER        89.32         665  650  249  8.941  8.858  5.841   0.3630    0.3630    0.3588    0.1966
591     A         B          342           ASN        86.82         665  650  246  8.941  8.858  5.808   0.3566    0.3578    0.3536    0.1913
592     A         B          343           GLN        79.72         665  650  246  8.941  8.858  5.808   0.3457    0.3468    0.3426    0.1838
593     A         B          344           THR        86.55         665  650  249  8.941  8.858  5.841   0.3547    0.3547    0.3504    0.1909
594     A         B          345           ALA        88.75         665  650  249  8.941  8.858  5.841   0.3847    0.3847    0.3803    0.2116
595     A         B          346           GLU        86.42         665  650  249  8.941  8.858  5.841   0.3985    0.3985    0.3941    0.2215
596     A         B          347           ASN        93.24         665  650  249  8.941  8.858  5.841   0.4116    0.4116    0.4071    0.2309
597     A         B          348           PRO        95.95         665  650  249  8.941  8.858  5.841   0.4135    0.4135    0.4090    0.2323
598     A         B          349           VAL        97.71         665  650  249  8.941  8.858  5.841   0.4084    0.4084    0.4039    0.2285
599     A         B          350           PHE        98.63         665  650  249  8.941  8.858  5.841   0.4286    0.4286    0.4240    0.2435
600     A         B          351           THR        98.28         665  650  249  8.941  8.858  5.841   0.3751    0.3751    0.3708    0.2046
601     A         B          352           VAL        98.52         665  650  249  8.941  8.858  5.841   0.4302    0.4302    0.4257    0.2448
602     A         B          353           PHE        98.52         665  650  249  8.941  8.858  5.841   0.4245    0.4245    0.4200    0.2404
603     A         B          354           LYS        97.97         665  650  248  8.941  8.858  5.830   0.3553    0.3557    0.3515    0.1909
604     A         B          355           ASP        97.40         665  650  243  8.941  8.858  5.775   0.3226    0.3243    0.3203    0.1674
605     A         B          356           ASN        95.84         665  650  240  8.941  8.858  5.742   0.3269    0.3296    0.3255    0.1692
606     A         B          357           GLU        95.81         665  650  218  8.941  8.858  5.488   0.3009    0.3079    0.3039    0.1440
607     A         B          358           ILE        96.74         665  650  249  8.941  8.858  5.841   0.3857    0.3857    0.3813    0.2121
608     A         B          359           LEU        97.84         665  650  249  8.941  8.858  5.841   0.3899    0.3899    0.3855    0.2152
609     A         B          360           TYR        97.43         665  650  234  8.941  8.858  5.674   0.3107    0.3144    0.3104    0.1564
610     A         B          361           ARG        94.56         665  650  184  8.941  8.858  5.056   0.2879    0.3025    0.2986    0.1222
611     A         B          362           ALA        96.99         665  650  249  8.941  8.858  5.841   0.3576    0.3576    0.3533    0.1928
612     A         B          363           GLN        94.23         665  650  249  8.941  8.858  5.841   0.3515    0.3515    0.3473    0.1887
613     A         B          364           LEU        95.77         665  650  249  8.941  8.858  5.841   0.3863    0.3863    0.3819    0.2126
614     A         B          365           ALA        88.72         665  650  249  8.941  8.858  5.841   0.3456    0.3456    0.3414    0.1846
615     A         B          366           SER        84.73         665  650  241  8.941  8.858  5.753   0.3346    0.3371    0.3330    0.1748
616     A         B          367           GLU        83.39         665  650  246  8.941  8.858  5.808   0.3470    0.3481    0.3439    0.1849
617     A         B          368           ASP        77.60         665  650  244  8.941  8.858  5.786   0.3468    0.3486    0.3444    0.1840
618     A         B          369           THR        84.83         665  650  249  8.941  8.858  5.841   0.4064    0.4064    0.4019    0.2272
619     A         B          370           ASN        82.01         665  650  249  8.941  8.858  5.841   0.4039    0.4039    0.3995    0.2255
620     A         B          371           ALA        91.13         665  650  249  8.941  8.858  5.841   0.4161    0.4161    0.4116    0.2341
621     A         B          372           GLN        88.80         665  650  249  8.941  8.858  5.841   0.4051    0.4051    0.4007    0.2263
622     A         B          373           LYS        93.72         665  650  249  8.941  8.858  5.841   0.4217    0.4217    0.4172    0.2386
623     A         B          374           THR        98.07         665  650  249  8.941  8.858  5.841   0.4321    0.4321    0.4276    0.2461
624     A         B          375           ILE        98.56         665  650  249  8.941  8.858  5.841   0.4463    0.4463    0.4417    0.2569
625     A         B          376           THR        98.83         665  650  249  8.941  8.858  5.841   0.4373    0.4373    0.4328    0.2501
626     A         B          377           ASN        98.20         665  650  249  8.941  8.858  5.841   0.4396    0.4396    0.4350    0.2519
627     A         B          378           CYS        97.76         665  650  249  8.941  8.858  5.841   0.4376    0.4376    0.4330    0.2505
628     A         B          379           PHE        95.65         665  650  249  8.941  8.858  5.841   0.4241    0.4241    0.4195    0.2401
629     A         B          380           LEU        92.76         665  650  249  8.941  8.858  5.841   0.3952    0.3952    0.3907    0.2189
630     A         B          381           LEU        89.93         665  650  249  8.941  8.858  5.841   0.3547    0.3547    0.3504    0.1907
631     A         B          382           LYS        84.15         665  650  197  8.941  8.858  5.227   0.2945    0.3077    0.3038    0.1323
632     A         B          383           ASN        88.28         665  650  129  8.941  8.858  4.213   0.2651    0.2881    0.2843    0.0826
633     A         B          384           LYS        91.71         665  650  241  8.941  8.858  5.753   0.3336    0.3362    0.3321    0.1741
634     A         B          385           ILE        95.87         665  650  249  8.941  8.858  5.841   0.4093    0.4093    0.4048    0.2291
635     A         B          386           TRP        95.90         665  650  249  8.941  8.858  5.841   0.4426    0.4426    0.4380    0.2542
636     A         B          387           CYS        98.23         665  650  249  8.941  8.858  5.841   0.4350    0.4350    0.4304    0.2485
637     A         B          388           ILE        96.16         665  650  249  8.941  8.858  5.841   0.4524    0.4524    0.4478    0.2618
638     A         B          389           SER        97.96         665  650  249  8.941  8.858  5.841   0.4285    0.4285    0.4239    0.2434
639     A         B          390           LEU        95.53         665  650  249  8.941  8.858  5.841   0.4495    0.4495    0.4449    0.2594
640     A         B          391           VAL        95.40         665  650  249  8.941  8.858  5.841   0.4467    0.4467    0.4421    0.2574
641     A         B          392           GLU        89.50         665  650  249  8.941  8.858  5.841   0.4299    0.4299    0.4254    0.2447
642     A         B          393           ILE        87.67         665  650  249  8.941  8.858  5.841   0.4043    0.4043    0.3999    0.2256
643     A         B          394           TYR        72.31         665  650  249  8.941  8.858  5.841   0.3445    0.3445    0.3403    0.1840
644     A         B          395           ASP        59.79         665  650  127  8.941  8.858  4.177   0.2706    0.2998    0.2959    0.0858
645     A         B          396           THR        52.53         665  650  19  8.941  8.858  1.039   0.2138    0.2889    0.2850    0.0055
646     A         B          397           GLY        52.65         665  650  18  8.941  8.858  1.039   0.2127    0.2875    0.2837    0.0054
647     A         B          398           ASP        51.52         665  650  83  8.941  8.858  3.261   0.2508    0.2931    0.2893    0.0525
648     A         B          399           ASN        55.92         665  650  139  8.941  8.858  4.383   0.2715    0.2994    0.2956    0.0936
649     A         B          400           VAL        63.58         665  650  223  8.941  8.858  5.547   0.3097    0.3166    0.3126    0.1519
650     A         B          401           ILE        68.57         665  650  249  8.941  8.858  5.841   0.3565    0.3565    0.3522    0.1921
651     A         B          402           ARG        76.66         665  650  249  8.941  8.858  5.841   0.3660    0.3660    0.3617    0.1986
652     A         B          403           PRO        86.76         665  650  249  8.941  8.858  5.841   0.4063    0.4063    0.4018    0.2271
653     A         B          404           LYS        88.75         665  650  249  8.941  8.858  5.841   0.4168    0.4168    0.4123    0.2349
654     A         B          405           LEU        91.35         665  650  249  8.941  8.858  5.841   0.4454    0.4454    0.4408    0.2563
655     A         B          406           PHE        95.95         665  650  249  8.941  8.858  5.841   0.4330    0.4330    0.4284    0.2468
656     A         B          407           ALA        94.50         665  650  249  8.941  8.858  5.841   0.4242    0.4242    0.4197    0.2403
657     A         B          408           VAL        97.92         665  650  249  8.941  8.858  5.841   0.4173    0.4173    0.4128    0.2350
658     A         B          409           LYS        95.63         665  650  249  8.941  8.858  5.841   0.3936    0.3936    0.3891    0.2179
659     A         B          410           ILE        96.88         665  650  249  8.941  8.858  5.841   0.3712    0.3712    0.3669    0.2019
660     A         B          411           PRO        94.55         665  650  168  8.941  8.858  4.832   0.2841    0.3037    0.2998    0.1134
661     A         B          412           GLU        88.84         665  650  1  8.941  8.858  1.039   0.1944    0.2721    0.2684    0.0050
662     A         B          413           GLN        87.48         665  650  0  8.941  8.858  1.039   0.1570    0.0000    0.0000    0.0000
663     A         B          414           CYS        91.28         665  650  0  8.941  8.858  1.039   0.1503    0.0000    0.0000    0.0000
664     A         B          415           THR        80.96         665  650  0  8.941  8.858  1.039   0.1089    0.0000    0.0000    0.0000
665     A         B          416           HIS        64.32         665  650  0  8.941  8.858  1.039   0.0887    0.0000    0.0000    0.0000
1       B         A            1           GLY        76.50         665  657  0  8.941  8.897  1.039   0.1022    0.0000    0.0000    0.0000
2       B         A            2           VAL        82.45         665  657  126  8.941  8.897  4.159   0.2391    0.3012    0.2991    0.0856
3       B         A            3           LYS        91.30         665  657  342  8.941  8.897  6.743   0.3211    0.3377    0.3355    0.2259
4       B         A            4           LEU        95.03         665  657  415  8.941  8.897  7.336   0.4067    0.4071    0.4047    0.3177
5       B         A            5           VAL        95.67         665  657  414  8.941  8.897  7.329   0.3966    0.3973    0.3949    0.3083
6       B         A            6           GLN        96.06         665  657  414  8.941  8.897  7.329   0.3862    0.3869    0.3846    0.2991
7       B         A            7           SER        93.43         665  657  331  8.941  8.897  6.646   0.3165    0.3357    0.3336    0.2194
8       B         A            8           GLY        95.17         665  657  276  8.941  8.897  6.124   0.2889    0.3136    0.3115    0.1770
9       B         A            9           ASP        92.01         665  657  370  8.941  8.897  6.980   0.3244    0.3341    0.3319    0.2349
10      B         A           10           LEU        92.95         665  657  363  8.941  8.897  6.922   0.3281    0.3401    0.3379    0.2369
11      B         A           11           THR        92.45         665  657  399  8.941  8.897  7.213   0.3507    0.3551    0.3528    0.2647
12      B         A           12           VAL        90.30         665  657  360  8.941  8.897  6.897   0.3272    0.3402    0.3380    0.2357
13      B         A           13           LYS        88.33         665  657  354  8.941  8.897  6.846   0.3256    0.3399    0.3377    0.2328
14      B         A           14           PRO        86.86         665  657  404  8.941  8.897  7.252   0.3679    0.3714    0.3691    0.2810
15      B         A           15           GLY        88.74         665  657  393  8.941  8.897  7.166   0.3486    0.3545    0.3523    0.2618
16      B         A           16           GLY        91.64         665  657  389  8.941  8.897  7.134   0.3453    0.3520    0.3498    0.2580
17      B         A           17           SER        94.80         665  657  398  8.941  8.897  7.205   0.3569    0.3620    0.3598    0.2705
18      B         A           18           VAL        95.23         665  657  405  8.941  8.897  7.260   0.3678    0.3710    0.3687    0.2813
19      B         A           19           THR        97.26         665  657  414  8.941  8.897  7.329   0.4053    0.4061    0.4038    0.3163
20      B         A           20           LEU        98.00         665  657  415  8.941  8.897  7.336   0.4102    0.4106    0.4082    0.3208
21      B         A           21           SER        97.21         665  657  414  8.941  8.897  7.329   0.4012    0.4019    0.3996    0.3126
22      B         A           22           CYS        97.05         665  657  415  8.941  8.897  7.336   0.4093    0.4097    0.4073    0.3201
23      B         A           23           LYS        95.64         665  657  414  8.941  8.897  7.329   0.3895    0.3902    0.3879    0.3021
24      B         A           24           SER        90.30         665  657  404  8.941  8.897  7.252   0.3653    0.3687    0.3664    0.2789
25      B         A           25           GLU        90.80         665  657  342  8.941  8.897  6.743   0.3239    0.3415    0.3393    0.2289
26      B         A           26           GLY        81.03         665  657  172  8.941  8.897  4.889   0.2573    0.3021    0.3001    0.1150
27      B         A           27           GLY        71.37         665  657  193  8.941  8.897  5.175   0.2684    0.3161    0.3140    0.1348
28      B         A           28           SER        66.65         665  657  296  8.941  8.897  6.322   0.3057    0.3326    0.3304    0.2006
29      B         A           29           PHE        78.12         665  657  347  8.941  8.897  6.786   0.3240    0.3403    0.3381    0.2305
30      B         A           30           GLY        70.52         665  657  389  8.941  8.897  7.134   0.3444    0.3514    0.3492    0.2579
31      B         A           31           ASN        61.42         665  657  389  8.941  8.897  7.134   0.3517    0.3592    0.3569    0.2645
32      B         A           32           SER        74.87         665  657  392  8.941  8.897  7.158   0.3716    0.3794    0.3771    0.2836
33      B         A           33           SER        83.15         665  657  414  8.941  8.897  7.329   0.4045    0.4052    0.4029    0.3161
34      B         A           34           VAL        92.94         665  657  416  8.941  8.897  7.344   0.4479    0.4479    0.4455    0.3558
35      B         A           35           ALA        94.48         665  657  416  8.941  8.897  7.344   0.4334    0.4334    0.4310    0.3421
36      B         A           36           TRP        97.45         665  657  416  8.941  8.897  7.344   0.4715    0.4715    0.4691    0.3776
37      B         A           37           VAL        95.00         665  657  416  8.941  8.897  7.344   0.4526    0.4526    0.4502    0.3596
38      B         A           38           ARG        93.50         665  657  416  8.941  8.897  7.344   0.4339    0.4339    0.4315    0.3424
39      B         A           39           GLN        91.76         665  657  415  8.941  8.897  7.336   0.4177    0.4181    0.4157    0.3276
40      B         A           40           ARG        86.80         665  657  404  8.941  8.897  7.252   0.3727    0.3764    0.3741    0.2857
41      B         A           41           PRO        81.88         665  657  316  8.941  8.897  6.510   0.3169    0.3411    0.3389    0.2165
42      B         A           42           GLY        79.20         665  657  200  8.941  8.897  5.266   0.2644    0.3104    0.3083    0.1355
43      B         A           43           GLY        81.37         665  657  333  8.941  8.897  6.664   0.3213    0.3414    0.3392    0.2248
44      B         A           44           PRO        83.06         665  657  385  8.941  8.897  7.102   0.3511    0.3595    0.3572    0.2630
45      B         A           45           TYR        92.00         665  657  416  8.941  8.897  7.344   0.4276    0.4276    0.4252    0.3368
46      B         A           46           GLU        88.52         665  657  416  8.941  8.897  7.344   0.4362    0.4362    0.4338    0.3445
47      B         A           47           TYR        90.97         665  657  416  8.941  8.897  7.344   0.4612    0.4612    0.4588    0.3678
48      B         A           48           ILE        94.41         665  657  416  8.941  8.897  7.344   0.4516    0.4516    0.4492    0.3590
49      B         A           49           GLY        92.97         665  657  416  8.941  8.897  7.344   0.4270    0.4270    0.4247    0.3363
50      B         A           50           SER        88.35         665  657  416  8.941  8.897  7.344   0.4402    0.4402    0.4378    0.3484
51      B         A           51           ILE        90.45         665  657  416  8.941  8.897  7.344   0.4503    0.4503    0.4479    0.3578
52      B         A           52           ILE        73.89         665  657  416  8.941  8.897  7.344   0.4443    0.4443    0.4419    0.3524
53      B         A           53           PRO        80.82         665  657  415  8.941  8.897  7.336   0.4146    0.4150    0.4127    0.3250
54      B         A           54           ALA        60.65         665  657  414  8.941  8.897  7.329   0.3968    0.3975    0.3952    0.3088
55      B         A           55           TYR        54.92         665  657  415  8.941  8.897  7.336   0.4144    0.4148    0.4125    0.3252
56      B         A           56           GLY        65.23         665  657  408  8.941  8.897  7.283   0.3887    0.3914    0.3891    0.3009
57      B         A           57           VAL        62.97         665  657  415  8.941  8.897  7.336   0.4281    0.4285    0.4261    0.3376
58      B         A           58           SER        76.91         665  657  414  8.941  8.897  7.329   0.4154    0.4163    0.4139    0.3260
59      B         A           59           ARG        73.31         665  657  413  8.941  8.897  7.321   0.4133    0.4146    0.4122    0.3239
60      B         A           60           VAL        85.38         665  657  415  8.941  8.897  7.336   0.4244    0.4248    0.4225    0.3341
61      B         A           61           SER        84.43         665  657  415  8.941  8.897  7.336   0.4175    0.4179    0.4156    0.3277
62      B         A           62           PRO        70.88         665  657  413  8.941  8.897  7.321   0.3950    0.3961    0.3938    0.3072
63      B         A           63           GLU        76.06         665  657  402  8.941  8.897  7.236   0.3718    0.3761    0.3738    0.2846
64      B         A           64           TYR        85.77         665  657  414  8.941  8.897  7.329   0.3925    0.3932    0.3908    0.3048
65      B         A           65           GLU        69.92         665  657  367  8.941  8.897  6.955   0.3473    0.3612    0.3590    0.2565
66      B         A           66           GLY        78.50         665  657  362  8.941  8.897  6.914   0.3453    0.3609    0.3586    0.2541
67      B         A           67           ARG        84.20         665  657  346  8.941  8.897  6.778   0.3339    0.3526    0.3504    0.2396
68      B         A           68           VAL        91.49         665  657  414  8.941  8.897  7.329   0.3962    0.3969    0.3945    0.3081
69      B         A           69           THR        92.65         665  657  414  8.941  8.897  7.329   0.4043    0.4051    0.4027    0.3155
70      B         A           70           ILE        94.47         665  657  416  8.941  8.897  7.344   0.4361    0.4361    0.4338    0.3447
71      B         A           71           SER        92.95         665  657  413  8.941  8.897  7.321   0.4045    0.4057    0.4033    0.3157
72      B         A           72           ALA        89.79         665  657  413  8.941  8.897  7.321   0.3975    0.3985    0.3962    0.3093
73      B         A           73           ASP        89.48         665  657  405  8.941  8.897  7.260   0.3770    0.3804    0.3781    0.2897
74      B         A           74           VAL        74.52         665  657  394  8.941  8.897  7.174   0.3527    0.3586    0.3563    0.2660
75      B         A           75           ALA        80.80         665  657  398  8.941  8.897  7.205   0.3621    0.3673    0.3651    0.2752
76      B         A           76           ASN        87.26         665  657  378  8.941  8.897  7.046   0.3414    0.3508    0.3486    0.2524
77      B         A           77           ASN        87.99         665  657  404  8.941  8.897  7.252   0.3699    0.3734    0.3711    0.2831
78      B         A           78           THR        95.25         665  657  415  8.941  8.897  7.336   0.4183    0.4187    0.4164    0.3282
79      B         A           79           ALA        95.79         665  657  416  8.941  8.897  7.344   0.4219    0.4219    0.4196    0.3316
80      B         A           80           TYR        97.62         665  657  415  8.941  8.897  7.336   0.4240    0.4244    0.4221    0.3334
81      B         A           81           LEU        98.15         665  657  416  8.941  8.897  7.344   0.4413    0.4413    0.4389    0.3494
82      B         A           82           THR        97.01         665  657  415  8.941  8.897  7.336   0.4183    0.4187    0.4164    0.3281
83      B         A           83           ILE        94.68         665  657  415  8.941  8.897  7.336   0.4110    0.4114    0.4090    0.3215
84      B         A           84           SER        91.73         665  657  406  8.941  8.897  7.267   0.3784    0.3815    0.3792    0.2910
85      B         A           85           ASN        87.48         665  657  405  8.941  8.897  7.260   0.3747    0.3780    0.3757    0.2874
86      B         A           86           LEU        91.09         665  657  414  8.941  8.897  7.329   0.3874    0.3881    0.3857    0.3001
87      B         A           87           THR        86.11         665  657  412  8.941  8.897  7.313   0.3805    0.3818    0.3795    0.2936
88      B         A           88           PRO        85.52         665  657  410  8.941  8.897  7.298   0.3785    0.3804    0.3781    0.2916
89      B         A           89           GLU        85.07         665  657  398  8.941  8.897  7.205   0.3576    0.3624    0.3601    0.2707
90      B         A           90           ASP        90.87         665  657  415  8.941  8.897  7.336   0.4016    0.4020    0.3996    0.3130
91      B         A           91           THR        92.22         665  657  415  8.941  8.897  7.336   0.4243    0.4247    0.4223    0.3335
92      B         A           92           ALA        93.16         665  657  415  8.941  8.897  7.336   0.4074    0.4078    0.4054    0.3181
93      B         A           93           THR        94.15         665  657  415  8.941  8.897  7.336   0.4289    0.4293    0.4269    0.3377
94      B         A           94           TYR        97.54         665  657  416  8.941  8.897  7.344   0.4438    0.4438    0.4414    0.3516
95      B         A           95           TYR        96.20         665  657  416  8.941  8.897  7.344   0.4447    0.4447    0.4423    0.3523
96      B         A           96           CYS        95.81         665  657  416  8.941  8.897  7.344   0.4256    0.4256    0.4232    0.3350
97      B         A           97           ALA        95.06         665  657  416  8.941  8.897  7.344   0.4232    0.4232    0.4208    0.3326
98      B         A           98           LEU        89.96         665  657  414  8.941  8.897  7.329   0.4073    0.4081    0.4057    0.3184
99      B         A           99           GLY        84.47         665  657  316  8.941  8.897  6.510   0.3183    0.3434    0.3412    0.2187
100     B         A          100           PRO        63.69         665  657  196  8.941  8.897  5.214   0.2696    0.3200    0.3178    0.1389
101     B         A          101           GLY        52.50         665  657  126  8.941  8.897  4.159   0.2426    0.3059    0.3039    0.0876
102     B         A          102           GLU        46.20         665  657  114  8.941  8.897  3.936   0.2398    0.3075    0.3054    0.0797
103     B         A          103           VAL        45.04         665  657  223  8.941  8.897  5.547   0.2774    0.3130    0.3109    0.1499
104     B         A          104           VAL        44.20         665  657  216  8.941  8.897  5.464   0.2766    0.3166    0.3145    0.1484
105     B         A          105           TYR        39.47         665  657  198  8.941  8.897  5.240   0.2742    0.3242    0.3220    0.1427
106     B         A          106           ALA        40.43         665  657  319  8.941  8.897  6.538   0.3111    0.3329    0.3308    0.2120
107     B         A          107           ALA        35.45         665  657  328  8.941  8.897  6.619   0.3165    0.3376    0.3355    0.2199
108     B         A          108           SER        45.74         665  657  402  8.941  8.897  7.236   0.3724    0.3768    0.3745    0.2852
109     B         A          109           PRO        44.57         665  657  413  8.941  8.897  7.321   0.3961    0.3972    0.3948    0.3080
110     B         A          110           PHE        46.05         665  657  415  8.941  8.897  7.336   0.4291    0.4295    0.4271    0.3380
111     B         A          111           ASP        51.72         665  657  416  8.941  8.897  7.344   0.4172    0.4172    0.4148    0.3271
112     B         A          112           GLU        57.50         665  657  414  8.941  8.897  7.329   0.3926    0.3933    0.3910    0.3049
113     B         A          113           LYS        63.21         665  657  414  8.941  8.897  7.329   0.3964    0.3971    0.3947    0.3082
114     B         A          114           LEU        63.84         665  657  415  8.941  8.897  7.336   0.4260    0.4264    0.4241    0.3352
115     B         A          115           LEU        71.26         665  657  416  8.941  8.897  7.344   0.4229    0.4229    0.4205    0.3324
116     B         A          116           THR        76.54         665  657  415  8.941  8.897  7.336   0.3993    0.3997    0.3974    0.3110
117     B         A          117           GLY        81.42         665  657  414  8.941  8.897  7.329   0.3893    0.3899    0.3876    0.3020
118     B         A          118           ALA        88.01         665  657  416  8.941  8.897  7.344   0.4215    0.4215    0.4192    0.3312
119     B         A          119           LEU        92.98         665  657  416  8.941  8.897  7.344   0.4330    0.4330    0.4306    0.3416
120     B         A          120           SER        84.91         665  657  415  8.941  8.897  7.336   0.4252    0.4256    0.4232    0.3345
121     B         A          121           VAL        90.70         665  657  416  8.941  8.897  7.344   0.4160    0.4160    0.4137    0.3261
122     B         A          122           TRP        94.85         665  657  416  8.941  8.897  7.344   0.4347    0.4347    0.4323    0.3432
123     B         A          123           GLY        95.93         665  657  416  8.941  8.897  7.344   0.4189    0.4189    0.4166    0.3288
124     B         A          124           GLU        91.67         665  657  393  8.941  8.897  7.166   0.3396    0.3450    0.3428    0.2539
125     B         A          125           GLY        95.55         665  657  410  8.941  8.897  7.298   0.3647    0.3664    0.3641    0.2793
126     B         A          126           THR        96.97         665  657  415  8.941  8.897  7.336   0.4132    0.4136    0.4112    0.3234
127     B         A          127           LEU        94.80         665  657  415  8.941  8.897  7.336   0.4198    0.4202    0.4178    0.3293
128     B         A          128           VAL        95.96         665  657  415  8.941  8.897  7.336   0.4139    0.4143    0.4120    0.3240
129     B         A          129           THR        92.88         665  657  414  8.941  8.897  7.329   0.3938    0.3945    0.3921    0.3057
130     B         A          130           VAL        90.52         665  657  402  8.941  8.897  7.236   0.3560    0.3598    0.3575    0.2701
131     B         A          131           THR        81.59         665  657  28  8.941  8.897  1.116   0.1920    0.2778    0.2758    0.0060
132     B         A          132           GLY        72.01         665  657  0  8.941  8.897  1.039   0.1144    0.0000    0.0000    0.0000
133     B         A          133           GLY        53.57         665  657  0  8.941  8.897  1.039   0.1007    0.0000    0.0000    0.0000
134     B         A          134           GLY        47.19         665  657  0  8.941  8.897  1.039   0.1031    0.0000    0.0000    0.0000
135     B         A          135           SER        47.75         665  657  0  8.941  8.897  1.039   0.1110    0.0000    0.0000    0.0000
136     B         A          136           GLY        45.69         665  657  0  8.941  8.897  1.039   0.1130    0.0000    0.0000    0.0000
137     B         A          137           GLY        45.00         665  657  0  8.941  8.897  1.039   0.1182    0.0000    0.0000    0.0000
138     B         A          138           GLY        45.37         665  657  2  8.941  8.897  1.039   0.1270    0.2734    0.2714    0.0051
139     B         A          139           SER        44.07         665  657  6  8.941  8.897  1.039   0.1359    0.2780    0.2761    0.0052
140     B         A          140           GLY        42.98         665  657  11  8.941  8.897  1.039   0.1471    0.2961    0.2941    0.0057
141     B         A          141           GLY        46.32         665  657  23  8.941  8.897  1.039   0.1725    0.3090    0.3069    0.0060
142     B         A          142           GLY        48.39         665  657  84  8.941  8.897  3.286   0.2134    0.3056    0.3036    0.0565
143     B         A          143           SER        59.38         665  657  213  8.941  8.897  5.427   0.2756    0.3274    0.3253    0.1530
144     B         A          144           ILE        75.85         665  657  411  8.941  8.897  7.306   0.3871    0.3887    0.3864    0.2994
145     B         A          145           THR        83.17         665  657  415  8.941  8.897  7.336   0.4232    0.4236    0.4212    0.3326
146     B         A          146           VAL        90.15         665  657  416  8.941  8.897  7.344   0.4357    0.4357    0.4333    0.3437
147     B         A          147           THR        94.64         665  657  416  8.941  8.897  7.344   0.4496    0.4496    0.4472    0.3566
148     B         A          148           GLN        95.88         665  657  416  8.941  8.897  7.344   0.4283    0.4283    0.4259    0.3371
149     B         A          149           SER        94.56         665  657  405  8.941  8.897  7.260   0.3678    0.3711    0.3688    0.2813
150     B         A          150           PRO        92.31         665  657  407  8.941  8.897  7.275   0.3598    0.3622    0.3599    0.2742
151     B         A          151           SER        87.69         665  657  392  8.941  8.897  7.158   0.3416    0.3473    0.3451    0.2552
152     B         A          152           SER        89.98         665  657  394  8.941  8.897  7.174   0.3438    0.3491    0.3469    0.2576
153     B         A          153           PRO        93.00         665  657  386  8.941  8.897  7.110   0.3356    0.3423    0.3401    0.2484
154     B         A          154           SER        94.44         665  657  394  8.941  8.897  7.174   0.3431    0.3483    0.3461    0.2569
155     B         A          155           LEU        95.28         665  657  399  8.941  8.897  7.213   0.3470    0.3510    0.3488    0.2612
156     B         A          156           SER        96.22         665  657  372  8.941  8.897  6.997   0.3286    0.3382    0.3360    0.2391
157     B         A          157           VAL        95.74         665  657  411  8.941  8.897  7.306   0.3630    0.3643    0.3621    0.2777
158     B         A          158           GLY        96.96         665  657  402  8.941  8.897  7.236   0.3454    0.3486    0.3464    0.2605
159     B         A          159           ASP        94.83         665  657  414  8.941  8.897  7.329   0.3756    0.3762    0.3739    0.2893
160     B         A          160           THR        96.91         665  657  415  8.941  8.897  7.336   0.4010    0.4014    0.3991    0.3124
161     B         A          161           ALA        97.24         665  657  415  8.941  8.897  7.336   0.4120    0.4123    0.4100    0.3222
162     B         A          162           THR        96.77         665  657  415  8.941  8.897  7.336   0.4216    0.4220    0.4196    0.3310
163     B         A          163           LEU        97.78         665  657  416  8.941  8.897  7.344   0.4438    0.4438    0.4414    0.3515
164     B         A          164           THR        97.53         665  657  416  8.941  8.897  7.344   0.4485    0.4485    0.4461    0.3557
165     B         A          165           CYS        96.61         665  657  416  8.941  8.897  7.344   0.4526    0.4526    0.4501    0.3597
166     B         A          166           THR        95.87         665  657  416  8.941  8.897  7.344   0.4534    0.4534    0.4510    0.3603
167     B         A          167           LEU        89.70         665  657  416  8.941  8.897  7.344   0.4461    0.4461    0.4437    0.3536
168     B         A          168           SER        82.35         665  657  415  8.941  8.897  7.336   0.4274    0.4278    0.4254    0.3365
169     B         A          169           SER        72.20         665  657  416  8.941  8.897  7.344   0.4334    0.4334    0.4310    0.3423
170     B         A          170           SER        72.05         665  657  416  8.941  8.897  7.344   0.4241    0.4241    0.4217    0.3336
171     B         A          171           VAL        75.82         665  657  416  8.941  8.897  7.344   0.4213    0.4213    0.4190    0.3306
172     B         A          172           ALA        67.59         665  657  416  8.941  8.897  7.344   0.4264    0.4264    0.4240    0.3354
173     B         A          173           THR        70.40         665  657  415  8.941  8.897  7.336   0.4081    0.4085    0.4061    0.3187
174     B         A          174           SER        66.12         665  657  415  8.941  8.897  7.336   0.4016    0.4020    0.3996    0.3131
175     B         A          175           ASN        79.93         665  657  416  8.941  8.897  7.344   0.4327    0.4327    0.4303    0.3414
176     B         A          176           VAL        91.76         665  657  416  8.941  8.897  7.344   0.4548    0.4548    0.4524    0.3616
177     B         A          177           ALA        94.11         665  657  416  8.941  8.897  7.344   0.4722    0.4722    0.4698    0.3780
178     B         A          178           TRP        98.06         665  657  416  8.941  8.897  7.344   0.5009    0.5009    0.4984    0.4056
179     B         A          179           TYR        96.46         665  657  416  8.941  8.897  7.344   0.4843    0.4843    0.4819    0.3895
180     B         A          180           LYS        97.54         665  657  416  8.941  8.897  7.344   0.4601    0.4601    0.4577    0.3666
181     B         A          181           GLN        93.68         665  657  416  8.941  8.897  7.344   0.4390    0.4390    0.4366    0.3470
182     B         A          182           LEU        91.89         665  657  414  8.941  8.897  7.329   0.3965    0.3973    0.3949    0.3084
183     B         A          183           PRO        86.27         665  657  322  8.941  8.897  6.565   0.3132    0.3340    0.3318    0.2137
184     B         A          184           GLY        86.13         665  657  272  8.941  8.897  6.084   0.2897    0.3187    0.3166    0.1787
185     B         A          185           GLN        89.93         665  657  412  8.941  8.897  7.313   0.3720    0.3732    0.3709    0.2862
186     B         A          186           PRO        87.82         665  657  415  8.941  8.897  7.336   0.3935    0.3938    0.3915    0.3057
187     B         A          187           PRO        92.30         665  657  416  8.941  8.897  7.344   0.4004    0.4004    0.3981    0.3121
188     B         A          188           GLU        92.76         665  657  416  8.941  8.897  7.344   0.4163    0.4163    0.4140    0.3263
189     B         A          189           LEU        93.32         665  657  416  8.941  8.897  7.344   0.4743    0.4743    0.4719    0.3801
190     B         A          190           LEU        97.40         665  657  416  8.941  8.897  7.344   0.4581    0.4581    0.4557    0.3649
191     B         A          191           ILE        95.90         665  657  416  8.941  8.897  7.344   0.4698    0.4698    0.4674    0.3758
192     B         A          192           SER        87.11         665  657  416  8.941  8.897  7.344   0.4534    0.4534    0.4510    0.3606
193     B         A          193           GLY        83.79         665  657  415  8.941  8.897  7.336   0.4002    0.4005    0.3982    0.3120
194     B         A          194           GLY        89.30         665  657  414  8.941  8.897  7.329   0.3947    0.3954    0.3931    0.3070
195     B         A          195           SER        89.00         665  657  414  8.941  8.897  7.329   0.4036    0.4044    0.4021    0.3151
196     B         A          196           THR        85.15         665  657  416  8.941  8.897  7.344   0.4281    0.4281    0.4257    0.3371
197     B         A          197           ARG        93.38         665  657  415  8.941  8.897  7.336   0.4264    0.4268    0.4244    0.3357
198     B         A          198           ALA        90.81         665  657  416  8.941  8.897  7.344   0.4297    0.4297    0.4273    0.3387
199     B         A          199           PRO        84.15         665  657  411  8.941  8.897  7.306   0.3837    0.3853    0.3830    0.2966
200     B         A          200           GLY        92.92         665  657  394  8.941  8.897  7.174   0.3497    0.3554    0.3531    0.2631
201     B         A          201           VAL        95.86         665  657  416  8.941  8.897  7.344   0.4105    0.4105    0.4082    0.3211
202     B         A          202           PRO        96.51         665  657  413  8.941  8.897  7.321   0.3677    0.3686    0.3663    0.2825
203     B         A          203           SER        95.35         665  657  406  8.941  8.897  7.267   0.3603    0.3629    0.3607    0.2746
204     B         A          204           ARG        96.74         665  657  409  8.941  8.897  7.290   0.3697    0.3718    0.3695    0.2837
205     B         A          205           TYR        98.34         665  657  416  8.941  8.897  7.344   0.4440    0.4440    0.4416    0.3517
206     B         A          206           SER        96.51         665  657  415  8.941  8.897  7.336   0.4293    0.4298    0.4274    0.3382
207     B         A          207           GLY        96.36         665  657  416  8.941  8.897  7.344   0.4307    0.4307    0.4283    0.3395
208     B         A          208           SER        94.62         665  657  414  8.941  8.897  7.329   0.3930    0.3937    0.3914    0.3055
209     B         A          209           GLY        92.53         665  657  375  8.941  8.897  7.021   0.3543    0.3657    0.3635    0.2639
210     B         A          210           SER        82.20         665  657  371  8.941  8.897  6.988   0.3588    0.3722    0.3700    0.2677
211     B         A          211           GLY        82.50         665  657  406  8.941  8.897  7.267   0.3817    0.3849    0.3826    0.2943
212     B         A          212           THR        88.56         665  657  415  8.941  8.897  7.336   0.4170    0.4174    0.4150    0.3271
213     B         A          213           THR        94.14         665  657  416  8.941  8.897  7.344   0.4400    0.4400    0.4376    0.3480
214     B         A          214           PHE        95.39         665  657  416  8.941  8.897  7.344   0.4585    0.4585    0.4561    0.3653
215     B         A          215           THR        96.70         665  657  416  8.941  8.897  7.344   0.4415    0.4415    0.4391    0.3493
216     B         A          216           LEU        98.33         665  657  416  8.941  8.897  7.344   0.4670    0.4670    0.4646    0.3732
217     B         A          217           THR        98.03         665  657  416  8.941  8.897  7.344   0.4442    0.4442    0.4418    0.3519
218     B         A          218           ILE        97.61         665  657  416  8.941  8.897  7.344   0.4325    0.4325    0.4301    0.3411
219     B         A          219           SER        95.20         665  657  397  8.941  8.897  7.197   0.3595    0.3649    0.3626    0.2728
220     B         A          220           SER        96.32         665  657  402  8.941  8.897  7.236   0.3532    0.3567    0.3544    0.2675
221     B         A          221           LEU        96.96         665  657  414  8.941  8.897  7.329   0.3821    0.3827    0.3804    0.2952
222     B         A          222           GLN        96.35         665  657  413  8.941  8.897  7.321   0.3726    0.3735    0.3712    0.2867
223     B         A          223           ALA        93.95         665  657  402  8.941  8.897  7.236   0.3504    0.3540    0.3517    0.2651
224     B         A          224           SER        92.89         665  657  405  8.941  8.897  7.260   0.3626    0.3656    0.3634    0.2766
225     B         A          225           ASP        97.18         665  657  415  8.941  8.897  7.336   0.3939    0.3942    0.3919    0.3060
226     B         A          226           PHE        95.77         665  657  415  8.941  8.897  7.336   0.4082    0.4085    0.4062    0.3187
227     B         A          227           ALA        95.45         665  657  416  8.941  8.897  7.344   0.4113    0.4113    0.4090    0.3218
228     B         A          228           THR        94.75         665  657  416  8.941  8.897  7.344   0.4601    0.4601    0.4577    0.3666
229     B         A          229           TYR        98.00         665  657  416  8.941  8.897  7.344   0.4872    0.4872    0.4847    0.3924
230     B         A          230           TYR        96.39         665  657  416  8.941  8.897  7.344   0.4663    0.4663    0.4639    0.3724
231     B         A          231           CYS        95.97         665  657  416  8.941  8.897  7.344   0.4564    0.4564    0.4540    0.3634
232     B         A          232           GLN        93.81         665  657  416  8.941  8.897  7.344   0.4493    0.4493    0.4469    0.3567
233     B         A          233           VAL        89.01         665  657  416  8.941  8.897  7.344   0.4510    0.4510    0.4486    0.3581
234     B         A          234           TYR        84.29         665  657  416  8.941  8.897  7.344   0.4403    0.4403    0.4379    0.3484
235     B         A          235           GLY        71.76         665  657  405  8.941  8.897  7.260   0.3923    0.3961    0.3938    0.3039
236     B         A          236           GLU        61.56         665  657  404  8.941  8.897  7.252   0.3872    0.3914    0.3891    0.2993
237     B         A          237           ASN        67.34         665  657  404  8.941  8.897  7.252   0.3931    0.3974    0.3951    0.3046
238     B         A          238           PRO        85.25         665  657  416  8.941  8.897  7.344   0.4182    0.4182    0.4159    0.3285
239     B         A          239           SER        87.69         665  657  416  8.941  8.897  7.344   0.4369    0.4369    0.4345    0.3455
240     B         A          240           PHE        93.03         665  657  416  8.941  8.897  7.344   0.4582    0.4582    0.4558    0.3650
241     B         A          241           GLY        94.53         665  657  416  8.941  8.897  7.344   0.4459    0.4459    0.4435    0.3534
242     B         A          242           GLN        92.44         665  657  415  8.941  8.897  7.336   0.4351    0.4356    0.4332    0.3434
243     B         A          243           GLY        95.49         665  657  416  8.941  8.897  7.344   0.4148    0.4148    0.4124    0.3249
244     B         A          244           THR        96.91         665  657  416  8.941  8.897  7.344   0.4474    0.4474    0.4450    0.3548
245     B         A          245           THR        95.11         665  657  416  8.941  8.897  7.344   0.4312    0.4312    0.4288    0.3397
246     B         A          246           LEU        96.64         665  657  415  8.941  8.897  7.336   0.4025    0.4029    0.4005    0.3137
247     B         A          247           THR        94.38         665  657  406  8.941  8.897  7.267   0.3640    0.3668    0.3646    0.2780
248     B         A          248           LEU        89.97         665  657  299  8.941  8.897  6.351   0.3003    0.3250    0.3228    0.1961
249     B         A          249           LYS        86.57         665  657  0  8.941  8.897  1.039   0.1805    0.0000    0.0000    0.0000
