i,AlignChn,ScoredChain,AlignResNum,AlignResType,AlignRespLDDT,n0chn,n0dom,n0res,d0chn,d0dom,d0res,ipTM_pae,ipSAE_d0chn,ipSAE_d0dom,ipSAE 
247     A         B            1           ILE        93.46         662  0  0  8.925  1.039  1.039   0.1025    0.0000    0.0000    0.0000
248     A         B            2           CYS        95.27         662  0  0  8.925  1.039  1.039   0.1125    0.0000    0.0000    0.0000
249     A         B            3           LEU        92.97         662  0  0  8.925  1.039  1.039   0.1129    0.0000    0.0000    0.0000
250     A         B            4           GLN        94.02         662  0  0  8.925  1.039  1.039   0.1134    0.0000    0.0000    0.0000
251     A         B            5           LYS        94.78         662  0  0  8.925  1.039  1.039   0.1169    0.0000    0.0000    0.0000
252     A         B            6           THR        94.80         662  0  0  8.925  1.039  1.039   0.1123    0.0000    0.0000    0.0000
253     A         B            7           SER        90.21         662  0  0  8.925  1.039  1.039   0.1068    0.0000    0.0000    0.0000
254     A         B            8           ASN        90.31         662  0  0  8.925  1.039  1.039   0.1043    0.0000    0.0000    0.0000
255     A         B            9           GLN        89.91         662  0  0  8.925  1.039  1.039   0.1069    0.0000    0.0000    0.0000
256     A         B           10           ILE        93.99         662  0  0  8.925  1.039  1.039   0.1153    0.0000    0.0000    0.0000
257     A         B           11           LEU        96.86         662  0  0  8.925  1.039  1.039   0.1303    0.0000    0.0000    0.0000
258     A         B           12           LYS        93.00         662  0  0  8.925  1.039  1.039   0.1311    0.0000    0.0000    0.0000
259     A         B           13           PRO        95.88         662  0  0  8.925  1.039  1.039   0.1369    0.0000    0.0000    0.0000
260     A         B           14           LYS        90.83         662  0  0  8.925  1.039  1.039   0.1372    0.0000    0.0000    0.0000
261     A         B           15           LEU        86.65         662  0  0  8.925  1.039  1.039   0.1404    0.0000    0.0000    0.0000
262     A         B           16           ILE        85.65         662  0  0  8.925  1.039  1.039   0.1370    0.0000    0.0000    0.0000
263     A         B           17           SER        61.90         662  0  0  8.925  1.039  1.039   0.1276    0.0000    0.0000    0.0000
264     A         B           18           TYR        58.58         662  0  0  8.925  1.039  1.039   0.1229    0.0000    0.0000    0.0000
265     A         B           19           THR        61.34         662  0  0  8.925  1.039  1.039   0.1305    0.0000    0.0000    0.0000
266     A         B           20           LEU        65.92         662  0  0  8.925  1.039  1.039   0.1310    0.0000    0.0000    0.0000
267     A         B           21           PRO        56.62         662  0  0  8.925  1.039  1.039   0.1229    0.0000    0.0000    0.0000
268     A         B           22           VAL        62.67         662  0  0  8.925  1.039  1.039   0.1269    0.0000    0.0000    0.0000
269     A         B           23           VAL        59.40         662  0  0  8.925  1.039  1.039   0.1266    0.0000    0.0000    0.0000
270     A         B           24           GLY        62.25         662  0  0  8.925  1.039  1.039   0.1188    0.0000    0.0000    0.0000
271     A         B           25           GLN        61.85         662  0  0  8.925  1.039  1.039   0.1200    0.0000    0.0000    0.0000
272     A         B           26           SER        65.96         662  0  0  8.925  1.039  1.039   0.1199    0.0000    0.0000    0.0000
273     A         B           27           GLY        73.99         662  0  0  8.925  1.039  1.039   0.1283    0.0000    0.0000    0.0000
274     A         B           28           THR        78.74         662  0  0  8.925  1.039  1.039   0.1329    0.0000    0.0000    0.0000
275     A         B           29           CYS        79.41         662  0  0  8.925  1.039  1.039   0.1364    0.0000    0.0000    0.0000
276     A         B           30           ILE        85.81         662  0  0  8.925  1.039  1.039   0.1433    0.0000    0.0000    0.0000
277     A         B           31           THR        85.82         662  0  0  8.925  1.039  1.039   0.1408    0.0000    0.0000    0.0000
278     A         B           32           ASP        92.01         662  0  0  8.925  1.039  1.039   0.1408    0.0000    0.0000    0.0000
279     A         B           33           PRO        93.49         662  0  0  8.925  1.039  1.039   0.1470    0.0000    0.0000    0.0000
280     A         B           34           LEU        96.67         662  0  0  8.925  1.039  1.039   0.1441    0.0000    0.0000    0.0000
281     A         B           35           LEU        96.68         662  0  0  8.925  1.039  1.039   0.1485    0.0000    0.0000    0.0000
282     A         B           36           ALA        98.38         662  0  0  8.925  1.039  1.039   0.1439    0.0000    0.0000    0.0000
283     A         B           37           MET        96.84         662  0  0  8.925  1.039  1.039   0.1442    0.0000    0.0000    0.0000
284     A         B           38           ASP        96.12         662  0  0  8.925  1.039  1.039   0.1392    0.0000    0.0000    0.0000
285     A         B           39           GLU        94.51         662  0  0  8.925  1.039  1.039   0.1392    0.0000    0.0000    0.0000
286     A         B           40           GLY        95.02         662  0  0  8.925  1.039  1.039   0.1354    0.0000    0.0000    0.0000
287     A         B           41           TYR        96.89         662  0  0  8.925  1.039  1.039   0.1410    0.0000    0.0000    0.0000
288     A         B           42           PHE        96.00         662  0  0  8.925  1.039  1.039   0.1444    0.0000    0.0000    0.0000
289     A         B           43           ALA        97.93         662  0  0  8.925  1.039  1.039   0.1424    0.0000    0.0000    0.0000
290     A         B           44           TYR        93.88         662  0  0  8.925  1.039  1.039   0.1452    0.0000    0.0000    0.0000
291     A         B           45           SER        96.13         662  0  0  8.925  1.039  1.039   0.1417    0.0000    0.0000    0.0000
292     A         B           46           HIS        91.68         662  0  0  8.925  1.039  1.039   0.1438    0.0000    0.0000    0.0000
293     A         B           47           LEU        91.23         662  0  0  8.925  1.039  1.039   0.1393    0.0000    0.0000    0.0000
294     A         B           48           GLU        86.21         662  0  0  8.925  1.039  1.039   0.1404    0.0000    0.0000    0.0000
295     A         B           49           ARG        83.15         662  0  0  8.925  1.039  1.039   0.1331    0.0000    0.0000    0.0000
296     A         B           50           ILE        81.49         662  0  0  8.925  1.039  1.039   0.1335    0.0000    0.0000    0.0000
297     A         B           51           GLY        76.14         662  0  0  8.925  1.039  1.039   0.1252    0.0000    0.0000    0.0000
298     A         B           52           SER        72.51         662  0  0  8.925  1.039  1.039   0.1261    0.0000    0.0000    0.0000
299     A         B           53           CYS        73.46         662  0  0  8.925  1.039  1.039   0.1282    0.0000    0.0000    0.0000
300     A         B           54           SER        66.35         662  0  0  8.925  1.039  1.039   0.1207    0.0000    0.0000    0.0000
301     A         B           55           ARG        70.65         662  0  0  8.925  1.039  1.039   0.1175    0.0000    0.0000    0.0000
302     A         B           56           GLY        77.68         662  0  0  8.925  1.039  1.039   0.1196    0.0000    0.0000    0.0000
303     A         B           57           VAL        82.84         662  0  0  8.925  1.039  1.039   0.1263    0.0000    0.0000    0.0000
304     A         B           58           SER        84.69         662  0  0  8.925  1.039  1.039   0.1250    0.0000    0.0000    0.0000
305     A         B           59           LYS        85.39         662  0  0  8.925  1.039  1.039   0.1243    0.0000    0.0000    0.0000
306     A         B           60           GLN        85.26         662  0  0  8.925  1.039  1.039   0.1272    0.0000    0.0000    0.0000
307     A         B           61           ARG        92.32         662  0  0  8.925  1.039  1.039   0.1347    0.0000    0.0000    0.0000
308     A         B           62           ILE        89.95         662  0  0  8.925  1.039  1.039   0.1400    0.0000    0.0000    0.0000
309     A         B           63           ILE        96.22         662  0  0  8.925  1.039  1.039   0.1447    0.0000    0.0000    0.0000
310     A         B           64           GLY        93.53         662  0  0  8.925  1.039  1.039   0.1429    0.0000    0.0000    0.0000
311     A         B           65           VAL        94.88         662  0  0  8.925  1.039  1.039   0.1427    0.0000    0.0000    0.0000
312     A         B           66           GLY        92.28         662  0  0  8.925  1.039  1.039   0.1418    0.0000    0.0000    0.0000
313     A         B           67           GLU        87.95         662  0  0  8.925  1.039  1.039   0.1372    0.0000    0.0000    0.0000
314     A         B           68           VAL        93.47         662  0  0  8.925  1.039  1.039   0.1402    0.0000    0.0000    0.0000
315     A         B           69           LEU        84.60         662  0  0  8.925  1.039  1.039   0.1321    0.0000    0.0000    0.0000
316     A         B           70           ASP        84.25         662  0  0  8.925  1.039  1.039   0.1271    0.0000    0.0000    0.0000
317     A         B           71           ARG        74.95         662  0  0  8.925  1.039  1.039   0.1125    0.0000    0.0000    0.0000
318     A         B           72           GLY        77.76         662  0  0  8.925  1.039  1.039   0.1090    0.0000    0.0000    0.0000
319     A         B           73           ASP        81.02         662  0  0  8.925  1.039  1.039   0.1131    0.0000    0.0000    0.0000
320     A         B           74           GLU        88.14         662  0  0  8.925  1.039  1.039   0.1242    0.0000    0.0000    0.0000
321     A         B           75           VAL        90.24         662  0  0  8.925  1.039  1.039   0.1342    0.0000    0.0000    0.0000
322     A         B           76           PRO        93.84         662  0  0  8.925  1.039  1.039   0.1363    0.0000    0.0000    0.0000
323     A         B           77           SER        85.82         662  0  0  8.925  1.039  1.039   0.1336    0.0000    0.0000    0.0000
324     A         B           78           LEU        89.10         662  0  0  8.925  1.039  1.039   0.1410    0.0000    0.0000    0.0000
325     A         B           79           PHE        85.44         662  0  0  8.925  1.039  1.039   0.1414    0.0000    0.0000    0.0000
326     A         B           80           MET        86.13         662  0  0  8.925  1.039  1.039   0.1406    0.0000    0.0000    0.0000
327     A         B           81           THR        88.17         662  0  0  8.925  1.039  1.039   0.1358    0.0000    0.0000    0.0000
328     A         B           82           ASN        89.41         662  0  0  8.925  1.039  1.039   0.1408    0.0000    0.0000    0.0000
329     A         B           83           VAL        87.60         662  0  0  8.925  1.039  1.039   0.1425    0.0000    0.0000    0.0000
330     A         B           84           TRP        92.31         662  0  0  8.925  1.039  1.039   0.1445    0.0000    0.0000    0.0000
331     A         B           85           THR        89.46         662  0  0  8.925  1.039  1.039   0.1411    0.0000    0.0000    0.0000
332     A         B           86           PRO        92.99         662  0  0  8.925  1.039  1.039   0.1391    0.0000    0.0000    0.0000
333     A         B           87           PRO        89.68         662  0  0  8.925  1.039  1.039   0.1338    0.0000    0.0000    0.0000
334     A         B           88           ASN        90.72         662  0  0  8.925  1.039  1.039   0.1388    0.0000    0.0000    0.0000
335     A         B           89           PRO        89.39         662  0  0  8.925  1.039  1.039   0.1344    0.0000    0.0000    0.0000
336     A         B           90           ASN        89.45         662  0  0  8.925  1.039  1.039   0.1384    0.0000    0.0000    0.0000
337     A         B           91           THR        94.35         662  0  0  8.925  1.039  1.039   0.1408    0.0000    0.0000    0.0000
338     A         B           92           VAL        96.22         662  0  0  8.925  1.039  1.039   0.1451    0.0000    0.0000    0.0000
339     A         B           93           TYR        96.47         662  0  0  8.925  1.039  1.039   0.1435    0.0000    0.0000    0.0000
340     A         B           94           HIS        97.84         662  0  0  8.925  1.039  1.039   0.1484    0.0000    0.0000    0.0000
341     A         B           95           CYS        98.06         662  0  0  8.925  1.039  1.039   0.1487    0.0000    0.0000    0.0000
342     A         B           96           SER        98.82         662  0  0  8.925  1.039  1.039   0.1446    0.0000    0.0000    0.0000
343     A         B           97           ALA        98.76         662  0  0  8.925  1.039  1.039   0.1441    0.0000    0.0000    0.0000
344     A         B           98           VAL        98.79         662  0  0  8.925  1.039  1.039   0.1419    0.0000    0.0000    0.0000
345     A         B           99           TYR        98.09         662  0  0  8.925  1.039  1.039   0.1460    0.0000    0.0000    0.0000
346     A         B          100           ASN        96.40         662  0  0  8.925  1.039  1.039   0.1384    0.0000    0.0000    0.0000
347     A         B          101           ASN        90.57         662  0  0  8.925  1.039  1.039   0.1343    0.0000    0.0000    0.0000
348     A         B          102           GLU        89.87         662  0  0  8.925  1.039  1.039   0.1332    0.0000    0.0000    0.0000
349     A         B          103           PHE        94.58         662  0  0  8.925  1.039  1.039   0.1428    0.0000    0.0000    0.0000
350     A         B          104           TYR        97.81         662  0  0  8.925  1.039  1.039   0.1466    0.0000    0.0000    0.0000
351     A         B          105           TYR        97.83         662  0  0  8.925  1.039  1.039   0.1468    0.0000    0.0000    0.0000
352     A         B          106           VAL        98.46         662  0  0  8.925  1.039  1.039   0.1473    0.0000    0.0000    0.0000
353     A         B          107           LEU        98.76         662  0  0  8.925  1.039  1.039   0.1474    0.0000    0.0000    0.0000
354     A         B          108           CYS        98.22         662  0  0  8.925  1.039  1.039   0.1501    0.0000    0.0000    0.0000
355     A         B          109           ALA        98.34         662  0  0  8.925  1.039  1.039   0.1482    0.0000    0.0000    0.0000
356     A         B          110           VAL        96.89         662  0  0  8.925  1.039  1.039   0.1468    0.0000    0.0000    0.0000
357     A         B          111           SER        96.39         662  0  0  8.925  1.039  1.039   0.1455    0.0000    0.0000    0.0000
358     A         B          112           THR        92.43         662  0  0  8.925  1.039  1.039   0.1441    0.0000    0.0000    0.0000
359     A         B          113           VAL        90.23         662  0  0  8.925  1.039  1.039   0.1453    0.0000    0.0000    0.0000
360     A         B          114           GLY        91.21         662  0  0  8.925  1.039  1.039   0.1428    0.0000    0.0000    0.0000
361     A         B          115           ASP        93.22         662  0  0  8.925  1.039  1.039   0.1488    0.0000    0.0000    0.0000
362     A         B          116           PRO        97.55         662  0  0  8.925  1.039  1.039   0.1465    0.0000    0.0000    0.0000
363     A         B          117           ILE        96.87         662  0  0  8.925  1.039  1.039   0.1492    0.0000    0.0000    0.0000
364     A         B          118           LEU        92.18         662  0  0  8.925  1.039  1.039   0.1474    0.0000    0.0000    0.0000
365     A         B          119           ASN        91.71         662  0  0  8.925  1.039  1.039   0.1440    0.0000    0.0000    0.0000
366     A         B          120           SER        93.25         662  0  0  8.925  1.039  1.039   0.1439    0.0000    0.0000    0.0000
367     A         B          121           THR        88.74         662  0  0  8.925  1.039  1.039   0.1461    0.0000    0.0000    0.0000
368     A         B          122           TYR        88.65         662  0  0  8.925  1.039  1.039   0.1525    0.0000    0.0000    0.0000
369     A         B          123           TRP        95.21         662  0  0  8.925  1.039  1.039   0.1466    0.0000    0.0000    0.0000
370     A         B          124           SER        93.20         662  0  0  8.925  1.039  1.039   0.1431    0.0000    0.0000    0.0000
371     A         B          125           GLY        96.12         662  0  0  8.925  1.039  1.039   0.1449    0.0000    0.0000    0.0000
372     A         B          126           SER        95.00         662  0  0  8.925  1.039  1.039   0.1472    0.0000    0.0000    0.0000
373     A         B          127           LEU        98.06         662  0  0  8.925  1.039  1.039   0.1480    0.0000    0.0000    0.0000
374     A         B          128           MET        95.80         662  0  0  8.925  1.039  1.039   0.1485    0.0000    0.0000    0.0000
375     A         B          129           MET        96.69         662  0  0  8.925  1.039  1.039   0.1467    0.0000    0.0000    0.0000
376     A         B          130           THR        95.95         662  0  0  8.925  1.039  1.039   0.1475    0.0000    0.0000    0.0000
377     A         B          131           ARG        93.54         662  0  0  8.925  1.039  1.039   0.1430    0.0000    0.0000    0.0000
378     A         B          132           LEU        94.95         662  0  0  8.925  1.039  1.039   0.1458    0.0000    0.0000    0.0000
379     A         B          133           ALA        91.50         662  0  0  8.925  1.039  1.039   0.1434    0.0000    0.0000    0.0000
380     A         B          134           VAL        93.36         662  0  0  8.925  1.039  1.039   0.1400    0.0000    0.0000    0.0000
381     A         B          135           LYS        84.19         662  0  0  8.925  1.039  1.039   0.1296    0.0000    0.0000    0.0000
382     A         B          136           PRO        79.82         662  0  0  8.925  1.039  1.039   0.1230    0.0000    0.0000    0.0000
383     A         B          137           LYS        73.60         662  0  0  8.925  1.039  1.039   0.1181    0.0000    0.0000    0.0000
384     A         B          138           SER        64.84         662  0  0  8.925  1.039  1.039   0.1066    0.0000    0.0000    0.0000
385     A         B          139           ASN        65.02         662  0  0  8.925  1.039  1.039   0.1031    0.0000    0.0000    0.0000
386     A         B          140           GLY        63.83         662  0  0  8.925  1.039  1.039   0.1116    0.0000    0.0000    0.0000
387     A         B          141           GLY        63.09         662  0  0  8.925  1.039  1.039   0.1154    0.0000    0.0000    0.0000
388     A         B          142           GLY        67.51         662  0  0  8.925  1.039  1.039   0.1186    0.0000    0.0000    0.0000
389     A         B          143           TYR        70.43         662  0  0  8.925  1.039  1.039   0.1242    0.0000    0.0000    0.0000
390     A         B          144           ASN        83.41         662  0  0  8.925  1.039  1.039   0.1325    0.0000    0.0000    0.0000
391     A         B          145           GLN        84.96         662  0  0  8.925  1.039  1.039   0.1382    0.0000    0.0000    0.0000
392     A         B          146           HIS        87.73         662  0  0  8.925  1.039  1.039   0.1429    0.0000    0.0000    0.0000
393     A         B          147           GLN        89.56         662  0  0  8.925  1.039  1.039   0.1413    0.0000    0.0000    0.0000
394     A         B          148           LEU        92.22         662  0  0  8.925  1.039  1.039   0.1402    0.0000    0.0000    0.0000
395     A         B          149           ALA        86.35         662  0  0  8.925  1.039  1.039   0.1388    0.0000    0.0000    0.0000
396     A         B          150           LEU        93.77         662  0  0  8.925  1.039  1.039   0.1419    0.0000    0.0000    0.0000
397     A         B          151           ARG        87.68         662  0  0  8.925  1.039  1.039   0.1353    0.0000    0.0000    0.0000
398     A         B          152           SER        89.95         662  0  0  8.925  1.039  1.039   0.1368    0.0000    0.0000    0.0000
399     A         B          153           ILE        95.87         662  0  0  8.925  1.039  1.039   0.1444    0.0000    0.0000    0.0000
400     A         B          154           GLU        95.31         662  0  0  8.925  1.039  1.039   0.1435    0.0000    0.0000    0.0000
401     A         B          155           LYS        95.51         662  0  0  8.925  1.039  1.039   0.1423    0.0000    0.0000    0.0000
402     A         B          156           GLY        95.24         662  0  0  8.925  1.039  1.039   0.1425    0.0000    0.0000    0.0000
403     A         B          157           ARG        94.09         662  0  0  8.925  1.039  1.039   0.1447    0.0000    0.0000    0.0000
404     A         B          158           TYR        97.68         662  0  0  8.925  1.039  1.039   0.1469    0.0000    0.0000    0.0000
405     A         B          159           ASP        95.99         662  0  0  8.925  1.039  1.039   0.1457    0.0000    0.0000    0.0000
406     A         B          160           LYS        97.38         662  0  0  8.925  1.039  1.039   0.1449    0.0000    0.0000    0.0000
407     A         B          161           VAL        98.41         662  0  0  8.925  1.039  1.039   0.1469    0.0000    0.0000    0.0000
408     A         B          162           MET        98.33         662  0  0  8.925  1.039  1.039   0.1481    0.0000    0.0000    0.0000
409     A         B          163           PRO        98.86         662  0  0  8.925  1.039  1.039   0.1471    0.0000    0.0000    0.0000
410     A         B          164           TYR        98.72         662  0  0  8.925  1.039  1.039   0.1467    0.0000    0.0000    0.0000
411     A         B          165           GLY        98.73         662  0  0  8.925  1.039  1.039   0.1452    0.0000    0.0000    0.0000
412     A         B          166           PRO        98.13         662  0  0  8.925  1.039  1.039   0.1446    0.0000    0.0000    0.0000
413     A         B          167           SER        98.22         662  0  0  8.925  1.039  1.039   0.1413    0.0000    0.0000    0.0000
414     A         B          168           GLY        98.82         662  0  0  8.925  1.039  1.039   0.1401    0.0000    0.0000    0.0000
415     A         B          169           ILE        98.51         662  0  0  8.925  1.039  1.039   0.1441    0.0000    0.0000    0.0000
416     A         B          170           LYS        97.29         662  0  0  8.925  1.039  1.039   0.1399    0.0000    0.0000    0.0000
417     A         B          171           GLN        95.43         662  0  0  8.925  1.039  1.039   0.1377    0.0000    0.0000    0.0000
418     A         B          172           GLY        94.54         662  0  0  8.925  1.039  1.039   0.1350    0.0000    0.0000    0.0000
419     A         B          173           ASP        91.79         662  0  0  8.925  1.039  1.039   0.1372    0.0000    0.0000    0.0000
420     A         B          174           THR        97.49         662  0  0  8.925  1.039  1.039   0.1413    0.0000    0.0000    0.0000
421     A         B          175           LEU        98.47         662  0  0  8.925  1.039  1.039   0.1436    0.0000    0.0000    0.0000
422     A         B          176           TYR        98.79         662  0  0  8.925  1.039  1.039   0.1457    0.0000    0.0000    0.0000
423     A         B          177           PHE        98.95         662  0  0  8.925  1.039  1.039   0.1467    0.0000    0.0000    0.0000
424     A         B          178           PRO        98.94         662  0  0  8.925  1.039  1.039   0.1462    0.0000    0.0000    0.0000
425     A         B          179           ALA        98.91         662  0  0  8.925  1.039  1.039   0.1474    0.0000    0.0000    0.0000
426     A         B          180           VAL        98.85         662  0  0  8.925  1.039  1.039   0.1516    0.0000    0.0000    0.0000
427     A         B          181           GLY        98.57         662  0  0  8.925  1.039  1.039   0.1462    0.0000    0.0000    0.0000
428     A         B          182           PHE        97.79         662  0  0  8.925  1.039  1.039   0.1485    0.0000    0.0000    0.0000
429     A         B          183           LEU        97.42         662  0  0  8.925  1.039  1.039   0.1468    0.0000    0.0000    0.0000
430     A         B          184           VAL        95.56         662  0  0  8.925  1.039  1.039   0.1435    0.0000    0.0000    0.0000
431     A         B          185           ARG        92.68         662  0  0  8.925  1.039  1.039   0.1424    0.0000    0.0000    0.0000
432     A         B          186           THR        90.70         662  0  0  8.925  1.039  1.039   0.1437    0.0000    0.0000    0.0000
433     A         B          187           GLU        92.09         662  0  0  8.925  1.039  1.039   0.1434    0.0000    0.0000    0.0000
434     A         B          188           PHE        95.78         662  0  0  8.925  1.039  1.039   0.1458    0.0000    0.0000    0.0000
435     A         B          189           LYS        92.37         662  0  0  8.925  1.039  1.039   0.1392    0.0000    0.0000    0.0000
436     A         B          190           TYR        95.73         662  0  0  8.925  1.039  1.039   0.1420    0.0000    0.0000    0.0000
437     A         B          191           ASN        93.61         662  0  0  8.925  1.039  1.039   0.1390    0.0000    0.0000    0.0000
438     A         B          192           ASP        91.83         662  0  0  8.925  1.039  1.039   0.1371    0.0000    0.0000    0.0000
439     A         B          193           SER        92.81         662  0  0  8.925  1.039  1.039   0.1331    0.0000    0.0000    0.0000
440     A         B          194           ASN        93.75         662  0  0  8.925  1.039  1.039   0.1354    0.0000    0.0000    0.0000
441     A         B          195           CYS        95.28         662  0  0  8.925  1.039  1.039   0.1366    0.0000    0.0000    0.0000
442     A         B          196           PRO        90.58         662  0  0  8.925  1.039  1.039   0.1348    0.0000    0.0000    0.0000
443     A         B          197           ILE        92.58         662  0  0  8.925  1.039  1.039   0.1353    0.0000    0.0000    0.0000
444     A         B          198           THR        89.41         662  0  0  8.925  1.039  1.039   0.1284    0.0000    0.0000    0.0000
445     A         B          199           LYS        86.66         662  0  0  8.925  1.039  1.039   0.1246    0.0000    0.0000    0.0000
446     A         B          200           CYS        93.17         662  0  0  8.925  1.039  1.039   0.1336    0.0000    0.0000    0.0000
447     A         B          201           GLN        83.67         662  0  0  8.925  1.039  1.039   0.1242    0.0000    0.0000    0.0000
448     A         B          202           TYR        85.46         662  0  0  8.925  1.039  1.039   0.1333    0.0000    0.0000    0.0000
449     A         B          203           SER        93.86         662  0  0  8.925  1.039  1.039   0.1364    0.0000    0.0000    0.0000
450     A         B          204           LYS        93.98         662  0  0  8.925  1.039  1.039   0.1383    0.0000    0.0000    0.0000
451     A         B          205           PRO        94.90         662  0  0  8.925  1.039  1.039   0.1354    0.0000    0.0000    0.0000
452     A         B          206           GLU        94.04         662  0  0  8.925  1.039  1.039   0.1413    0.0000    0.0000    0.0000
453     A         B          207           ASN        96.00         662  0  0  8.925  1.039  1.039   0.1409    0.0000    0.0000    0.0000
454     A         B          208           CYS        96.68         662  0  0  8.925  1.039  1.039   0.1434    0.0000    0.0000    0.0000
455     A         B          209           ARG        96.51         662  0  0  8.925  1.039  1.039   0.1376    0.0000    0.0000    0.0000
456     A         B          210           LEU        96.00         662  0  0  8.925  1.039  1.039   0.1429    0.0000    0.0000    0.0000
457     A         B          211           SER        96.47         662  0  0  8.925  1.039  1.039   0.1389    0.0000    0.0000    0.0000
458     A         B          212           MET        97.52         662  0  0  8.925  1.039  1.039   0.1410    0.0000    0.0000    0.0000
459     A         B          213           GLY        96.70         662  0  0  8.925  1.039  1.039   0.1390    0.0000    0.0000    0.0000
460     A         B          214           ILE        94.91         662  0  0  8.925  1.039  1.039   0.1462    0.0000    0.0000    0.0000
461     A         B          215           ARG        90.75         662  0  0  8.925  1.039  1.039   0.1389    0.0000    0.0000    0.0000
462     A         B          216           PRO        91.08         662  0  0  8.925  1.039  1.039   0.1433    0.0000    0.0000    0.0000
463     A         B          217           ASN        87.44         662  0  0  8.925  1.039  1.039   0.1457    0.0000    0.0000    0.0000
464     A         B          218           SER        92.61         662  0  0  8.925  1.039  1.039   0.1431    0.0000    0.0000    0.0000
465     A         B          219           HIS        92.69         662  0  0  8.925  1.039  1.039   0.1485    0.0000    0.0000    0.0000
466     A         B          220           TYR        96.22         662  0  0  8.925  1.039  1.039   0.1460    0.0000    0.0000    0.0000
467     A         B          221           ILE        97.58         662  0  0  8.925  1.039  1.039   0.1455    0.0000    0.0000    0.0000
468     A         B          222           LEU        98.27         662  0  0  8.925  1.039  1.039   0.1469    0.0000    0.0000    0.0000
469     A         B          223           ARG        98.48         662  0  0  8.925  1.039  1.039   0.1431    0.0000    0.0000    0.0000
470     A         B          224           SER        98.58         662  0  0  8.925  1.039  1.039   0.1458    0.0000    0.0000    0.0000
471     A         B          225           GLY        98.82         662  0  0  8.925  1.039  1.039   0.1439    0.0000    0.0000    0.0000
472     A         B          226           LEU        98.81         662  0  0  8.925  1.039  1.039   0.1483    0.0000    0.0000    0.0000
473     A         B          227           LEU        98.87         662  0  0  8.925  1.039  1.039   0.1467    0.0000    0.0000    0.0000
474     A         B          228           LYS        98.27         662  0  0  8.925  1.039  1.039   0.1424    0.0000    0.0000    0.0000
475     A         B          229           TYR        97.69         662  0  0  8.925  1.039  1.039   0.1444    0.0000    0.0000    0.0000
476     A         B          230           ASN        95.74         662  0  0  8.925  1.039  1.039   0.1406    0.0000    0.0000    0.0000
477     A         B          231           LEU        93.41         662  0  0  8.925  1.039  1.039   0.1394    0.0000    0.0000    0.0000
478     A         B          232           SER        90.07         662  0  0  8.925  1.039  1.039   0.1313    0.0000    0.0000    0.0000
479     A         B          233           ASP        82.78         662  0  0  8.925  1.039  1.039   0.1314    0.0000    0.0000    0.0000
480     A         B          234           GLY        79.46         662  0  0  8.925  1.039  1.039   0.1201    0.0000    0.0000    0.0000
481     A         B          235           GLU        76.01         662  0  0  8.925  1.039  1.039   0.1273    0.0000    0.0000    0.0000
482     A         B          236           ASN        79.00         662  0  0  8.925  1.039  1.039   0.1310    0.0000    0.0000    0.0000
483     A         B          237           PRO        88.39         662  0  0  8.925  1.039  1.039   0.1368    0.0000    0.0000    0.0000
484     A         B          238           LYS        92.50         662  0  0  8.925  1.039  1.039   0.1388    0.0000    0.0000    0.0000
485     A         B          239           VAL        97.45         662  0  0  8.925  1.039  1.039   0.1440    0.0000    0.0000    0.0000
486     A         B          240           VAL        97.63         662  0  0  8.925  1.039  1.039   0.1434    0.0000    0.0000    0.0000
487     A         B          241           PHE        98.36         662  0  0  8.925  1.039  1.039   0.1446    0.0000    0.0000    0.0000
488     A         B          242           ILE        98.47         662  0  0  8.925  1.039  1.039   0.1447    0.0000    0.0000    0.0000
489     A         B          243           GLU        97.90         662  0  0  8.925  1.039  1.039   0.1449    0.0000    0.0000    0.0000
490     A         B          244           ILE        98.14         662  0  0  8.925  1.039  1.039   0.1480    0.0000    0.0000    0.0000
491     A         B          245           SER        94.82         662  0  0  8.925  1.039  1.039   0.1370    0.0000    0.0000    0.0000
492     A         B          246           ASP        92.09         662  0  0  8.925  1.039  1.039   0.1382    0.0000    0.0000    0.0000
493     A         B          247           GLN        93.47         662  0  0  8.925  1.039  1.039   0.1330    0.0000    0.0000    0.0000
494     A         B          248           ARG        93.27         662  0  0  8.925  1.039  1.039   0.1369    0.0000    0.0000    0.0000
495     A         B          249           LEU        95.87         662  0  0  8.925  1.039  1.039   0.1414    0.0000    0.0000    0.0000
496     A         B          250           SER        96.85         662  0  0  8.925  1.039  1.039   0.1385    0.0000    0.0000    0.0000
497     A         B          251           ILE        97.73         662  0  0  8.925  1.039  1.039   0.1435    0.0000    0.0000    0.0000
498     A         B          252           GLY        98.47         662  0  0  8.925  1.039  1.039   0.1379    0.0000    0.0000    0.0000
499     A         B          253           SER        97.89         662  0  0  8.925  1.039  1.039   0.1405    0.0000    0.0000    0.0000
500     A         B          254           PRO        98.16         662  0  0  8.925  1.039  1.039   0.1440    0.0000    0.0000    0.0000
501     A         B          255           SER        98.65         662  0  0  8.925  1.039  1.039   0.1424    0.0000    0.0000    0.0000
502     A         B          256           LYS        98.82         662  0  0  8.925  1.039  1.039   0.1442    0.0000    0.0000    0.0000
503     A         B          257           ILE        98.86         662  0  0  8.925  1.039  1.039   0.1444    0.0000    0.0000    0.0000
504     A         B          258           TYR        98.63         662  0  0  8.925  1.039  1.039   0.1448    0.0000    0.0000    0.0000
505     A         B          259           ASP        96.63         662  0  0  8.925  1.039  1.039   0.1394    0.0000    0.0000    0.0000
506     A         B          260           SER        97.65         662  0  0  8.925  1.039  1.039   0.1389    0.0000    0.0000    0.0000
507     A         B          261           LEU        94.42         662  0  0  8.925  1.039  1.039   0.1334    0.0000    0.0000    0.0000
508     A         B          262           GLY        95.88         662  0  0  8.925  1.039  1.039   0.1340    0.0000    0.0000    0.0000
509     A         B          263           GLN        95.38         662  0  0  8.925  1.039  1.039   0.1353    0.0000    0.0000    0.0000
510     A         B          264           PRO        97.88         662  0  0  8.925  1.039  1.039   0.1406    0.0000    0.0000    0.0000
511     A         B          265           VAL        98.61         662  0  0  8.925  1.039  1.039   0.1442    0.0000    0.0000    0.0000
512     A         B          266           PHE        98.78         662  0  0  8.925  1.039  1.039   0.1433    0.0000    0.0000    0.0000
513     A         B          267           TYR        98.88         662  0  0  8.925  1.039  1.039   0.1463    0.0000    0.0000    0.0000
514     A         B          268           GLN        98.68         662  0  0  8.925  1.039  1.039   0.1401    0.0000    0.0000    0.0000
515     A         B          269           ALA        97.91         662  0  0  8.925  1.039  1.039   0.1426    0.0000    0.0000    0.0000
516     A         B          270           SER        96.58         662  0  0  8.925  1.039  1.039   0.1407    0.0000    0.0000    0.0000
517     A         B          271           PHE        96.32         662  0  0  8.925  1.039  1.039   0.1441    0.0000    0.0000    0.0000
518     A         B          272           SER        95.57         662  0  0  8.925  1.039  1.039   0.1373    0.0000    0.0000    0.0000
519     A         B          273           TRP        95.68         662  0  0  8.925  1.039  1.039   0.1421    0.0000    0.0000    0.0000
520     A         B          274           ASP        96.25         662  0  0  8.925  1.039  1.039   0.1407    0.0000    0.0000    0.0000
521     A         B          275           THR        93.06         662  0  0  8.925  1.039  1.039   0.1430    0.0000    0.0000    0.0000
522     A         B          276           MET        94.38         662  0  0  8.925  1.039  1.039   0.1445    0.0000    0.0000    0.0000
523     A         B          277           ILE        98.08         662  0  0  8.925  1.039  1.039   0.1448    0.0000    0.0000    0.0000
524     A         B          278           LYS        97.92         662  0  0  8.925  1.039  1.039   0.1411    0.0000    0.0000    0.0000
525     A         B          279           PHE        98.56         662  0  0  8.925  1.039  1.039   0.1440    0.0000    0.0000    0.0000
526     A         B          280           GLY        98.09         662  0  0  8.925  1.039  1.039   0.1371    0.0000    0.0000    0.0000
527     A         B          281           ASP        97.10         662  0  0  8.925  1.039  1.039   0.1383    0.0000    0.0000    0.0000
528     A         B          282           VAL        98.01         662  0  0  8.925  1.039  1.039   0.1437    0.0000    0.0000    0.0000
529     A         B          283           LEU        95.72         662  0  0  8.925  1.039  1.039   0.1388    0.0000    0.0000    0.0000
530     A         B          284           THR        95.41         662  0  0  8.925  1.039  1.039   0.1375    0.0000    0.0000    0.0000
531     A         B          285           VAL        96.42         662  0  0  8.925  1.039  1.039   0.1411    0.0000    0.0000    0.0000
532     A         B          286           ASN        94.97         662  0  0  8.925  1.039  1.039   0.1392    0.0000    0.0000    0.0000
533     A         B          287           PRO        94.81         662  0  0  8.925  1.039  1.039   0.1369    0.0000    0.0000    0.0000
534     A         B          288           LEU        98.01         662  0  0  8.925  1.039  1.039   0.1435    0.0000    0.0000    0.0000
535     A         B          289           VAL        96.40         662  0  0  8.925  1.039  1.039   0.1403    0.0000    0.0000    0.0000
536     A         B          290           VAL        97.98         662  0  0  8.925  1.039  1.039   0.1434    0.0000    0.0000    0.0000
537     A         B          291           ASN        96.58         662  0  0  8.925  1.039  1.039   0.1382    0.0000    0.0000    0.0000
538     A         B          292           TRP        97.79         662  0  0  8.925  1.039  1.039   0.1421    0.0000    0.0000    0.0000
539     A         B          293           ARG        98.07         662  0  0  8.925  1.039  1.039   0.1395    0.0000    0.0000    0.0000
540     A         B          294           ASN        94.64         662  0  0  8.925  1.039  1.039   0.1323    0.0000    0.0000    0.0000
541     A         B          295           ASN        96.99         662  0  0  8.925  1.039  1.039   0.1395    0.0000    0.0000    0.0000
542     A         B          296           THR        91.31         662  0  0  8.925  1.039  1.039   0.1369    0.0000    0.0000    0.0000
543     A         B          297           VAL        93.22         662  0  0  8.925  1.039  1.039   0.1378    0.0000    0.0000    0.0000
544     A         B          298           ILE        96.90         662  0  0  8.925  1.039  1.039   0.1473    0.0000    0.0000    0.0000
545     A         B          299           SER        94.41         662  0  0  8.925  1.039  1.039   0.1425    0.0000    0.0000    0.0000
546     A         B          300           ARG        95.80         662  0  0  8.925  1.039  1.039   0.1413    0.0000    0.0000    0.0000
547     A         B          301           PRO        90.56         662  0  0  8.925  1.039  1.039   0.1394    0.0000    0.0000    0.0000
548     A         B          302           GLY        87.96         662  0  0  8.925  1.039  1.039   0.1352    0.0000    0.0000    0.0000
549     A         B          303           GLN        78.41         662  0  0  8.925  1.039  1.039   0.1324    0.0000    0.0000    0.0000
550     A         B          304           SER        72.90         662  0  0  8.925  1.039  1.039   0.1318    0.0000    0.0000    0.0000
551     A         B          305           GLN        81.72         662  0  0  8.925  1.039  1.039   0.1353    0.0000    0.0000    0.0000
552     A         B          306           CYS        90.20         662  0  0  8.925  1.039  1.039   0.1410    0.0000    0.0000    0.0000
553     A         B          307           PRO        85.38         662  0  0  8.925  1.039  1.039   0.1383    0.0000    0.0000    0.0000
554     A         B          308           ARG        87.99         662  0  0  8.925  1.039  1.039   0.1416    0.0000    0.0000    0.0000
555     A         B          309           PHE        79.71         662  0  0  8.925  1.039  1.039   0.1406    0.0000    0.0000    0.0000
556     A         B          310           ASN        89.54         662  0  0  8.925  1.039  1.039   0.1389    0.0000    0.0000    0.0000
557     A         B          311           THR        89.69         662  0  0  8.925  1.039  1.039   0.1364    0.0000    0.0000    0.0000
558     A         B          312           CYS        93.36         662  0  0  8.925  1.039  1.039   0.1389    0.0000    0.0000    0.0000
559     A         B          313           PRO        95.86         662  0  0  8.925  1.039  1.039   0.1374    0.0000    0.0000    0.0000
560     A         B          314           GLU        93.07         662  0  0  8.925  1.039  1.039   0.1412    0.0000    0.0000    0.0000
561     A         B          315           ILE        94.43         662  0  0  8.925  1.039  1.039   0.1420    0.0000    0.0000    0.0000
562     A         B          316           CYS        93.10         662  0  0  8.925  1.039  1.039   0.1407    0.0000    0.0000    0.0000
563     A         B          317           TRP        94.17         662  0  0  8.925  1.039  1.039   0.1436    0.0000    0.0000    0.0000
564     A         B          318           GLU        91.10         662  0  0  8.925  1.039  1.039   0.1416    0.0000    0.0000    0.0000
565     A         B          319           GLY        92.55         662  0  0  8.925  1.039  1.039   0.1397    0.0000    0.0000    0.0000
566     A         B          320           VAL        93.49         662  0  0  8.925  1.039  1.039   0.1453    0.0000    0.0000    0.0000
567     A         B          321           TYR        97.52         662  0  0  8.925  1.039  1.039   0.1463    0.0000    0.0000    0.0000
568     A         B          322           ASN        98.17         662  0  0  8.925  1.039  1.039   0.1460    0.0000    0.0000    0.0000
569     A         B          323           ASP        97.42         662  0  0  8.925  1.039  1.039   0.1440    0.0000    0.0000    0.0000
570     A         B          324           ALA        98.54         662  0  0  8.925  1.039  1.039   0.1434    0.0000    0.0000    0.0000
571     A         B          325           PHE        98.67         662  0  0  8.925  1.039  1.039   0.1464    0.0000    0.0000    0.0000
572     A         B          326           LEU        97.96         662  0  0  8.925  1.039  1.039   0.1432    0.0000    0.0000    0.0000
573     A         B          327           ILE        97.87         662  0  0  8.925  1.039  1.039   0.1430    0.0000    0.0000    0.0000
574     A         B          328           ASP        95.93         662  0  0  8.925  1.039  1.039   0.1391    0.0000    0.0000    0.0000
575     A         B          329           ARG        95.12         662  0  0  8.925  1.039  1.039   0.1332    0.0000    0.0000    0.0000
576     A         B          330           ILE        91.85         662  0  0  8.925  1.039  1.039   0.1342    0.0000    0.0000    0.0000
577     A         B          331           ASN        95.35         662  0  0  8.925  1.039  1.039   0.1341    0.0000    0.0000    0.0000
578     A         B          332           TRP        97.60         662  0  0  8.925  1.039  1.039   0.1391    0.0000    0.0000    0.0000
579     A         B          333           ILE        97.70         662  0  0  8.925  1.039  1.039   0.1435    0.0000    0.0000    0.0000
580     A         B          334           SER        98.64         662  0  0  8.925  1.039  1.039   0.1420    0.0000    0.0000    0.0000
581     A         B          335           ALA        98.72         662  0  0  8.925  1.039  1.039   0.1404    0.0000    0.0000    0.0000
582     A         B          336           GLY        98.86         662  0  0  8.925  1.039  1.039   0.1405    0.0000    0.0000    0.0000
583     A         B          337           VAL        98.61         662  0  0  8.925  1.039  1.039   0.1440    0.0000    0.0000    0.0000
584     A         B          338           PHE        97.03         662  0  0  8.925  1.039  1.039   0.1452    0.0000    0.0000    0.0000
585     A         B          339           LEU        94.35         662  0  0  8.925  1.039  1.039   0.1457    0.0000    0.0000    0.0000
586     A         B          340           ASP        90.36         662  0  0  8.925  1.039  1.039   0.1392    0.0000    0.0000    0.0000
587     A         B          341           SER        85.92         662  0  0  8.925  1.039  1.039   0.1404    0.0000    0.0000    0.0000
588     A         B          342           ASN        79.72         662  0  0  8.925  1.039  1.039   0.1382    0.0000    0.0000    0.0000
589     A         B          343           GLN        71.84         662  0  0  8.925  1.039  1.039   0.1370    0.0000    0.0000    0.0000
590     A         B          344           THR        81.65         662  0  0  8.925  1.039  1.039   0.1384    0.0000    0.0000    0.0000
591     A         B          345           ALA        86.97         662  0  0  8.925  1.039  1.039   0.1435    0.0000    0.0000    0.0000
592     A         B          346           GLU        84.95         662  0  0  8.925  1.039  1.039   0.1437    0.0000    0.0000    0.0000
593     A         B          347           ASN        90.49         662  0  0  8.925  1.039  1.039   0.1461    0.0000    0.0000    0.0000
594     A         B          348           PRO        95.57         662  0  0  8.925  1.039  1.039   0.1455    0.0000    0.0000    0.0000
595     A         B          349           VAL        96.36         662  0  0  8.925  1.039  1.039   0.1432    0.0000    0.0000    0.0000
596     A         B          350           PHE        98.58         662  0  0  8.925  1.039  1.039   0.1424    0.0000    0.0000    0.0000
597     A         B          351           THR        97.59         662  0  0  8.925  1.039  1.039   0.1425    0.0000    0.0000    0.0000
598     A         B          352           VAL        98.57         662  0  0  8.925  1.039  1.039   0.1420    0.0000    0.0000    0.0000
599     A         B          353           PHE        97.79         662  0  0  8.925  1.039  1.039   0.1449    0.0000    0.0000    0.0000
600     A         B          354           LYS        97.41         662  0  0  8.925  1.039  1.039   0.1361    0.0000    0.0000    0.0000
601     A         B          355           ASP        96.64         662  0  0  8.925  1.039  1.039   0.1342    0.0000    0.0000    0.0000
602     A         B          356           ASN        92.61         662  0  0  8.925  1.039  1.039   0.1318    0.0000    0.0000    0.0000
603     A         B          357           GLU        93.31         662  0  0  8.925  1.039  1.039   0.1317    0.0000    0.0000    0.0000
604     A         B          358           ILE        94.44         662  0  0  8.925  1.039  1.039   0.1404    0.0000    0.0000    0.0000
605     A         B          359           LEU        97.21         662  0  0  8.925  1.039  1.039   0.1378    0.0000    0.0000    0.0000
606     A         B          360           TYR        96.77         662  0  0  8.925  1.039  1.039   0.1296    0.0000    0.0000    0.0000
607     A         B          361           ARG        93.68         662  0  0  8.925  1.039  1.039   0.1291    0.0000    0.0000    0.0000
608     A         B          362           ALA        96.49         662  0  0  8.925  1.039  1.039   0.1370    0.0000    0.0000    0.0000
609     A         B          363           GLN        92.34         662  0  0  8.925  1.039  1.039   0.1346    0.0000    0.0000    0.0000
610     A         B          364           LEU        95.12         662  0  0  8.925  1.039  1.039   0.1407    0.0000    0.0000    0.0000
611     A         B          365           ALA        87.66         662  0  0  8.925  1.039  1.039   0.1366    0.0000    0.0000    0.0000
612     A         B          366           SER        80.98         662  0  0  8.925  1.039  1.039   0.1351    0.0000    0.0000    0.0000
613     A         B          367           GLU        75.35         662  0  0  8.925  1.039  1.039   0.1364    0.0000    0.0000    0.0000
614     A         B          368           ASP        72.48         662  0  0  8.925  1.039  1.039   0.1354    0.0000    0.0000    0.0000
615     A         B          369           THR        84.22         662  0  0  8.925  1.039  1.039   0.1422    0.0000    0.0000    0.0000
616     A         B          370           ASN        80.16         662  0  0  8.925  1.039  1.039   0.1408    0.0000    0.0000    0.0000
617     A         B          371           ALA        91.28         662  0  0  8.925  1.039  1.039   0.1437    0.0000    0.0000    0.0000
618     A         B          372           GLN        88.73         662  0  0  8.925  1.039  1.039   0.1417    0.0000    0.0000    0.0000
619     A         B          373           LYS        94.21         662  0  0  8.925  1.039  1.039   0.1452    0.0000    0.0000    0.0000
620     A         B          374           THR        97.88         662  0  0  8.925  1.039  1.039   0.1469    0.0000    0.0000    0.0000
621     A         B          375           ILE        98.52         662  0  0  8.925  1.039  1.039   0.1468    0.0000    0.0000    0.0000
622     A         B          376           THR        98.82         662  0  0  8.925  1.039  1.039   0.1469    0.0000    0.0000    0.0000
623     A         B          377           ASN        98.47         662  0  0  8.925  1.039  1.039   0.1456    0.0000    0.0000    0.0000
624     A         B          378           CYS        98.33         662  0  0  8.925  1.039  1.039   0.1464    0.0000    0.0000    0.0000
625     A         B          379           PHE        97.06         662  0  0  8.925  1.039  1.039   0.1428    0.0000    0.0000    0.0000
626     A         B          380           LEU        94.98         662  0  0  8.925  1.039  1.039   0.1380    0.0000    0.0000    0.0000
627     A         B          381           LEU        93.49         662  0  0  8.925  1.039  1.039   0.1358    0.0000    0.0000    0.0000
628     A         B          382           LYS        89.14         662  0  0  8.925  1.039  1.039   0.1262    0.0000    0.0000    0.0000
629     A         B          383           ASN        91.10         662  0  0  8.925  1.039  1.039   0.1243    0.0000    0.0000    0.0000
630     A         B          384           LYS        93.81         662  0  0  8.925  1.039  1.039   0.1331    0.0000    0.0000    0.0000
631     A         B          385           ILE        96.92         662  0  0  8.925  1.039  1.039   0.1398    0.0000    0.0000    0.0000
632     A         B          386           TRP        97.21         662  0  0  8.925  1.039  1.039   0.1441    0.0000    0.0000    0.0000
633     A         B          387           CYS        98.48         662  0  0  8.925  1.039  1.039   0.1457    0.0000    0.0000    0.0000
634     A         B          388           ILE        96.75         662  0  0  8.925  1.039  1.039   0.1459    0.0000    0.0000    0.0000
635     A         B          389           SER        97.97         662  0  0  8.925  1.039  1.039   0.1441    0.0000    0.0000    0.0000
636     A         B          390           LEU        95.65         662  0  0  8.925  1.039  1.039   0.1472    0.0000    0.0000    0.0000
637     A         B          391           VAL        95.49         662  0  0  8.925  1.039  1.039   0.1468    0.0000    0.0000    0.0000
638     A         B          392           GLU        90.03         662  0  0  8.925  1.039  1.039   0.1465    0.0000    0.0000    0.0000
639     A         B          393           ILE        87.59         662  0  0  8.925  1.039  1.039   0.1437    0.0000    0.0000    0.0000
640     A         B          394           TYR        74.59         662  0  0  8.925  1.039  1.039   0.1347    0.0000    0.0000    0.0000
641     A         B          395           ASP        61.25         662  0  0  8.925  1.039  1.039   0.1297    0.0000    0.0000    0.0000
642     A         B          396           THR        54.87         662  0  0  8.925  1.039  1.039   0.1191    0.0000    0.0000    0.0000
643     A         B          397           GLY        54.21         662  0  0  8.925  1.039  1.039   0.1168    0.0000    0.0000    0.0000
644     A         B          398           ASP        52.84         662  0  0  8.925  1.039  1.039   0.1227    0.0000    0.0000    0.0000
645     A         B          399           ASN        58.34         662  0  0  8.925  1.039  1.039   0.1265    0.0000    0.0000    0.0000
646     A         B          400           VAL        65.77         662  0  0  8.925  1.039  1.039   0.1323    0.0000    0.0000    0.0000
647     A         B          401           ILE        70.58         662  0  0  8.925  1.039  1.039   0.1356    0.0000    0.0000    0.0000
648     A         B          402           ARG        77.82         662  0  0  8.925  1.039  1.039   0.1376    0.0000    0.0000    0.0000
649     A         B          403           PRO        88.11         662  0  0  8.925  1.039  1.039   0.1443    0.0000    0.0000    0.0000
650     A         B          404           LYS        88.54         662  0  0  8.925  1.039  1.039   0.1432    0.0000    0.0000    0.0000
651     A         B          405           LEU        92.17         662  0  0  8.925  1.039  1.039   0.1459    0.0000    0.0000    0.0000
652     A         B          406           PHE        96.14         662  0  0  8.925  1.039  1.039   0.1431    0.0000    0.0000    0.0000
653     A         B          407           ALA        95.51         662  0  0  8.925  1.039  1.039   0.1408    0.0000    0.0000    0.0000
654     A         B          408           VAL        98.07         662  0  0  8.925  1.039  1.039   0.1404    0.0000    0.0000    0.0000
655     A         B          409           LYS        96.49         662  0  0  8.925  1.039  1.039   0.1378    0.0000    0.0000    0.0000
656     A         B          410           ILE        97.62         662  0  0  8.925  1.039  1.039   0.1396    0.0000    0.0000    0.0000
657     A         B          411           PRO        95.22         662  0  0  8.925  1.039  1.039   0.1291    0.0000    0.0000    0.0000
658     A         B          412           GLU        90.73         662  0  0  8.925  1.039  1.039   0.1150    0.0000    0.0000    0.0000
659     A         B          413           GLN        89.48         662  0  0  8.925  1.039  1.039   0.1046    0.0000    0.0000    0.0000
660     A         B          414           CYS        91.59         662  0  0  8.925  1.039  1.039   0.1041    0.0000    0.0000    0.0000
661     A         B          415           THR        81.30         662  0  0  8.925  1.039  1.039   0.0887    0.0000    0.0000    0.0000
662     A         B          416           HIS        62.36         662  0  0  8.925  1.039  1.039   0.0810    0.0000    0.0000    0.0000
1       B         A            1           ALA        75.59         662  238  0  8.925  5.720  1.039   0.1014    0.0000    0.0000    0.0000
2       B         A            2           VAL        88.82         662  238  3  8.925  5.720  1.039   0.1532    0.2659    0.1295    0.0049
3       B         A            3           THR        94.18         662  238  6  8.925  5.720  1.039   0.1572    0.2732    0.1338    0.0051
4       B         A            4           LEU        96.53         662  238  14  8.925  5.720  1.039   0.1678    0.2882    0.1427    0.0055
5       B         A            5           THR        96.71         662  238  15  8.925  5.720  1.039   0.1668    0.2834    0.1398    0.0053
6       B         A            6           GLU        96.30         662  238  12  8.925  5.720  1.039   0.1644    0.2851    0.1408    0.0054
7       B         A            7           SER        97.35         662  238  11  8.925  5.720  1.039   0.1640    0.2828    0.1394    0.0053
8       B         A            8           GLY        97.52         662  238  5  8.925  5.720  1.039   0.1560    0.2709    0.1324    0.0050
9       B         A            9           GLY        95.55         662  238  0  8.925  5.720  1.039   0.1501    0.0000    0.0000    0.0000
10      B         A           10           GLY        94.38         662  238  2  8.925  5.720  1.039   0.1534    0.2629    0.1278    0.0048
11      B         A           11           THR        89.96         662  238  4  8.925  5.720  1.039   0.1567    0.2660    0.1295    0.0049
12      B         A           12           VAL        91.73         662  238  2  8.925  5.720  1.039   0.1523    0.2651    0.1290    0.0049
13      B         A           13           ALA        88.82         662  238  0  8.925  5.720  1.039   0.1498    0.0000    0.0000    0.0000
14      B         A           14           PRO        87.02         662  238  6  8.925  5.720  1.039   0.1563    0.2717    0.1328    0.0050
15      B         A           15           GLY        90.27         662  238  7  8.925  5.720  1.039   0.1575    0.2727    0.1335    0.0051
16      B         A           16           SER        91.57         662  238  3  8.925  5.720  1.039   0.1531    0.2637    0.1282    0.0048
17      B         A           17           SER        96.11         662  238  10  8.925  5.720  1.039   0.1602    0.2854    0.1410    0.0054
18      B         A           18           VAL        96.80         662  238  10  8.925  5.720  1.039   0.1649    0.2856    0.1411    0.0054
19      B         A           19           THR        97.92         662  238  15  8.925  5.720  1.039   0.1697    0.2970    0.1480    0.0057
20      B         A           20           LEU        98.55         662  238  17  8.925  5.720  1.039   0.1719    0.2982    0.1488    0.0057
21      B         A           21           THR        98.50         662  238  15  8.925  5.720  1.039   0.1701    0.2977    0.1485    0.0057
22      B         A           22           CYS        98.19         662  238  14  8.925  5.720  1.039   0.1694    0.2930    0.1456    0.0056
23      B         A           23           THR        97.73         662  238  15  8.925  5.720  1.039   0.1683    0.2908    0.1443    0.0055
24      B         A           24           ALA        96.16         662  238  11  8.925  5.720  1.039   0.1630    0.2864    0.1416    0.0054
25      B         A           25           SER        95.40         662  238  9  8.925  5.720  1.039   0.1614    0.2816    0.1387    0.0053
26      B         A           26           GLY        94.44         662  238  9  8.925  5.720  1.039   0.1625    0.2845    0.1404    0.0054
27      B         A           27           PHE        91.52         662  238  11  8.925  5.720  1.039   0.1640    0.2901    0.1438    0.0055
28      B         A           28           ASN        87.95         662  238  15  8.925  5.720  1.039   0.1663    0.2926    0.1454    0.0056
29      B         A           29           PHE        94.44         662  238  16  8.925  5.720  1.039   0.1682    0.2927    0.1455    0.0056
30      B         A           30           SER        88.48         662  238  17  8.925  5.720  1.039   0.1671    0.2990    0.1493    0.0058
31      B         A           31           LYS        80.74         662  238  14  8.925  5.720  1.039   0.1659    0.2990    0.1493    0.0058
32      B         A           32           TYR        89.28         662  238  14  8.925  5.720  1.039   0.1676    0.2968    0.1479    0.0057
33      B         A           33           ILE        85.59         662  238  18  8.925  5.720  1.039   0.1694    0.3017    0.1511    0.0059
34      B         A           34           LEU        95.26         662  238  21  8.925  5.720  1.039   0.1724    0.2994    0.1496    0.0058
35      B         A           35           ALA        94.42         662  238  19  8.925  5.720  1.039   0.1704    0.2943    0.1465    0.0056
36      B         A           36           TRP        98.27         662  238  21  8.925  5.720  1.039   0.1742    0.2941    0.1464    0.0056
37      B         A           37           VAL        96.74         662  238  20  8.925  5.720  1.039   0.1736    0.2939    0.1463    0.0056
38      B         A           38           ARG        95.33         662  238  16  8.925  5.720  1.039   0.1700    0.2925    0.1454    0.0056
39      B         A           39           GLN        92.58         662  238  16  8.925  5.720  1.039   0.1703    0.2928    0.1455    0.0056
40      B         A           40           ALA        87.12         662  238  14  8.925  5.720  1.039   0.1688    0.2879    0.1425    0.0055
41      B         A           41           PRO        80.35         662  238  0  8.925  5.720  1.039   0.1479    0.0000    0.0000    0.0000
42      B         A           42           GLY        82.40         662  238  0  8.925  5.720  1.039   0.1469    0.0000    0.0000    0.0000
43      B         A           43           GLN        84.72         662  238  10  8.925  5.720  1.039   0.1634    0.2808    0.1382    0.0053
44      B         A           44           PRO        85.95         662  238  10  8.925  5.720  1.039   0.1638    0.2872    0.1420    0.0054
45      B         A           45           LEU        94.39         662  238  15  8.925  5.720  1.039   0.1691    0.2911    0.1445    0.0055
46      B         A           46           GLU        90.82         662  238  16  8.925  5.720  1.039   0.1703    0.2911    0.1445    0.0055
47      B         A           47           TRP        93.03         662  238  14  8.925  5.720  1.039   0.1672    0.2934    0.1459    0.0056
48      B         A           48           VAL        95.63         662  238  18  8.925  5.720  1.039   0.1709    0.2895    0.1436    0.0055
49      B         A           49           ALA        96.30         662  238  16  8.925  5.720  1.039   0.1687    0.2972    0.1482    0.0057
50      B         A           50           SER        88.20         662  238  19  8.925  5.720  1.039   0.1701    0.3011    0.1506    0.0058
51      B         A           51           ILE        94.13         662  238  19  8.925  5.720  1.039   0.1691    0.3016    0.1510    0.0059
52      B         A           52           SER        80.74         662  238  15  8.925  5.720  1.039   0.1653    0.2984    0.1489    0.0058
53      B         A           53           PRO        80.94         662  238  13  8.925  5.720  1.039   0.1647    0.3003    0.1500    0.0058
54      B         A           54           ASP        77.65         662  238  14  8.925  5.720  1.039   0.1633    0.2899    0.1438    0.0055
55      B         A           55           GLY        88.22         662  238  11  8.925  5.720  1.039   0.1616    0.2918    0.1448    0.0056
56      B         A           56           SER        75.88         662  238  12  8.925  5.720  1.039   0.1594    0.2942    0.1463    0.0056
57      B         A           57           LYS        74.28         662  238  14  8.925  5.720  1.039   0.1627    0.2951    0.1469    0.0057
58      B         A           58           THR        90.46         662  238  15  8.925  5.720  1.039   0.1635    0.2996    0.1497    0.0058
59      B         A           59           ARG        83.34         662  238  14  8.925  5.720  1.039   0.1634    0.3006    0.1503    0.0058
60      B         A           60           TYR        91.98         662  238  17  8.925  5.720  1.039   0.1672    0.2999    0.1499    0.0058
61      B         A           61           HIS        90.56         662  238  12  8.925  5.720  1.039   0.1678    0.2932    0.1457    0.0056
62      B         A           62           PRO        80.36         662  238  11  8.925  5.720  1.039   0.1638    0.2925    0.1453    0.0056
63      B         A           63           ALA        83.25         662  238  14  8.925  5.720  1.039   0.1659    0.2866    0.1417    0.0054
64      B         A           64           VAL        92.24         662  238  12  8.925  5.720  1.039   0.1644    0.2869    0.1419    0.0054
65      B         A           65           LYS        83.90         662  238  3  8.925  5.720  1.039   0.1513    0.2697    0.1317    0.0050
66      B         A           66           GLY        88.42         662  238  10  8.925  5.720  1.039   0.1594    0.2831    0.1396    0.0053
67      B         A           67           ARG        92.24         662  238  9  8.925  5.720  1.039   0.1585    0.2810    0.1383    0.0053
68      B         A           68           ALA        95.85         662  238  13  8.925  5.720  1.039   0.1654    0.2911    0.1444    0.0055
69      B         A           69           THR        97.74         662  238  15  8.925  5.720  1.039   0.1670    0.2966    0.1478    0.0057
70      B         A           70           ALA        97.56         662  238  16  8.925  5.720  1.039   0.1689    0.2976    0.1485    0.0057
71      B         A           71           SER        97.35         662  238  14  8.925  5.720  1.039   0.1650    0.2948    0.1467    0.0057
72      B         A           72           LYS        94.13         662  238  11  8.925  5.720  1.039   0.1624    0.2901    0.1438    0.0055
73      B         A           73           ASP        97.46         662  238  15  8.925  5.720  1.039   0.1644    0.2908    0.1443    0.0055
74      B         A           74           ASN        94.87         662  238  14  8.925  5.720  1.039   0.1635    0.2888    0.1431    0.0055
75      B         A           75           SER        96.40         662  238  14  8.925  5.720  1.039   0.1635    0.2937    0.1460    0.0056
76      B         A           76           LYS        96.84         662  238  11  8.925  5.720  1.039   0.1626    0.2875    0.1423    0.0054
77      B         A           77           ASN        96.87         662  238  15  8.925  5.720  1.039   0.1667    0.2926    0.1454    0.0056
78      B         A           78           THR        98.08         662  238  15  8.925  5.720  1.039   0.1660    0.2919    0.1450    0.0056
79      B         A           79           ALA        98.05         662  238  16  8.925  5.720  1.039   0.1697    0.2974    0.1483    0.0057
80      B         A           80           TYR        98.55         662  238  16  8.925  5.720  1.039   0.1706    0.3001    0.1500    0.0058
81      B         A           81           LEU        98.71         662  238  17  8.925  5.720  1.039   0.1728    0.2985    0.1490    0.0058
82      B         A           82           GLU        98.32         662  238  15  8.925  5.720  1.039   0.1691    0.2987    0.1491    0.0058
83      B         A           83           LEU        97.03         662  238  16  8.925  5.720  1.039   0.1678    0.2904    0.1440    0.0055
84      B         A           84           LYS        95.55         662  238  13  8.925  5.720  1.039   0.1644    0.2894    0.1435    0.0055
85      B         A           85           ASP        91.79         662  238  10  8.925  5.720  1.039   0.1633    0.2864    0.1416    0.0054
86      B         A           86           LEU        93.31         662  238  12  8.925  5.720  1.039   0.1635    0.2851    0.1408    0.0054
87      B         A           87           ARG        86.04         662  238  5  8.925  5.720  1.039   0.1557    0.2715    0.1327    0.0050
88      B         A           88           PRO        82.34         662  238  5  8.925  5.720  1.039   0.1572    0.2690    0.1313    0.0050
89      B         A           89           GLU        83.62         662  238  9  8.925  5.720  1.039   0.1623    0.2861    0.1414    0.0054
90      B         A           90           ASP        92.91         662  238  12  8.925  5.720  1.039   0.1643    0.2857    0.1412    0.0054
91      B         A           91           THR        89.68         662  238  14  8.925  5.720  1.039   0.1682    0.2845    0.1405    0.0054
92      B         A           92           ALA        93.52         662  238  14  8.925  5.720  1.039   0.1688    0.2853    0.1410    0.0054
93      B         A           93           THR        94.59         662  238  15  8.925  5.720  1.039   0.1734    0.2980    0.1486    0.0057
94      B         A           94           TYR        98.00         662  238  18  8.925  5.720  1.039   0.1755    0.2963    0.1477    0.0057
95      B         A           95           TYR        96.79         662  238  16  8.925  5.720  1.039   0.1756    0.2978    0.1485    0.0057
96      B         A           96           CYS        95.64         662  238  17  8.925  5.720  1.039   0.1712    0.2895    0.1435    0.0055
97      B         A           97           GLY        95.83         662  238  15  8.925  5.720  1.039   0.1699    0.2917    0.1449    0.0056
98      B         A           98           ILE        93.00         662  238  19  8.925  5.720  1.039   0.1699    0.2931    0.1458    0.0056
99      B         A           99           ILE        83.80         662  238  15  8.925  5.720  1.039   0.1673    0.2880    0.1426    0.0055
100     B         A          100           PRO        75.87         662  238  0  8.925  5.720  1.039   0.1491    0.0000    0.0000    0.0000
101     B         A          101           GLN        60.09         662  238  0  8.925  5.720  1.039   0.1425    0.0000    0.0000    0.0000
102     B         A          102           GLY        56.82         662  238  0  8.925  5.720  1.039   0.1451    0.0000    0.0000    0.0000
103     B         A          103           SER        48.81         662  238  0  8.925  5.720  1.039   0.1474    0.0000    0.0000    0.0000
104     B         A          104           VAL        43.84         662  238  0  8.925  5.720  1.039   0.1534    0.0000    0.0000    0.0000
105     B         A          105           HIS        50.40         662  238  0  8.925  5.720  1.039   0.1547    0.0000    0.0000    0.0000
106     B         A          106           GLY        52.82         662  238  0  8.925  5.720  1.039   0.1494    0.0000    0.0000    0.0000
107     B         A          107           ASP        65.90         662  238  4  8.925  5.720  1.039   0.1558    0.2739    0.1342    0.0051
108     B         A          108           TYR        74.27         662  238  9  8.925  5.720  1.039   0.1614    0.2792    0.1373    0.0052
109     B         A          109           SER        83.91         662  238  13  8.925  5.720  1.039   0.1660    0.2882    0.1427    0.0055
110     B         A          110           MET        91.33         662  238  11  8.925  5.720  1.039   0.1670    0.2893    0.1433    0.0055
111     B         A          111           THR        82.62         662  238  11  8.925  5.720  1.039   0.1650    0.2819    0.1389    0.0053
112     B         A          112           HIS        91.76         662  238  11  8.925  5.720  1.039   0.1678    0.2901    0.1438    0.0055
113     B         A          113           TRP        95.12         662  238  15  8.925  5.720  1.039   0.1726    0.2903    0.1440    0.0055
114     B         A          114           GLY        96.63         662  238  15  8.925  5.720  1.039   0.1703    0.2887    0.1430    0.0055
115     B         A          115           GLN        93.27         662  238  9  8.925  5.720  1.039   0.1610    0.2739    0.1342    0.0051
116     B         A          116           GLY        96.24         662  238  10  8.925  5.720  1.039   0.1641    0.2804    0.1380    0.0053
117     B         A          117           THR        96.79         662  238  15  8.925  5.720  1.039   0.1690    0.2915    0.1447    0.0056
118     B         A          118           GLU        93.32         662  238  10  8.925  5.720  1.039   0.1654    0.2845    0.1405    0.0054
119     B         A          119           LEU        95.41         662  238  14  8.925  5.720  1.039   0.1671    0.2868    0.1419    0.0054
120     B         A          120           ARG        90.17         662  238  8  8.925  5.720  1.039   0.1592    0.2730    0.1337    0.0051
121     B         A          121           VAL        89.97         662  238  3  8.925  5.720  1.039   0.1569    0.2685    0.1310    0.0049
122     B         A          122           GLU        78.94         662  238  0  8.925  5.720  1.039   0.1186    0.0000    0.0000    0.0000
123     B         A          123           ALA        57.07         662  238  0  8.925  5.720  1.039   0.0877    0.0000    0.0000    0.0000
124     B         A          124           GLY        58.25         662  238  0  8.925  5.720  1.039   0.0827    0.0000    0.0000    0.0000
125     B         A          125           GLY        49.95         662  238  0  8.925  5.720  1.039   0.0798    0.0000    0.0000    0.0000
126     B         A          126           GLY        48.45         662  238  0  8.925  5.720  1.039   0.0790    0.0000    0.0000    0.0000
127     B         A          127           SER        45.08         662  238  0  8.925  5.720  1.039   0.0790    0.0000    0.0000    0.0000
128     B         A          128           GLY        45.07         662  238  0  8.925  5.720  1.039   0.0790    0.0000    0.0000    0.0000
129     B         A          129           GLY        44.82         662  238  0  8.925  5.720  1.039   0.0796    0.0000    0.0000    0.0000
130     B         A          130           GLY        44.21         662  238  0  8.925  5.720  1.039   0.0802    0.0000    0.0000    0.0000
131     B         A          131           SER        44.04         662  238  0  8.925  5.720  1.039   0.0816    0.0000    0.0000    0.0000
132     B         A          132           GLY        44.20         662  238  0  8.925  5.720  1.039   0.0819    0.0000    0.0000    0.0000
133     B         A          133           GLY        44.02         662  238  0  8.925  5.720  1.039   0.0828    0.0000    0.0000    0.0000
134     B         A          134           GLY        44.64         662  238  0  8.925  5.720  1.039   0.0832    0.0000    0.0000    0.0000
135     B         A          135           SER        42.86         662  238  0  8.925  5.720  1.039   0.0844    0.0000    0.0000    0.0000
136     B         A          136           GLY        46.11         662  238  0  8.925  5.720  1.039   0.0859    0.0000    0.0000    0.0000
137     B         A          137           GLY        50.24         662  238  0  8.925  5.720  1.039   0.0878    0.0000    0.0000    0.0000
138     B         A          138           GLY        56.81         662  238  0  8.925  5.720  1.039   0.0942    0.0000    0.0000    0.0000
139     B         A          139           SER        64.01         662  238  0  8.925  5.720  1.039   0.1143    0.0000    0.0000    0.0000
140     B         A          140           PRO        78.21         662  238  0  8.925  5.720  1.039   0.1398    0.0000    0.0000    0.0000
141     B         A          141           VAL        88.64         662  238  13  8.925  5.720  1.039   0.1620    0.2896    0.1436    0.0055
142     B         A          142           VAL        92.06         662  238  15  8.925  5.720  1.039   0.1688    0.2896    0.1435    0.0055
143     B         A          143           LEU        96.62         662  238  16  8.925  5.720  1.039   0.1697    0.2984    0.1489    0.0057
144     B         A          144           THR        96.75         662  238  15  8.925  5.720  1.039   0.1711    0.2982    0.1487    0.0057
145     B         A          145           GLN        97.15         662  238  15  8.925  5.720  1.039   0.1673    0.2928    0.1455    0.0056
146     B         A          146           SER        95.55         662  238  10  8.925  5.720  1.039   0.1616    0.2886    0.1429    0.0055
147     B         A          147           PRO        95.84         662  238  9  8.925  5.720  1.039   0.1591    0.2799    0.1377    0.0052
148     B         A          148           LEU        94.42         662  238  9  8.925  5.720  1.039   0.1619    0.2801    0.1378    0.0052
149     B         A          149           SER        94.15         662  238  4  8.925  5.720  1.039   0.1545    0.2680    0.1307    0.0049
150     B         A          150           LEU        93.24         662  238  0  8.925  5.720  1.039   0.1497    0.0000    0.0000    0.0000
151     B         A          151           SER        95.20         662  238  4  8.925  5.720  1.039   0.1541    0.2661    0.1296    0.0049
152     B         A          152           ALA        95.39         662  238  5  8.925  5.720  1.039   0.1565    0.2688    0.1312    0.0050
153     B         A          153           LYS        94.96         662  238  2  8.925  5.720  1.039   0.1524    0.2644    0.1286    0.0048
154     B         A          154           VAL        94.95         662  238  10  8.925  5.720  1.039   0.1640    0.2844    0.1404    0.0054
155     B         A          155           GLY        96.27         662  238  10  8.925  5.720  1.039   0.1611    0.2804    0.1380    0.0053
156     B         A          156           ASP        95.24         662  238  12  8.925  5.720  1.039   0.1647    0.2867    0.1418    0.0054
157     B         A          157           THR        96.58         662  238  14  8.925  5.720  1.039   0.1646    0.2862    0.1415    0.0054
158     B         A          158           VAL        95.29         662  238  13  8.925  5.720  1.039   0.1655    0.2843    0.1403    0.0054
159     B         A          159           THR        96.99         662  238  15  8.925  5.720  1.039   0.1683    0.2950    0.1468    0.0057
160     B         A          160           ILE        97.78         662  238  21  8.925  5.720  1.039   0.1745    0.2967    0.1480    0.0057
161     B         A          161           THR        98.10         662  238  17  8.925  5.720  1.039   0.1719    0.3040    0.1524    0.0059
162     B         A          162           CYS        98.11         662  238  16  8.925  5.720  1.039   0.1696    0.2998    0.1497    0.0058
163     B         A          163           THR        97.40         662  238  17  8.925  5.720  1.039   0.1716    0.3024    0.1514    0.0059
164     B         A          164           ALA        95.10         662  238  16  8.925  5.720  1.039   0.1671    0.3001    0.1500    0.0058
165     B         A          165           SER        90.38         662  238  15  8.925  5.720  1.039   0.1686    0.2949    0.1468    0.0056
166     B         A          166           SER        82.89         662  238  15  8.925  5.720  1.039   0.1640    0.2980    0.1486    0.0057
167     B         A          167           PRO        80.24         662  238  16  8.925  5.720  1.039   0.1641    0.3000    0.1500    0.0058
168     B         A          168           VAL        88.63         662  238  18  8.925  5.720  1.039   0.1722    0.3016    0.1509    0.0058
169     B         A          169           ASP        74.08         662  238  19  8.925  5.720  1.039   0.1690    0.3041    0.1525    0.0059
170     B         A          170           ASN        79.06         662  238  16  8.925  5.720  1.039   0.1665    0.3023    0.1513    0.0059
171     B         A          171           LEU        81.33         662  238  22  8.925  5.720  1.039   0.1754    0.3107    0.1566    0.0061
172     B         A          172           VAL        93.68         662  238  23  8.925  5.720  1.039   0.1754    0.3073    0.1546    0.0060
173     B         A          173           SER        93.27         662  238  19  8.925  5.720  1.039   0.1728    0.3034    0.1521    0.0059
174     B         A          174           TRP        98.10         662  238  23  8.925  5.720  1.039   0.1775    0.3024    0.1515    0.0059
175     B         A          175           TYR        96.86         662  238  24  8.925  5.720  1.039   0.1801    0.3046    0.1529    0.0059
176     B         A          176           LYS        97.16         662  238  19  8.925  5.720  1.039   0.1755    0.2981    0.1488    0.0057
177     B         A          177           GLN        92.92         662  238  13  8.925  5.720  1.039   0.1663    0.2902    0.1439    0.0055
178     B         A          178           ALA        88.70         662  238  12  8.925  5.720  1.039   0.1655    0.2817    0.1388    0.0053
179     B         A          179           PRO        83.53         662  238  0  8.925  5.720  1.039   0.1454    0.0000    0.0000    0.0000
180     B         A          180           GLY        81.47         662  238  0  8.925  5.720  1.039   0.1397    0.0000    0.0000    0.0000
181     B         A          181           GLN        86.24         662  238  7  8.925  5.720  1.039   0.1581    0.2711    0.1325    0.0050
182     B         A          182           PRO        86.36         662  238  12  8.925  5.720  1.039   0.1634    0.2853    0.1410    0.0054
183     B         A          183           LEU        92.62         662  238  12  8.925  5.720  1.039   0.1664    0.2862    0.1415    0.0054
184     B         A          184           GLN        93.09         662  238  15  8.925  5.720  1.039   0.1687    0.2957    0.1472    0.0057
185     B         A          185           LEU        93.76         662  238  20  8.925  5.720  1.039   0.1751    0.3005    0.1503    0.0058
186     B         A          186           LEU        97.46         662  238  19  8.925  5.720  1.039   0.1751    0.2997    0.1498    0.0058
187     B         A          187           ILE        95.77         662  238  22  8.925  5.720  1.039   0.1757    0.3058    0.1536    0.0060
188     B         A          188           TYR        86.87         662  238  17  8.925  5.720  1.039   0.1677    0.2956    0.1472    0.0057
189     B         A          189           ASN        81.69         662  238  19  8.925  5.720  1.039   0.1702    0.3038    0.1523    0.0059
190     B         A          190           ALA        89.66         662  238  17  8.925  5.720  1.039   0.1704    0.3048    0.1529    0.0059
191     B         A          191           THR        88.91         662  238  16  8.925  5.720  1.039   0.1675    0.2996    0.1496    0.0058
192     B         A          192           THR        83.24         662  238  18  8.925  5.720  1.039   0.1678    0.2935    0.1460    0.0056
193     B         A          193           ARG        93.47         662  238  14  8.925  5.720  1.039   0.1649    0.2944    0.1465    0.0056
194     B         A          194           ALA        90.63         662  238  15  8.925  5.720  1.039   0.1707    0.2959    0.1474    0.0057
195     B         A          195           PRO        82.24         662  238  13  8.925  5.720  1.039   0.1640    0.2896    0.1435    0.0055
196     B         A          196           GLY        90.74         662  238  10  8.925  5.720  1.039   0.1626    0.2865    0.1416    0.0054
197     B         A          197           VAL        94.68         662  238  13  8.925  5.720  1.039   0.1673    0.2874    0.1422    0.0054
198     B         A          198           PRO        95.48         662  238  12  8.925  5.720  1.039   0.1660    0.2849    0.1407    0.0054
199     B         A          199           SER        94.13         662  238  12  8.925  5.720  1.039   0.1636    0.2853    0.1409    0.0054
200     B         A          200           ARG        95.74         662  238  11  8.925  5.720  1.039   0.1637    0.2815    0.1387    0.0053
201     B         A          201           PHE        98.08         662  238  17  8.925  5.720  1.039   0.1734    0.2987    0.1491    0.0058
202     B         A          202           THR        96.44         662  238  15  8.925  5.720  1.039   0.1714    0.3032    0.1518    0.0059
203     B         A          203           GLY        97.16         662  238  16  8.925  5.720  1.039   0.1710    0.3023    0.1513    0.0059
204     B         A          204           SER        96.16         662  238  15  8.925  5.720  1.039   0.1685    0.2994    0.1495    0.0058
205     B         A          205           GLY        94.16         662  238  13  8.925  5.720  1.039   0.1606    0.2819    0.1389    0.0053
206     B         A          206           SER        84.90         662  238  10  8.925  5.720  1.039   0.1558    0.2839    0.1400    0.0053
207     B         A          207           ASP        83.76         662  238  8  8.925  5.720  1.039   0.1523    0.2763    0.1356    0.0051
208     B         A          208           THR        93.56         662  238  14  8.925  5.720  1.039   0.1620    0.2910    0.1444    0.0055
209     B         A          209           THR        96.22         662  238  15  8.925  5.720  1.039   0.1678    0.2989    0.1492    0.0058
210     B         A          210           PHE        97.64         662  238  19  8.925  5.720  1.039   0.1713    0.3063    0.1539    0.0060
211     B         A          211           THR        97.32         662  238  16  8.925  5.720  1.039   0.1709    0.3020    0.1511    0.0058
212     B         A          212           LEU        98.42         662  238  20  8.925  5.720  1.039   0.1740    0.2955    0.1472    0.0057
213     B         A          213           THR        97.93         662  238  17  8.925  5.720  1.039   0.1713    0.3005    0.1502    0.0058
214     B         A          214           ILE        97.35         662  238  16  8.925  5.720  1.039   0.1734    0.2995    0.1496    0.0058
215     B         A          215           SER        95.61         662  238  10  8.925  5.720  1.039   0.1621    0.2862    0.1415    0.0054
216     B         A          216           SER        95.85         662  238  10  8.925  5.720  1.039   0.1618    0.2850    0.1407    0.0054
217     B         A          217           LEU        95.10         662  238  12  8.925  5.720  1.039   0.1639    0.2834    0.1398    0.0053
218     B         A          218           GLN        95.54         662  238  12  8.925  5.720  1.039   0.1644    0.2896    0.1435    0.0055
219     B         A          219           PRO        94.03         662  238  9  8.925  5.720  1.039   0.1618    0.2801    0.1378    0.0052
220     B         A          220           GLU        92.77         662  238  10  8.925  5.720  1.039   0.1623    0.2820    0.1389    0.0053
221     B         A          221           ASP        96.06         662  238  14  8.925  5.720  1.039   0.1681    0.2901    0.1438    0.0055
222     B         A          222           PHE        96.06         662  238  14  8.925  5.720  1.039   0.1690    0.2887    0.1430    0.0055
223     B         A          223           ALA        96.15         662  238  12  8.925  5.720  1.039   0.1676    0.2871    0.1420    0.0054
224     B         A          224           VAL        95.83         662  238  17  8.925  5.720  1.039   0.1744    0.2994    0.1495    0.0058
225     B         A          225           TYR        98.43         662  238  22  8.925  5.720  1.039   0.1776    0.2976    0.1486    0.0057
226     B         A          226           TYR        97.44         662  238  21  8.925  5.720  1.039   0.1758    0.2962    0.1477    0.0057
227     B         A          227           CYS        96.77         662  238  20  8.925  5.720  1.039   0.1742    0.3000    0.1500    0.0058
228     B         A          228           GLN        95.47         662  238  16  8.925  5.720  1.039   0.1682    0.2946    0.1466    0.0056
229     B         A          229           GLN        92.83         662  238  18  8.925  5.720  1.039   0.1726    0.3063    0.1538    0.0060
230     B         A          230           THR        83.27         662  238  19  8.925  5.720  1.039   0.1739    0.2981    0.1488    0.0057
231     B         A          231           TYR        76.75         662  238  25  8.925  5.720  1.039   0.1776    0.3088    0.1555    0.0061
232     B         A          232           LYS        75.54         662  238  14  8.925  5.720  1.039   0.1608    0.2905    0.1441    0.0055
233     B         A          233           PHE        76.29         662  238  11  8.925  5.720  1.039   0.1603    0.2956    0.1472    0.0057
234     B         A          234           PRO        85.14         662  238  12  8.925  5.720  1.039   0.1638    0.2944    0.1464    0.0056
235     B         A          235           ILE        90.11         662  238  18  8.925  5.720  1.039   0.1712    0.2970    0.1481    0.0057
236     B         A          236           THR        92.54         662  238  15  8.925  5.720  1.039   0.1678    0.2960    0.1474    0.0057
237     B         A          237           PHE        96.31         662  238  20  8.925  5.720  1.039   0.1760    0.2995    0.1496    0.0058
238     B         A          238           GLY        97.34         662  238  16  8.925  5.720  1.039   0.1712    0.2981    0.1487    0.0057
239     B         A          239           GLN        95.18         662  238  15  8.925  5.720  1.039   0.1695    0.2941    0.1462    0.0056
240     B         A          240           GLY        96.92         662  238  11  8.925  5.720  1.039   0.1653    0.2860    0.1413    0.0054
241     B         A          241           THR        97.79         662  238  18  8.925  5.720  1.039   0.1743    0.2981    0.1488    0.0057
242     B         A          242           ARG        95.53         662  238  12  8.925  5.720  1.039   0.1674    0.2859    0.1413    0.0054
243     B         A          243           LEU        96.51         662  238  14  8.925  5.720  1.039   0.1672    0.2872    0.1421    0.0054
244     B         A          244           THR        94.70         662  238  7  8.925  5.720  1.039   0.1593    0.2775    0.1363    0.0052
245     B         A          245           PRO        92.86         662  238  0  8.925  5.720  1.039   0.1382    0.0000    0.0000    0.0000
246     B         A          246           ALA        70.72         662  238  0  8.925  5.720  1.039   0.0899    0.0000    0.0000    0.0000
