i,AlignChn,ScoredChain,AlignResNum,AlignResType,AlignRespLDDT,n0chn,n0dom,n0res,d0chn,d0dom,d0res,ipTM_pae,ipSAE_d0chn,ipSAE_d0dom,ipSAE 
250     A         B            1           ILE        93.93         665  0  0  8.941  1.039  1.039   0.1051    0.0000    0.0000    0.0000
251     A         B            2           CYS        95.60         665  0  0  8.941  1.039  1.039   0.1108    0.0000    0.0000    0.0000
252     A         B            3           LEU        94.46         665  0  0  8.941  1.039  1.039   0.1125    0.0000    0.0000    0.0000
253     A         B            4           GLN        94.87         665  0  0  8.941  1.039  1.039   0.1134    0.0000    0.0000    0.0000
254     A         B            5           LYS        95.56         665  0  0  8.941  1.039  1.039   0.1143    0.0000    0.0000    0.0000
255     A         B            6           THR        94.68         665  0  0  8.941  1.039  1.039   0.1112    0.0000    0.0000    0.0000
256     A         B            7           SER        89.90         665  0  0  8.941  1.039  1.039   0.1092    0.0000    0.0000    0.0000
257     A         B            8           ASN        89.82         665  0  0  8.941  1.039  1.039   0.1059    0.0000    0.0000    0.0000
258     A         B            9           GLN        90.24         665  0  0  8.941  1.039  1.039   0.1071    0.0000    0.0000    0.0000
259     A         B           10           ILE        94.59         665  0  0  8.941  1.039  1.039   0.1120    0.0000    0.0000    0.0000
260     A         B           11           LEU        96.94         665  0  0  8.941  1.039  1.039   0.1200    0.0000    0.0000    0.0000
261     A         B           12           LYS        93.48         665  0  0  8.941  1.039  1.039   0.1181    0.0000    0.0000    0.0000
262     A         B           13           PRO        96.37         665  0  0  8.941  1.039  1.039   0.1221    0.0000    0.0000    0.0000
263     A         B           14           LYS        92.21         665  0  0  8.941  1.039  1.039   0.1227    0.0000    0.0000    0.0000
264     A         B           15           LEU        88.64         665  0  0  8.941  1.039  1.039   0.1243    0.0000    0.0000    0.0000
265     A         B           16           ILE        86.65         665  0  0  8.941  1.039  1.039   0.1242    0.0000    0.0000    0.0000
266     A         B           17           SER        64.25         665  0  0  8.941  1.039  1.039   0.1205    0.0000    0.0000    0.0000
267     A         B           18           TYR        63.70         665  0  0  8.941  1.039  1.039   0.1167    0.0000    0.0000    0.0000
268     A         B           19           THR        62.36         665  0  0  8.941  1.039  1.039   0.1201    0.0000    0.0000    0.0000
269     A         B           20           LEU        69.49         665  0  0  8.941  1.039  1.039   0.1193    0.0000    0.0000    0.0000
270     A         B           21           PRO        59.66         665  0  0  8.941  1.039  1.039   0.1193    0.0000    0.0000    0.0000
271     A         B           22           VAL        67.60         665  0  0  8.941  1.039  1.039   0.1195    0.0000    0.0000    0.0000
272     A         B           23           VAL        62.97         665  0  0  8.941  1.039  1.039   0.1190    0.0000    0.0000    0.0000
273     A         B           24           GLY        64.79         665  0  0  8.941  1.039  1.039   0.1155    0.0000    0.0000    0.0000
274     A         B           25           GLN        65.17         665  0  0  8.941  1.039  1.039   0.1164    0.0000    0.0000    0.0000
275     A         B           26           SER        66.56         665  0  0  8.941  1.039  1.039   0.1161    0.0000    0.0000    0.0000
276     A         B           27           GLY        72.41         665  0  0  8.941  1.039  1.039   0.1191    0.0000    0.0000    0.0000
277     A         B           28           THR        78.63         665  0  0  8.941  1.039  1.039   0.1229    0.0000    0.0000    0.0000
278     A         B           29           CYS        78.12         665  0  0  8.941  1.039  1.039   0.1216    0.0000    0.0000    0.0000
279     A         B           30           ILE        85.46         665  0  0  8.941  1.039  1.039   0.1247    0.0000    0.0000    0.0000
280     A         B           31           THR        86.24         665  0  0  8.941  1.039  1.039   0.1232    0.0000    0.0000    0.0000
281     A         B           32           ASP        91.86         665  0  0  8.941  1.039  1.039   0.1252    0.0000    0.0000    0.0000
282     A         B           33           PRO        93.62         665  0  0  8.941  1.039  1.039   0.1266    0.0000    0.0000    0.0000
283     A         B           34           LEU        96.63         665  0  0  8.941  1.039  1.039   0.1255    0.0000    0.0000    0.0000
284     A         B           35           LEU        96.93         665  0  0  8.941  1.039  1.039   0.1273    0.0000    0.0000    0.0000
285     A         B           36           ALA        98.41         665  0  0  8.941  1.039  1.039   0.1292    0.0000    0.0000    0.0000
286     A         B           37           MET        96.88         665  0  0  8.941  1.039  1.039   0.1276    0.0000    0.0000    0.0000
287     A         B           38           ASP        95.79         665  0  0  8.941  1.039  1.039   0.1273    0.0000    0.0000    0.0000
288     A         B           39           GLU        94.91         665  0  0  8.941  1.039  1.039   0.1246    0.0000    0.0000    0.0000
289     A         B           40           GLY        94.75         665  0  0  8.941  1.039  1.039   0.1233    0.0000    0.0000    0.0000
290     A         B           41           TYR        96.71         665  0  0  8.941  1.039  1.039   0.1256    0.0000    0.0000    0.0000
291     A         B           42           PHE        96.07         665  0  0  8.941  1.039  1.039   0.1268    0.0000    0.0000    0.0000
292     A         B           43           ALA        98.00         665  0  0  8.941  1.039  1.039   0.1283    0.0000    0.0000    0.0000
293     A         B           44           TYR        94.54         665  0  0  8.941  1.039  1.039   0.1249    0.0000    0.0000    0.0000
294     A         B           45           SER        96.58         665  0  0  8.941  1.039  1.039   0.1269    0.0000    0.0000    0.0000
295     A         B           46           HIS        92.24         665  0  0  8.941  1.039  1.039   0.1254    0.0000    0.0000    0.0000
296     A         B           47           LEU        91.77         665  0  0  8.941  1.039  1.039   0.1241    0.0000    0.0000    0.0000
297     A         B           48           GLU        87.02         665  0  0  8.941  1.039  1.039   0.1240    0.0000    0.0000    0.0000
298     A         B           49           ARG        82.63         665  0  0  8.941  1.039  1.039   0.1198    0.0000    0.0000    0.0000
299     A         B           50           ILE        80.34         665  0  0  8.941  1.039  1.039   0.1236    0.0000    0.0000    0.0000
300     A         B           51           GLY        72.42         665  0  0  8.941  1.039  1.039   0.1215    0.0000    0.0000    0.0000
301     A         B           52           SER        68.14         665  0  0  8.941  1.039  1.039   0.1224    0.0000    0.0000    0.0000
302     A         B           53           CYS        70.93         665  0  0  8.941  1.039  1.039   0.1223    0.0000    0.0000    0.0000
303     A         B           54           SER        61.64         665  0  0  8.941  1.039  1.039   0.1179    0.0000    0.0000    0.0000
304     A         B           55           ARG        65.20         665  0  0  8.941  1.039  1.039   0.1181    0.0000    0.0000    0.0000
305     A         B           56           GLY        75.22         665  0  0  8.941  1.039  1.039   0.1195    0.0000    0.0000    0.0000
306     A         B           57           VAL        81.63         665  0  0  8.941  1.039  1.039   0.1201    0.0000    0.0000    0.0000
307     A         B           58           SER        85.16         665  0  0  8.941  1.039  1.039   0.1197    0.0000    0.0000    0.0000
308     A         B           59           LYS        85.43         665  0  0  8.941  1.039  1.039   0.1175    0.0000    0.0000    0.0000
309     A         B           60           GLN        87.99         665  0  0  8.941  1.039  1.039   0.1199    0.0000    0.0000    0.0000
310     A         B           61           ARG        93.79         665  0  0  8.941  1.039  1.039   0.1243    0.0000    0.0000    0.0000
311     A         B           62           ILE        90.89         665  0  0  8.941  1.039  1.039   0.1244    0.0000    0.0000    0.0000
312     A         B           63           ILE        96.17         665  0  0  8.941  1.039  1.039   0.1266    0.0000    0.0000    0.0000
313     A         B           64           GLY        93.83         665  0  0  8.941  1.039  1.039   0.1256    0.0000    0.0000    0.0000
314     A         B           65           VAL        94.84         665  0  0  8.941  1.039  1.039   0.1281    0.0000    0.0000    0.0000
315     A         B           66           GLY        91.95         665  0  0  8.941  1.039  1.039   0.1258    0.0000    0.0000    0.0000
316     A         B           67           GLU        87.23         665  0  0  8.941  1.039  1.039   0.1229    0.0000    0.0000    0.0000
317     A         B           68           VAL        93.20         665  0  0  8.941  1.039  1.039   0.1259    0.0000    0.0000    0.0000
318     A         B           69           LEU        83.26         665  0  0  8.941  1.039  1.039   0.1205    0.0000    0.0000    0.0000
319     A         B           70           ASP        85.65         665  0  0  8.941  1.039  1.039   0.1189    0.0000    0.0000    0.0000
320     A         B           71           ARG        75.13         665  0  0  8.941  1.039  1.039   0.1110    0.0000    0.0000    0.0000
321     A         B           72           GLY        79.90         665  0  0  8.941  1.039  1.039   0.1104    0.0000    0.0000    0.0000
322     A         B           73           ASP        81.32         665  0  0  8.941  1.039  1.039   0.1132    0.0000    0.0000    0.0000
323     A         B           74           GLU        88.15         665  0  0  8.941  1.039  1.039   0.1178    0.0000    0.0000    0.0000
324     A         B           75           VAL        90.64         665  0  0  8.941  1.039  1.039   0.1216    0.0000    0.0000    0.0000
325     A         B           76           PRO        93.71         665  0  0  8.941  1.039  1.039   0.1229    0.0000    0.0000    0.0000
326     A         B           77           SER        85.79         665  0  0  8.941  1.039  1.039   0.1213    0.0000    0.0000    0.0000
327     A         B           78           LEU        88.99         665  0  0  8.941  1.039  1.039   0.1252    0.0000    0.0000    0.0000
328     A         B           79           PHE        85.59         665  0  0  8.941  1.039  1.039   0.1255    0.0000    0.0000    0.0000
329     A         B           80           MET        85.87         665  0  0  8.941  1.039  1.039   0.1254    0.0000    0.0000    0.0000
330     A         B           81           THR        88.46         665  0  0  8.941  1.039  1.039   0.1241    0.0000    0.0000    0.0000
331     A         B           82           ASN        89.43         665  0  0  8.941  1.039  1.039   0.1257    0.0000    0.0000    0.0000
332     A         B           83           VAL        89.00         665  0  0  8.941  1.039  1.039   0.1252    0.0000    0.0000    0.0000
333     A         B           84           TRP        92.62         665  0  0  8.941  1.039  1.039   0.1249    0.0000    0.0000    0.0000
334     A         B           85           THR        90.60         665  0  0  8.941  1.039  1.039   0.1235    0.0000    0.0000    0.0000
335     A         B           86           PRO        93.34         665  0  0  8.941  1.039  1.039   0.1238    0.0000    0.0000    0.0000
336     A         B           87           PRO        90.57         665  0  0  8.941  1.039  1.039   0.1201    0.0000    0.0000    0.0000
337     A         B           88           ASN        91.13         665  0  0  8.941  1.039  1.039   0.1250    0.0000    0.0000    0.0000
338     A         B           89           PRO        90.52         665  0  0  8.941  1.039  1.039   0.1245    0.0000    0.0000    0.0000
339     A         B           90           ASN        89.17         665  0  0  8.941  1.039  1.039   0.1236    0.0000    0.0000    0.0000
340     A         B           91           THR        93.65         665  0  0  8.941  1.039  1.039   0.1248    0.0000    0.0000    0.0000
341     A         B           92           VAL        96.43         665  0  0  8.941  1.039  1.039   0.1282    0.0000    0.0000    0.0000
342     A         B           93           TYR        96.38         665  0  0  8.941  1.039  1.039   0.1237    0.0000    0.0000    0.0000
343     A         B           94           HIS        97.55         665  0  0  8.941  1.039  1.039   0.1269    0.0000    0.0000    0.0000
344     A         B           95           CYS        98.23         665  0  0  8.941  1.039  1.039   0.1275    0.0000    0.0000    0.0000
345     A         B           96           SER        98.86         665  0  0  8.941  1.039  1.039   0.1287    0.0000    0.0000    0.0000
346     A         B           97           ALA        98.79         665  0  0  8.941  1.039  1.039   0.1292    0.0000    0.0000    0.0000
347     A         B           98           VAL        98.78         665  0  0  8.941  1.039  1.039   0.1294    0.0000    0.0000    0.0000
348     A         B           99           TYR        98.23         665  0  0  8.941  1.039  1.039   0.1277    0.0000    0.0000    0.0000
349     A         B          100           ASN        96.68         665  0  0  8.941  1.039  1.039   0.1271    0.0000    0.0000    0.0000
350     A         B          101           ASN        91.55         665  0  0  8.941  1.039  1.039   0.1205    0.0000    0.0000    0.0000
351     A         B          102           GLU        90.73         665  0  0  8.941  1.039  1.039   0.1207    0.0000    0.0000    0.0000
352     A         B          103           PHE        95.19         665  0  0  8.941  1.039  1.039   0.1276    0.0000    0.0000    0.0000
353     A         B          104           TYR        97.89         665  0  0  8.941  1.039  1.039   0.1268    0.0000    0.0000    0.0000
354     A         B          105           TYR        97.86         665  0  0  8.941  1.039  1.039   0.1282    0.0000    0.0000    0.0000
355     A         B          106           VAL        98.44         665  0  0  8.941  1.039  1.039   0.1292    0.0000    0.0000    0.0000
356     A         B          107           LEU        98.73         665  0  0  8.941  1.039  1.039   0.1296    0.0000    0.0000    0.0000
357     A         B          108           CYS        98.15         665  0  0  8.941  1.039  1.039   0.1285    0.0000    0.0000    0.0000
358     A         B          109           ALA        98.25         665  0  0  8.941  1.039  1.039   0.1280    0.0000    0.0000    0.0000
359     A         B          110           VAL        96.71         665  0  0  8.941  1.039  1.039   0.1271    0.0000    0.0000    0.0000
360     A         B          111           SER        95.56         665  0  0  8.941  1.039  1.039   0.1267    0.0000    0.0000    0.0000
361     A         B          112           THR        90.62         665  0  0  8.941  1.039  1.039   0.1252    0.0000    0.0000    0.0000
362     A         B          113           VAL        87.69         665  0  0  8.941  1.039  1.039   0.1290    0.0000    0.0000    0.0000
363     A         B          114           GLY        89.85         665  0  0  8.941  1.039  1.039   0.1263    0.0000    0.0000    0.0000
364     A         B          115           ASP        92.18         665  0  0  8.941  1.039  1.039   0.1262    0.0000    0.0000    0.0000
365     A         B          116           PRO        97.18         665  0  0  8.941  1.039  1.039   0.1276    0.0000    0.0000    0.0000
366     A         B          117           ILE        95.40         665  0  0  8.941  1.039  1.039   0.1279    0.0000    0.0000    0.0000
367     A         B          118           LEU        90.20         665  0  0  8.941  1.039  1.039   0.1272    0.0000    0.0000    0.0000
368     A         B          119           ASN        90.71         665  0  0  8.941  1.039  1.039   0.1254    0.0000    0.0000    0.0000
369     A         B          120           SER        94.04         665  0  0  8.941  1.039  1.039   0.1272    0.0000    0.0000    0.0000
370     A         B          121           THR        90.61         665  0  0  8.941  1.039  1.039   0.1276    0.0000    0.0000    0.0000
371     A         B          122           TYR        90.08         665  0  0  8.941  1.039  1.039   0.1250    0.0000    0.0000    0.0000
372     A         B          123           TRP        96.03         665  0  0  8.941  1.039  1.039   0.1261    0.0000    0.0000    0.0000
373     A         B          124           SER        93.59         665  0  0  8.941  1.039  1.039   0.1243    0.0000    0.0000    0.0000
374     A         B          125           GLY        97.08         665  0  0  8.941  1.039  1.039   0.1252    0.0000    0.0000    0.0000
375     A         B          126           SER        95.21         665  0  0  8.941  1.039  1.039   0.1251    0.0000    0.0000    0.0000
376     A         B          127           LEU        97.81         665  0  0  8.941  1.039  1.039   0.1278    0.0000    0.0000    0.0000
377     A         B          128           MET        95.51         665  0  0  8.941  1.039  1.039   0.1258    0.0000    0.0000    0.0000
378     A         B          129           MET        96.48         665  0  0  8.941  1.039  1.039   0.1278    0.0000    0.0000    0.0000
379     A         B          130           THR        96.20         665  0  0  8.941  1.039  1.039   0.1287    0.0000    0.0000    0.0000
380     A         B          131           ARG        94.40         665  0  0  8.941  1.039  1.039   0.1257    0.0000    0.0000    0.0000
381     A         B          132           LEU        95.26         665  0  0  8.941  1.039  1.039   0.1272    0.0000    0.0000    0.0000
382     A         B          133           ALA        92.19         665  0  0  8.941  1.039  1.039   0.1277    0.0000    0.0000    0.0000
383     A         B          134           VAL        92.84         665  0  0  8.941  1.039  1.039   0.1245    0.0000    0.0000    0.0000
384     A         B          135           LYS        84.99         665  0  0  8.941  1.039  1.039   0.1202    0.0000    0.0000    0.0000
385     A         B          136           PRO        79.76         665  0  0  8.941  1.039  1.039   0.1143    0.0000    0.0000    0.0000
386     A         B          137           LYS        74.38         665  0  0  8.941  1.039  1.039   0.1123    0.0000    0.0000    0.0000
387     A         B          138           SER        66.42         665  0  0  8.941  1.039  1.039   0.1040    0.0000    0.0000    0.0000
388     A         B          139           ASN        68.36         665  0  0  8.941  1.039  1.039   0.0999    0.0000    0.0000    0.0000
389     A         B          140           GLY        67.25         665  0  0  8.941  1.039  1.039   0.1021    0.0000    0.0000    0.0000
390     A         B          141           GLY        66.03         665  0  0  8.941  1.039  1.039   0.1050    0.0000    0.0000    0.0000
391     A         B          142           GLY        70.81         665  0  0  8.941  1.039  1.039   0.1086    0.0000    0.0000    0.0000
392     A         B          143           TYR        74.15         665  0  0  8.941  1.039  1.039   0.1133    0.0000    0.0000    0.0000
393     A         B          144           ASN        84.71         665  0  0  8.941  1.039  1.039   0.1194    0.0000    0.0000    0.0000
394     A         B          145           GLN        85.87         665  0  0  8.941  1.039  1.039   0.1200    0.0000    0.0000    0.0000
395     A         B          146           HIS        88.55         665  0  0  8.941  1.039  1.039   0.1241    0.0000    0.0000    0.0000
396     A         B          147           GLN        90.08         665  0  0  8.941  1.039  1.039   0.1235    0.0000    0.0000    0.0000
397     A         B          148           LEU        91.50         665  0  0  8.941  1.039  1.039   0.1238    0.0000    0.0000    0.0000
398     A         B          149           ALA        84.29         665  0  0  8.941  1.039  1.039   0.1180    0.0000    0.0000    0.0000
399     A         B          150           LEU        90.67         665  0  0  8.941  1.039  1.039   0.1173    0.0000    0.0000    0.0000
400     A         B          151           ARG        82.74         665  0  0  8.941  1.039  1.039   0.1105    0.0000    0.0000    0.0000
401     A         B          152           SER        88.40         665  0  0  8.941  1.039  1.039   0.1156    0.0000    0.0000    0.0000
402     A         B          153           ILE        96.78         665  0  0  8.941  1.039  1.039   0.1248    0.0000    0.0000    0.0000
403     A         B          154           GLU        96.95         665  0  0  8.941  1.039  1.039   0.1283    0.0000    0.0000    0.0000
404     A         B          155           LYS        97.63         665  0  0  8.941  1.039  1.039   0.1262    0.0000    0.0000    0.0000
405     A         B          156           GLY        97.86         665  0  0  8.941  1.039  1.039   0.1289    0.0000    0.0000    0.0000
406     A         B          157           ARG        96.07         665  0  0  8.941  1.039  1.039   0.1265    0.0000    0.0000    0.0000
407     A         B          158           TYR        98.75         665  0  0  8.941  1.039  1.039   0.1277    0.0000    0.0000    0.0000
408     A         B          159           ASP        97.66         665  0  0  8.941  1.039  1.039   0.1279    0.0000    0.0000    0.0000
409     A         B          160           LYS        98.38         665  0  0  8.941  1.039  1.039   0.1247    0.0000    0.0000    0.0000
410     A         B          161           VAL        98.81         665  0  0  8.941  1.039  1.039   0.1285    0.0000    0.0000    0.0000
411     A         B          162           MET        98.19         665  0  0  8.941  1.039  1.039   0.1237    0.0000    0.0000    0.0000
412     A         B          163           PRO        98.84         665  0  0  8.941  1.039  1.039   0.1270    0.0000    0.0000    0.0000
413     A         B          164           TYR        98.66         665  0  0  8.941  1.039  1.039   0.1251    0.0000    0.0000    0.0000
414     A         B          165           GLY        98.75         665  0  0  8.941  1.039  1.039   0.1253    0.0000    0.0000    0.0000
415     A         B          166           PRO        98.08         665  0  0  8.941  1.039  1.039   0.1289    0.0000    0.0000    0.0000
416     A         B          167           SER        98.29         665  0  0  8.941  1.039  1.039   0.1285    0.0000    0.0000    0.0000
417     A         B          168           GLY        98.84         665  0  0  8.941  1.039  1.039   0.1286    0.0000    0.0000    0.0000
418     A         B          169           ILE        98.51         665  0  0  8.941  1.039  1.039   0.1312    0.0000    0.0000    0.0000
419     A         B          170           LYS        97.29         665  0  0  8.941  1.039  1.039   0.1271    0.0000    0.0000    0.0000
420     A         B          171           GLN        94.92         665  0  0  8.941  1.039  1.039   0.1252    0.0000    0.0000    0.0000
421     A         B          172           GLY        94.81         665  0  0  8.941  1.039  1.039   0.1238    0.0000    0.0000    0.0000
422     A         B          173           ASP        91.51         665  0  0  8.941  1.039  1.039   0.1212    0.0000    0.0000    0.0000
423     A         B          174           THR        97.59         665  0  0  8.941  1.039  1.039   0.1276    0.0000    0.0000    0.0000
424     A         B          175           LEU        98.43         665  0  0  8.941  1.039  1.039   0.1283    0.0000    0.0000    0.0000
425     A         B          176           TYR        98.79         665  0  0  8.941  1.039  1.039   0.1278    0.0000    0.0000    0.0000
426     A         B          177           PHE        98.94         665  0  0  8.941  1.039  1.039   0.1287    0.0000    0.0000    0.0000
427     A         B          178           PRO        98.94         665  0  0  8.941  1.039  1.039   0.1288    0.0000    0.0000    0.0000
428     A         B          179           ALA        98.92         665  0  0  8.941  1.039  1.039   0.1284    0.0000    0.0000    0.0000
429     A         B          180           VAL        98.82         665  0  0  8.941  1.039  1.039   0.1275    0.0000    0.0000    0.0000
430     A         B          181           GLY        98.88         665  0  0  8.941  1.039  1.039   0.1278    0.0000    0.0000    0.0000
431     A         B          182           PHE        98.52         665  0  0  8.941  1.039  1.039   0.1269    0.0000    0.0000    0.0000
432     A         B          183           LEU        98.44         665  0  0  8.941  1.039  1.039   0.1294    0.0000    0.0000    0.0000
433     A         B          184           VAL        97.47         665  0  0  8.941  1.039  1.039   0.1271    0.0000    0.0000    0.0000
434     A         B          185           ARG        94.48         665  0  0  8.941  1.039  1.039   0.1250    0.0000    0.0000    0.0000
435     A         B          186           THR        94.86         665  0  0  8.941  1.039  1.039   0.1276    0.0000    0.0000    0.0000
436     A         B          187           GLU        96.10         665  0  0  8.941  1.039  1.039   0.1278    0.0000    0.0000    0.0000
437     A         B          188           PHE        96.78         665  0  0  8.941  1.039  1.039   0.1272    0.0000    0.0000    0.0000
438     A         B          189           LYS        93.49         665  0  0  8.941  1.039  1.039   0.1233    0.0000    0.0000    0.0000
439     A         B          190           TYR        95.39         665  0  0  8.941  1.039  1.039   0.1238    0.0000    0.0000    0.0000
440     A         B          191           ASN        94.42         665  0  0  8.941  1.039  1.039   0.1233    0.0000    0.0000    0.0000
441     A         B          192           ASP        91.04         665  0  0  8.941  1.039  1.039   0.1222    0.0000    0.0000    0.0000
442     A         B          193           SER        93.16         665  0  0  8.941  1.039  1.039   0.1237    0.0000    0.0000    0.0000
443     A         B          194           ASN        93.82         665  0  0  8.941  1.039  1.039   0.1242    0.0000    0.0000    0.0000
444     A         B          195           CYS        95.49         665  0  0  8.941  1.039  1.039   0.1245    0.0000    0.0000    0.0000
445     A         B          196           PRO        91.87         665  0  0  8.941  1.039  1.039   0.1230    0.0000    0.0000    0.0000
446     A         B          197           ILE        92.56         665  0  0  8.941  1.039  1.039   0.1234    0.0000    0.0000    0.0000
447     A         B          198           THR        91.08         665  0  0  8.941  1.039  1.039   0.1201    0.0000    0.0000    0.0000
448     A         B          199           LYS        85.82         665  0  0  8.941  1.039  1.039   0.1215    0.0000    0.0000    0.0000
449     A         B          200           CYS        90.63         665  0  0  8.941  1.039  1.039   0.1261    0.0000    0.0000    0.0000
450     A         B          201           GLN        84.04         665  0  0  8.941  1.039  1.039   0.1224    0.0000    0.0000    0.0000
451     A         B          202           TYR        83.02         665  0  0  8.941  1.039  1.039   0.1261    0.0000    0.0000    0.0000
452     A         B          203           SER        90.88         665  0  0  8.941  1.039  1.039   0.1257    0.0000    0.0000    0.0000
453     A         B          204           LYS        92.14         665  0  0  8.941  1.039  1.039   0.1244    0.0000    0.0000    0.0000
454     A         B          205           PRO        94.15         665  0  0  8.941  1.039  1.039   0.1241    0.0000    0.0000    0.0000
455     A         B          206           GLU        92.59         665  0  0  8.941  1.039  1.039   0.1233    0.0000    0.0000    0.0000
456     A         B          207           ASN        94.05         665  0  0  8.941  1.039  1.039   0.1256    0.0000    0.0000    0.0000
457     A         B          208           CYS        96.17         665  0  0  8.941  1.039  1.039   0.1280    0.0000    0.0000    0.0000
458     A         B          209           ARG        94.95         665  0  0  8.941  1.039  1.039   0.1242    0.0000    0.0000    0.0000
459     A         B          210           LEU        93.32         665  0  0  8.941  1.039  1.039   0.1262    0.0000    0.0000    0.0000
460     A         B          211           SER        94.96         665  0  0  8.941  1.039  1.039   0.1256    0.0000    0.0000    0.0000
461     A         B          212           MET        96.67         665  0  0  8.941  1.039  1.039   0.1261    0.0000    0.0000    0.0000
462     A         B          213           GLY        94.73         665  0  0  8.941  1.039  1.039   0.1243    0.0000    0.0000    0.0000
463     A         B          214           ILE        91.11         665  0  0  8.941  1.039  1.039   0.1271    0.0000    0.0000    0.0000
464     A         B          215           ARG        84.36         665  0  0  8.941  1.039  1.039   0.1224    0.0000    0.0000    0.0000
465     A         B          216           PRO        84.89         665  0  0  8.941  1.039  1.039   0.1232    0.0000    0.0000    0.0000
466     A         B          217           ASN        80.29         665  0  0  8.941  1.039  1.039   0.1239    0.0000    0.0000    0.0000
467     A         B          218           SER        91.02         665  0  0  8.941  1.039  1.039   0.1245    0.0000    0.0000    0.0000
468     A         B          219           HIS        94.33         665  0  0  8.941  1.039  1.039   0.1268    0.0000    0.0000    0.0000
469     A         B          220           TYR        97.40         665  0  0  8.941  1.039  1.039   0.1254    0.0000    0.0000    0.0000
470     A         B          221           ILE        97.51         665  0  0  8.941  1.039  1.039   0.1265    0.0000    0.0000    0.0000
471     A         B          222           LEU        98.08         665  0  0  8.941  1.039  1.039   0.1257    0.0000    0.0000    0.0000
472     A         B          223           ARG        98.58         665  0  0  8.941  1.039  1.039   0.1260    0.0000    0.0000    0.0000
473     A         B          224           SER        98.64         665  0  0  8.941  1.039  1.039   0.1285    0.0000    0.0000    0.0000
474     A         B          225           GLY        98.88         665  0  0  8.941  1.039  1.039   0.1291    0.0000    0.0000    0.0000
475     A         B          226           LEU        98.84         665  0  0  8.941  1.039  1.039   0.1283    0.0000    0.0000    0.0000
476     A         B          227           LEU        98.85         665  0  0  8.941  1.039  1.039   0.1300    0.0000    0.0000    0.0000
477     A         B          228           LYS        98.22         665  0  0  8.941  1.039  1.039   0.1291    0.0000    0.0000    0.0000
478     A         B          229           TYR        97.42         665  0  0  8.941  1.039  1.039   0.1273    0.0000    0.0000    0.0000
479     A         B          230           ASN        95.22         665  0  0  8.941  1.039  1.039   0.1271    0.0000    0.0000    0.0000
480     A         B          231           LEU        93.21         665  0  0  8.941  1.039  1.039   0.1249    0.0000    0.0000    0.0000
481     A         B          232           SER        89.97         665  0  0  8.941  1.039  1.039   0.1186    0.0000    0.0000    0.0000
482     A         B          233           ASP        82.21         665  0  0  8.941  1.039  1.039   0.1143    0.0000    0.0000    0.0000
483     A         B          234           GLY        80.31         665  0  0  8.941  1.039  1.039   0.1042    0.0000    0.0000    0.0000
484     A         B          235           GLU        78.45         665  0  0  8.941  1.039  1.039   0.1074    0.0000    0.0000    0.0000
485     A         B          236           ASN        78.24         665  0  0  8.941  1.039  1.039   0.1113    0.0000    0.0000    0.0000
486     A         B          237           PRO        88.11         665  0  0  8.941  1.039  1.039   0.1185    0.0000    0.0000    0.0000
487     A         B          238           LYS        91.95         665  0  0  8.941  1.039  1.039   0.1248    0.0000    0.0000    0.0000
488     A         B          239           VAL        97.14         665  0  0  8.941  1.039  1.039   0.1269    0.0000    0.0000    0.0000
489     A         B          240           VAL        97.80         665  0  0  8.941  1.039  1.039   0.1288    0.0000    0.0000    0.0000
490     A         B          241           PHE        98.80         665  0  0  8.941  1.039  1.039   0.1291    0.0000    0.0000    0.0000
491     A         B          242           ILE        98.64         665  0  0  8.941  1.039  1.039   0.1293    0.0000    0.0000    0.0000
492     A         B          243           GLU        97.81         665  0  0  8.941  1.039  1.039   0.1289    0.0000    0.0000    0.0000
493     A         B          244           ILE        98.11         665  0  0  8.941  1.039  1.039   0.1286    0.0000    0.0000    0.0000
494     A         B          245           SER        95.31         665  0  0  8.941  1.039  1.039   0.1239    0.0000    0.0000    0.0000
495     A         B          246           ASP        92.67         665  0  0  8.941  1.039  1.039   0.1254    0.0000    0.0000    0.0000
496     A         B          247           GLN        93.73         665  0  0  8.941  1.039  1.039   0.1253    0.0000    0.0000    0.0000
497     A         B          248           ARG        94.09         665  0  0  8.941  1.039  1.039   0.1255    0.0000    0.0000    0.0000
498     A         B          249           LEU        96.48         665  0  0  8.941  1.039  1.039   0.1266    0.0000    0.0000    0.0000
499     A         B          250           SER        97.19         665  0  0  8.941  1.039  1.039   0.1266    0.0000    0.0000    0.0000
500     A         B          251           ILE        97.46         665  0  0  8.941  1.039  1.039   0.1257    0.0000    0.0000    0.0000
501     A         B          252           GLY        98.42         665  0  0  8.941  1.039  1.039   0.1249    0.0000    0.0000    0.0000
502     A         B          253           SER        98.10         665  0  0  8.941  1.039  1.039   0.1259    0.0000    0.0000    0.0000
503     A         B          254           PRO        98.27         665  0  0  8.941  1.039  1.039   0.1279    0.0000    0.0000    0.0000
504     A         B          255           SER        98.78         665  0  0  8.941  1.039  1.039   0.1299    0.0000    0.0000    0.0000
505     A         B          256           LYS        98.86         665  0  0  8.941  1.039  1.039   0.1293    0.0000    0.0000    0.0000
506     A         B          257           ILE        98.88         665  0  0  8.941  1.039  1.039   0.1308    0.0000    0.0000    0.0000
507     A         B          258           TYR        98.63         665  0  0  8.941  1.039  1.039   0.1270    0.0000    0.0000    0.0000
508     A         B          259           ASP        96.56         665  0  0  8.941  1.039  1.039   0.1265    0.0000    0.0000    0.0000
509     A         B          260           SER        97.39         665  0  0  8.941  1.039  1.039   0.1235    0.0000    0.0000    0.0000
510     A         B          261           LEU        94.53         665  0  0  8.941  1.039  1.039   0.1265    0.0000    0.0000    0.0000
511     A         B          262           GLY        95.77         665  0  0  8.941  1.039  1.039   0.1215    0.0000    0.0000    0.0000
512     A         B          263           GLN        96.05         665  0  0  8.941  1.039  1.039   0.1256    0.0000    0.0000    0.0000
513     A         B          264           PRO        98.01         665  0  0  8.941  1.039  1.039   0.1297    0.0000    0.0000    0.0000
514     A         B          265           VAL        98.67         665  0  0  8.941  1.039  1.039   0.1310    0.0000    0.0000    0.0000
515     A         B          266           PHE        98.84         665  0  0  8.941  1.039  1.039   0.1271    0.0000    0.0000    0.0000
516     A         B          267           TYR        98.92         665  0  0  8.941  1.039  1.039   0.1270    0.0000    0.0000    0.0000
517     A         B          268           GLN        98.81         665  0  0  8.941  1.039  1.039   0.1263    0.0000    0.0000    0.0000
518     A         B          269           ALA        98.27         665  0  0  8.941  1.039  1.039   0.1275    0.0000    0.0000    0.0000
519     A         B          270           SER        97.19         665  0  0  8.941  1.039  1.039   0.1273    0.0000    0.0000    0.0000
520     A         B          271           PHE        95.73         665  0  0  8.941  1.039  1.039   0.1261    0.0000    0.0000    0.0000
521     A         B          272           SER        95.38         665  0  0  8.941  1.039  1.039   0.1237    0.0000    0.0000    0.0000
522     A         B          273           TRP        95.43         665  0  0  8.941  1.039  1.039   0.1264    0.0000    0.0000    0.0000
523     A         B          274           ASP        96.74         665  0  0  8.941  1.039  1.039   0.1282    0.0000    0.0000    0.0000
524     A         B          275           THR        94.14         665  0  0  8.941  1.039  1.039   0.1295    0.0000    0.0000    0.0000
525     A         B          276           MET        96.16         665  0  0  8.941  1.039  1.039   0.1273    0.0000    0.0000    0.0000
526     A         B          277           ILE        98.66         665  0  0  8.941  1.039  1.039   0.1276    0.0000    0.0000    0.0000
527     A         B          278           LYS        98.36         665  0  0  8.941  1.039  1.039   0.1267    0.0000    0.0000    0.0000
528     A         B          279           PHE        98.71         665  0  0  8.941  1.039  1.039   0.1297    0.0000    0.0000    0.0000
529     A         B          280           GLY        98.42         665  0  0  8.941  1.039  1.039   0.1306    0.0000    0.0000    0.0000
530     A         B          281           ASP        97.22         665  0  0  8.941  1.039  1.039   0.1280    0.0000    0.0000    0.0000
531     A         B          282           VAL        98.16         665  0  0  8.941  1.039  1.039   0.1299    0.0000    0.0000    0.0000
532     A         B          283           LEU        96.53         665  0  0  8.941  1.039  1.039   0.1311    0.0000    0.0000    0.0000
533     A         B          284           THR        96.51         665  0  0  8.941  1.039  1.039   0.1264    0.0000    0.0000    0.0000
534     A         B          285           VAL        96.21         665  0  0  8.941  1.039  1.039   0.1277    0.0000    0.0000    0.0000
535     A         B          286           ASN        95.13         665  0  0  8.941  1.039  1.039   0.1255    0.0000    0.0000    0.0000
536     A         B          287           PRO        95.37         665  0  0  8.941  1.039  1.039   0.1268    0.0000    0.0000    0.0000
537     A         B          288           LEU        98.22         665  0  0  8.941  1.039  1.039   0.1270    0.0000    0.0000    0.0000
538     A         B          289           VAL        97.00         665  0  0  8.941  1.039  1.039   0.1267    0.0000    0.0000    0.0000
539     A         B          290           VAL        98.12         665  0  0  8.941  1.039  1.039   0.1293    0.0000    0.0000    0.0000
540     A         B          291           ASN        97.14         665  0  0  8.941  1.039  1.039   0.1278    0.0000    0.0000    0.0000
541     A         B          292           TRP        98.09         665  0  0  8.941  1.039  1.039   0.1275    0.0000    0.0000    0.0000
542     A         B          293           ARG        98.17         665  0  0  8.941  1.039  1.039   0.1266    0.0000    0.0000    0.0000
543     A         B          294           ASN        94.54         665  0  0  8.941  1.039  1.039   0.1238    0.0000    0.0000    0.0000
544     A         B          295           ASN        97.52         665  0  0  8.941  1.039  1.039   0.1259    0.0000    0.0000    0.0000
545     A         B          296           THR        93.98         665  0  0  8.941  1.039  1.039   0.1266    0.0000    0.0000    0.0000
546     A         B          297           VAL        96.40         665  0  0  8.941  1.039  1.039   0.1273    0.0000    0.0000    0.0000
547     A         B          298           ILE        98.10         665  0  0  8.941  1.039  1.039   0.1282    0.0000    0.0000    0.0000
548     A         B          299           SER        96.57         665  0  0  8.941  1.039  1.039   0.1295    0.0000    0.0000    0.0000
549     A         B          300           ARG        96.38         665  0  0  8.941  1.039  1.039   0.1268    0.0000    0.0000    0.0000
550     A         B          301           PRO        90.37         665  0  0  8.941  1.039  1.039   0.1299    0.0000    0.0000    0.0000
551     A         B          302           GLY        85.95         665  0  0  8.941  1.039  1.039   0.1277    0.0000    0.0000    0.0000
552     A         B          303           GLN        72.66         665  0  0  8.941  1.039  1.039   0.1257    0.0000    0.0000    0.0000
553     A         B          304           SER        62.42         665  0  0  8.941  1.039  1.039   0.1254    0.0000    0.0000    0.0000
554     A         B          305           GLN        73.67         665  0  0  8.941  1.039  1.039   0.1242    0.0000    0.0000    0.0000
555     A         B          306           CYS        88.54         665  0  0  8.941  1.039  1.039   0.1281    0.0000    0.0000    0.0000
556     A         B          307           PRO        82.51         665  0  0  8.941  1.039  1.039   0.1270    0.0000    0.0000    0.0000
557     A         B          308           ARG        89.42         665  0  0  8.941  1.039  1.039   0.1293    0.0000    0.0000    0.0000
558     A         B          309           PHE        89.34         665  0  0  8.941  1.039  1.039   0.1278    0.0000    0.0000    0.0000
559     A         B          310           ASN        87.62         665  0  0  8.941  1.039  1.039   0.1261    0.0000    0.0000    0.0000
560     A         B          311           THR        90.74         665  0  0  8.941  1.039  1.039   0.1268    0.0000    0.0000    0.0000
561     A         B          312           CYS        93.29         665  0  0  8.941  1.039  1.039   0.1277    0.0000    0.0000    0.0000
562     A         B          313           PRO        95.36         665  0  0  8.941  1.039  1.039   0.1275    0.0000    0.0000    0.0000
563     A         B          314           GLU        89.36         665  0  0  8.941  1.039  1.039   0.1253    0.0000    0.0000    0.0000
564     A         B          315           ILE        89.09         665  0  0  8.941  1.039  1.039   0.1228    0.0000    0.0000    0.0000
565     A         B          316           CYS        88.15         665  0  0  8.941  1.039  1.039   0.1250    0.0000    0.0000    0.0000
566     A         B          317           TRP        90.39         665  0  0  8.941  1.039  1.039   0.1234    0.0000    0.0000    0.0000
567     A         B          318           GLU        87.85         665  0  0  8.941  1.039  1.039   0.1278    0.0000    0.0000    0.0000
568     A         B          319           GLY        93.11         665  0  0  8.941  1.039  1.039   0.1265    0.0000    0.0000    0.0000
569     A         B          320           VAL        94.34         665  0  0  8.941  1.039  1.039   0.1277    0.0000    0.0000    0.0000
570     A         B          321           TYR        97.43         665  0  0  8.941  1.039  1.039   0.1216    0.0000    0.0000    0.0000
571     A         B          322           ASN        98.52         665  0  0  8.941  1.039  1.039   0.1252    0.0000    0.0000    0.0000
572     A         B          323           ASP        97.87         665  0  0  8.941  1.039  1.039   0.1271    0.0000    0.0000    0.0000
573     A         B          324           ALA        98.61         665  0  0  8.941  1.039  1.039   0.1278    0.0000    0.0000    0.0000
574     A         B          325           PHE        98.80         665  0  0  8.941  1.039  1.039   0.1273    0.0000    0.0000    0.0000
575     A         B          326           LEU        98.55         665  0  0  8.941  1.039  1.039   0.1288    0.0000    0.0000    0.0000
576     A         B          327           ILE        98.02         665  0  0  8.941  1.039  1.039   0.1308    0.0000    0.0000    0.0000
577     A         B          328           ASP        97.22         665  0  0  8.941  1.039  1.039   0.1271    0.0000    0.0000    0.0000
578     A         B          329           ARG        96.47         665  0  0  8.941  1.039  1.039   0.1238    0.0000    0.0000    0.0000
579     A         B          330           ILE        95.14         665  0  0  8.941  1.039  1.039   0.1244    0.0000    0.0000    0.0000
580     A         B          331           ASN        96.91         665  0  0  8.941  1.039  1.039   0.1270    0.0000    0.0000    0.0000
581     A         B          332           TRP        98.15         665  0  0  8.941  1.039  1.039   0.1272    0.0000    0.0000    0.0000
582     A         B          333           ILE        98.38         665  0  0  8.941  1.039  1.039   0.1300    0.0000    0.0000    0.0000
583     A         B          334           SER        98.77         665  0  0  8.941  1.039  1.039   0.1283    0.0000    0.0000    0.0000
584     A         B          335           ALA        98.76         665  0  0  8.941  1.039  1.039   0.1276    0.0000    0.0000    0.0000
585     A         B          336           GLY        98.90         665  0  0  8.941  1.039  1.039   0.1271    0.0000    0.0000    0.0000
586     A         B          337           VAL        98.74         665  0  0  8.941  1.039  1.039   0.1275    0.0000    0.0000    0.0000
587     A         B          338           PHE        98.39         665  0  0  8.941  1.039  1.039   0.1270    0.0000    0.0000    0.0000
588     A         B          339           LEU        95.43         665  0  0  8.941  1.039  1.039   0.1286    0.0000    0.0000    0.0000
589     A         B          340           ASP        93.07         665  0  0  8.941  1.039  1.039   0.1274    0.0000    0.0000    0.0000
590     A         B          341           SER        86.48         665  0  0  8.941  1.039  1.039   0.1279    0.0000    0.0000    0.0000
591     A         B          342           ASN        81.21         665  0  0  8.941  1.039  1.039   0.1282    0.0000    0.0000    0.0000
592     A         B          343           GLN        73.10         665  0  0  8.941  1.039  1.039   0.1274    0.0000    0.0000    0.0000
593     A         B          344           THR        80.32         665  0  0  8.941  1.039  1.039   0.1274    0.0000    0.0000    0.0000
594     A         B          345           ALA        87.16         665  0  0  8.941  1.039  1.039   0.1289    0.0000    0.0000    0.0000
595     A         B          346           GLU        83.85         665  0  0  8.941  1.039  1.039   0.1274    0.0000    0.0000    0.0000
596     A         B          347           ASN        92.65         665  0  0  8.941  1.039  1.039   0.1296    0.0000    0.0000    0.0000
597     A         B          348           PRO        96.28         665  0  0  8.941  1.039  1.039   0.1299    0.0000    0.0000    0.0000
598     A         B          349           VAL        97.79         665  0  0  8.941  1.039  1.039   0.1293    0.0000    0.0000    0.0000
599     A         B          350           PHE        98.65         665  0  0  8.941  1.039  1.039   0.1271    0.0000    0.0000    0.0000
600     A         B          351           THR        98.28         665  0  0  8.941  1.039  1.039   0.1275    0.0000    0.0000    0.0000
601     A         B          352           VAL        98.62         665  0  0  8.941  1.039  1.039   0.1291    0.0000    0.0000    0.0000
602     A         B          353           PHE        98.63         665  0  0  8.941  1.039  1.039   0.1276    0.0000    0.0000    0.0000
603     A         B          354           LYS        98.09         665  0  0  8.941  1.039  1.039   0.1264    0.0000    0.0000    0.0000
604     A         B          355           ASP        97.36         665  0  0  8.941  1.039  1.039   0.1274    0.0000    0.0000    0.0000
605     A         B          356           ASN        95.07         665  0  0  8.941  1.039  1.039   0.1224    0.0000    0.0000    0.0000
606     A         B          357           GLU        95.16         665  0  0  8.941  1.039  1.039   0.1221    0.0000    0.0000    0.0000
607     A         B          358           ILE        96.88         665  0  0  8.941  1.039  1.039   0.1261    0.0000    0.0000    0.0000
608     A         B          359           LEU        97.87         665  0  0  8.941  1.039  1.039   0.1277    0.0000    0.0000    0.0000
609     A         B          360           TYR        97.39         665  0  0  8.941  1.039  1.039   0.1221    0.0000    0.0000    0.0000
610     A         B          361           ARG        94.03         665  0  0  8.941  1.039  1.039   0.1196    0.0000    0.0000    0.0000
611     A         B          362           ALA        96.99         665  0  0  8.941  1.039  1.039   0.1266    0.0000    0.0000    0.0000
612     A         B          363           GLN        94.50         665  0  0  8.941  1.039  1.039   0.1231    0.0000    0.0000    0.0000
613     A         B          364           LEU        96.53         665  0  0  8.941  1.039  1.039   0.1267    0.0000    0.0000    0.0000
614     A         B          365           ALA        90.25         665  0  0  8.941  1.039  1.039   0.1259    0.0000    0.0000    0.0000
615     A         B          366           SER        85.95         665  0  0  8.941  1.039  1.039   0.1263    0.0000    0.0000    0.0000
616     A         B          367           GLU        85.90         665  0  0  8.941  1.039  1.039   0.1284    0.0000    0.0000    0.0000
617     A         B          368           ASP        78.17         665  0  0  8.941  1.039  1.039   0.1262    0.0000    0.0000    0.0000
618     A         B          369           THR        86.91         665  0  0  8.941  1.039  1.039   0.1268    0.0000    0.0000    0.0000
619     A         B          370           ASN        81.82         665  0  0  8.941  1.039  1.039   0.1252    0.0000    0.0000    0.0000
620     A         B          371           ALA        91.94         665  0  0  8.941  1.039  1.039   0.1275    0.0000    0.0000    0.0000
621     A         B          372           GLN        88.73         665  0  0  8.941  1.039  1.039   0.1242    0.0000    0.0000    0.0000
622     A         B          373           LYS        93.94         665  0  0  8.941  1.039  1.039   0.1258    0.0000    0.0000    0.0000
623     A         B          374           THR        98.13         665  0  0  8.941  1.039  1.039   0.1277    0.0000    0.0000    0.0000
624     A         B          375           ILE        98.54         665  0  0  8.941  1.039  1.039   0.1280    0.0000    0.0000    0.0000
625     A         B          376           THR        98.82         665  0  0  8.941  1.039  1.039   0.1292    0.0000    0.0000    0.0000
626     A         B          377           ASN        98.35         665  0  0  8.941  1.039  1.039   0.1285    0.0000    0.0000    0.0000
627     A         B          378           CYS        98.42         665  0  0  8.941  1.039  1.039   0.1295    0.0000    0.0000    0.0000
628     A         B          379           PHE        97.02         665  0  0  8.941  1.039  1.039   0.1269    0.0000    0.0000    0.0000
629     A         B          380           LEU        95.48         665  0  0  8.941  1.039  1.039   0.1247    0.0000    0.0000    0.0000
630     A         B          381           LEU        93.95         665  0  0  8.941  1.039  1.039   0.1241    0.0000    0.0000    0.0000
631     A         B          382           LYS        90.35         665  0  0  8.941  1.039  1.039   0.1198    0.0000    0.0000    0.0000
632     A         B          383           ASN        93.26         665  0  0  8.941  1.039  1.039   0.1194    0.0000    0.0000    0.0000
633     A         B          384           LYS        94.51         665  0  0  8.941  1.039  1.039   0.1243    0.0000    0.0000    0.0000
634     A         B          385           ILE        97.41         665  0  0  8.941  1.039  1.039   0.1283    0.0000    0.0000    0.0000
635     A         B          386           TRP        97.30         665  0  0  8.941  1.039  1.039   0.1269    0.0000    0.0000    0.0000
636     A         B          387           CYS        98.48         665  0  0  8.941  1.039  1.039   0.1286    0.0000    0.0000    0.0000
637     A         B          388           ILE        96.78         665  0  0  8.941  1.039  1.039   0.1286    0.0000    0.0000    0.0000
638     A         B          389           SER        98.10         665  0  0  8.941  1.039  1.039   0.1272    0.0000    0.0000    0.0000
639     A         B          390           LEU        95.91         665  0  0  8.941  1.039  1.039   0.1283    0.0000    0.0000    0.0000
640     A         B          391           VAL        95.84         665  0  0  8.941  1.039  1.039   0.1276    0.0000    0.0000    0.0000
641     A         B          392           GLU        90.03         665  0  0  8.941  1.039  1.039   0.1273    0.0000    0.0000    0.0000
642     A         B          393           ILE        88.78         665  0  0  8.941  1.039  1.039   0.1260    0.0000    0.0000    0.0000
643     A         B          394           TYR        74.84         665  0  0  8.941  1.039  1.039   0.1224    0.0000    0.0000    0.0000
644     A         B          395           ASP        63.43         665  0  0  8.941  1.039  1.039   0.1222    0.0000    0.0000    0.0000
645     A         B          396           THR        56.91         665  0  0  8.941  1.039  1.039   0.1171    0.0000    0.0000    0.0000
646     A         B          397           GLY        57.88         665  0  0  8.941  1.039  1.039   0.1160    0.0000    0.0000    0.0000
647     A         B          398           ASP        56.35         665  0  0  8.941  1.039  1.039   0.1178    0.0000    0.0000    0.0000
648     A         B          399           ASN        59.65         665  0  0  8.941  1.039  1.039   0.1214    0.0000    0.0000    0.0000
649     A         B          400           VAL        67.82         665  0  0  8.941  1.039  1.039   0.1232    0.0000    0.0000    0.0000
650     A         B          401           ILE        72.14         665  0  0  8.941  1.039  1.039   0.1243    0.0000    0.0000    0.0000
651     A         B          402           ARG        79.41         665  0  0  8.941  1.039  1.039   0.1236    0.0000    0.0000    0.0000
652     A         B          403           PRO        88.39         665  0  0  8.941  1.039  1.039   0.1261    0.0000    0.0000    0.0000
653     A         B          404           LYS        89.92         665  0  0  8.941  1.039  1.039   0.1259    0.0000    0.0000    0.0000
654     A         B          405           LEU        92.60         665  0  0  8.941  1.039  1.039   0.1275    0.0000    0.0000    0.0000
655     A         B          406           PHE        96.65         665  0  0  8.941  1.039  1.039   0.1254    0.0000    0.0000    0.0000
656     A         B          407           ALA        95.76         665  0  0  8.941  1.039  1.039   0.1275    0.0000    0.0000    0.0000
657     A         B          408           VAL        98.21         665  0  0  8.941  1.039  1.039   0.1276    0.0000    0.0000    0.0000
658     A         B          409           LYS        96.86         665  0  0  8.941  1.039  1.039   0.1257    0.0000    0.0000    0.0000
659     A         B          410           ILE        97.97         665  0  0  8.941  1.039  1.039   0.1270    0.0000    0.0000    0.0000
660     A         B          411           PRO        95.42         665  0  0  8.941  1.039  1.039   0.1211    0.0000    0.0000    0.0000
661     A         B          412           GLU        91.26         665  0  0  8.941  1.039  1.039   0.1128    0.0000    0.0000    0.0000
662     A         B          413           GLN        89.52         665  0  0  8.941  1.039  1.039   0.1046    0.0000    0.0000    0.0000
663     A         B          414           CYS        91.52         665  0  0  8.941  1.039  1.039   0.1053    0.0000    0.0000    0.0000
664     A         B          415           THR        81.68         665  0  0  8.941  1.039  1.039   0.0939    0.0000    0.0000    0.0000
665     A         B          416           HIS        65.98         665  0  0  8.941  1.039  1.039   0.0876    0.0000    0.0000    0.0000
1       B         A            1           SER        66.40         665  0  0  8.941  1.039  1.039   0.0927    0.0000    0.0000    0.0000
2       B         A            2           VAL        83.89         665  0  0  8.941  1.039  1.039   0.1195    0.0000    0.0000    0.0000
3       B         A            3           THR        91.34         665  0  0  8.941  1.039  1.039   0.1268    0.0000    0.0000    0.0000
4       B         A            4           LEU        94.42         665  0  0  8.941  1.039  1.039   0.1312    0.0000    0.0000    0.0000
5       B         A            5           VAL        95.50         665  0  0  8.941  1.039  1.039   0.1314    0.0000    0.0000    0.0000
6       B         A            6           GLN        96.60         665  0  0  8.941  1.039  1.039   0.1297    0.0000    0.0000    0.0000
7       B         A            7           SER        93.52         665  0  0  8.941  1.039  1.039   0.1289    0.0000    0.0000    0.0000
8       B         A            8           GLY        96.00         665  0  0  8.941  1.039  1.039   0.1269    0.0000    0.0000    0.0000
9       B         A            9           ASP        93.23         665  0  0  8.941  1.039  1.039   0.1282    0.0000    0.0000    0.0000
10      B         A           10           GLN        91.07         665  0  0  8.941  1.039  1.039   0.1268    0.0000    0.0000    0.0000
11      B         A           11           THR        92.65         665  0  0  8.941  1.039  1.039   0.1293    0.0000    0.0000    0.0000
12      B         A           12           VAL        91.38         665  0  0  8.941  1.039  1.039   0.1249    0.0000    0.0000    0.0000
13      B         A           13           PRO        90.07         665  0  0  8.941  1.039  1.039   0.1265    0.0000    0.0000    0.0000
14      B         A           14           ILE        87.91         665  0  0  8.941  1.039  1.039   0.1306    0.0000    0.0000    0.0000
15      B         A           15           GLY        89.44         665  0  0  8.941  1.039  1.039   0.1296    0.0000    0.0000    0.0000
16      B         A           16           GLY        92.33         665  0  0  8.941  1.039  1.039   0.1304    0.0000    0.0000    0.0000
17      B         A           17           SER        93.71         665  0  0  8.941  1.039  1.039   0.1303    0.0000    0.0000    0.0000
18      B         A           18           VAL        94.50         665  0  0  8.941  1.039  1.039   0.1316    0.0000    0.0000    0.0000
19      B         A           19           THR        96.27         665  0  0  8.941  1.039  1.039   0.1339    0.0000    0.0000    0.0000
20      B         A           20           LEU        97.60         665  0  0  8.941  1.039  1.039   0.1337    0.0000    0.0000    0.0000
21      B         A           21           SER        96.24         665  0  0  8.941  1.039  1.039   0.1311    0.0000    0.0000    0.0000
22      B         A           22           CYS        96.09         665  0  0  8.941  1.039  1.039   0.1321    0.0000    0.0000    0.0000
23      B         A           23           THR        93.95         665  0  0  8.941  1.039  1.039   0.1314    0.0000    0.0000    0.0000
24      B         A           24           ALA        90.15         665  0  0  8.941  1.039  1.039   0.1278    0.0000    0.0000    0.0000
25      B         A           25           ASN        88.91         665  0  0  8.941  1.039  1.039   0.1238    0.0000    0.0000    0.0000
26      B         A           26           GLY        80.38         665  0  0  8.941  1.039  1.039   0.1191    0.0000    0.0000    0.0000
27      B         A           27           GLY        73.67         665  0  0  8.941  1.039  1.039   0.1177    0.0000    0.0000    0.0000
28      B         A           28           SER        66.78         665  0  0  8.941  1.039  1.039   0.1185    0.0000    0.0000    0.0000
29      B         A           29           PHE        74.43         665  0  0  8.941  1.039  1.039   0.1173    0.0000    0.0000    0.0000
30      B         A           30           GLY        61.17         665  0  0  8.941  1.039  1.039   0.1126    0.0000    0.0000    0.0000
31      B         A           31           ASN        59.95         665  0  0  8.941  1.039  1.039   0.1211    0.0000    0.0000    0.0000
32      B         A           32           LYS        79.13         665  0  0  8.941  1.039  1.039   0.1242    0.0000    0.0000    0.0000
33      B         A           33           GLY        87.24         665  0  0  8.941  1.039  1.039   0.1290    0.0000    0.0000    0.0000
34      B         A           34           VAL        92.62         665  0  0  8.941  1.039  1.039   0.1333    0.0000    0.0000    0.0000
35      B         A           35           ALA        94.00         665  0  0  8.941  1.039  1.039   0.1322    0.0000    0.0000    0.0000
36      B         A           36           TRP        96.64         665  0  0  8.941  1.039  1.039   0.1344    0.0000    0.0000    0.0000
37      B         A           37           VAL        94.30         665  0  0  8.941  1.039  1.039   0.1313    0.0000    0.0000    0.0000
38      B         A           38           ARG        92.17         665  0  0  8.941  1.039  1.039   0.1326    0.0000    0.0000    0.0000
39      B         A           39           GLN        91.18         665  0  0  8.941  1.039  1.039   0.1306    0.0000    0.0000    0.0000
40      B         A           40           ARG        83.76         665  0  0  8.941  1.039  1.039   0.1255    0.0000    0.0000    0.0000
41      B         A           41           PRO        75.63         665  0  0  8.941  1.039  1.039   0.1147    0.0000    0.0000    0.0000
42      B         A           42           GLY        74.09         665  0  0  8.941  1.039  1.039   0.1102    0.0000    0.0000    0.0000
43      B         A           43           GLY        75.01         665  0  0  8.941  1.039  1.039   0.1176    0.0000    0.0000    0.0000
44      B         A           44           PRO        81.37         665  0  0  8.941  1.039  1.039   0.1234    0.0000    0.0000    0.0000
45      B         A           45           TYR        91.88         665  0  0  8.941  1.039  1.039   0.1276    0.0000    0.0000    0.0000
46      B         A           46           GLU        87.19         665  0  0  8.941  1.039  1.039   0.1317    0.0000    0.0000    0.0000
47      B         A           47           PHE        90.11         665  0  0  8.941  1.039  1.039   0.1335    0.0000    0.0000    0.0000
48      B         A           48           LEU        92.80         665  0  0  8.941  1.039  1.039   0.1334    0.0000    0.0000    0.0000
49      B         A           49           GLY        91.80         665  0  0  8.941  1.039  1.039   0.1329    0.0000    0.0000    0.0000
50      B         A           50           PHE        88.83         665  0  0  8.941  1.039  1.039   0.1336    0.0000    0.0000    0.0000
51      B         A           51           ILE        89.87         665  0  0  8.941  1.039  1.039   0.1342    0.0000    0.0000    0.0000
52      B         A           52           LYS        77.28         665  0  0  8.941  1.039  1.039   0.1305    0.0000    0.0000    0.0000
53      B         A           53           PRO        80.14         665  0  0  8.941  1.039  1.039   0.1283    0.0000    0.0000    0.0000
54      B         A           54           ALA        66.67         665  0  0  8.941  1.039  1.039   0.1295    0.0000    0.0000    0.0000
55      B         A           55           ILE        64.23         665  0  0  8.941  1.039  1.039   0.1332    0.0000    0.0000    0.0000
56      B         A           56           GLY        73.38         665  0  0  8.941  1.039  1.039   0.1293    0.0000    0.0000    0.0000
57      B         A           57           GLU        69.73         665  0  0  8.941  1.039  1.039   0.1317    0.0000    0.0000    0.0000
58      B         A           58           SER        82.98         665  0  0  8.941  1.039  1.039   0.1290    0.0000    0.0000    0.0000
59      B         A           59           ARG        78.10         665  0  0  8.941  1.039  1.039   0.1294    0.0000    0.0000    0.0000
60      B         A           60           TYR        86.24         665  0  0  8.941  1.039  1.039   0.1331    0.0000    0.0000    0.0000
61      B         A           61           HIS        83.48         665  0  0  8.941  1.039  1.039   0.1331    0.0000    0.0000    0.0000
62      B         A           62           PRO        69.12         665  0  0  8.941  1.039  1.039   0.1337    0.0000    0.0000    0.0000
63      B         A           63           LYS        76.41         665  0  0  8.941  1.039  1.039   0.1321    0.0000    0.0000    0.0000
64      B         A           64           TYR        78.81         665  0  0  8.941  1.039  1.039   0.1291    0.0000    0.0000    0.0000
65      B         A           65           LYS        61.30         665  0  0  8.941  1.039  1.039   0.1244    0.0000    0.0000    0.0000
66      B         A           66           GLY        79.83         665  0  0  8.941  1.039  1.039   0.1277    0.0000    0.0000    0.0000
67      B         A           67           ARG        87.94         665  0  0  8.941  1.039  1.039   0.1275    0.0000    0.0000    0.0000
68      B         A           68           VAL        90.88         665  0  0  8.941  1.039  1.039   0.1317    0.0000    0.0000    0.0000
69      B         A           69           THR        93.18         665  0  0  8.941  1.039  1.039   0.1326    0.0000    0.0000    0.0000
70      B         A           70           ILE        93.44         665  0  0  8.941  1.039  1.039   0.1323    0.0000    0.0000    0.0000
71      B         A           71           SER        91.73         665  0  0  8.941  1.039  1.039   0.1306    0.0000    0.0000    0.0000
72      B         A           72           SER        87.07         665  0  0  8.941  1.039  1.039   0.1278    0.0000    0.0000    0.0000
73      B         A           73           ASP        85.60         665  0  0  8.941  1.039  1.039   0.1281    0.0000    0.0000    0.0000
74      B         A           74           VAL        75.21         665  0  0  8.941  1.039  1.039   0.1273    0.0000    0.0000    0.0000
75      B         A           75           SER        77.96         665  0  0  8.941  1.039  1.039   0.1288    0.0000    0.0000    0.0000
76      B         A           76           SER        86.00         665  0  0  8.941  1.039  1.039   0.1265    0.0000    0.0000    0.0000
77      B         A           77           ASN        86.07         665  0  0  8.941  1.039  1.039   0.1265    0.0000    0.0000    0.0000
78      B         A           78           THR        93.42         665  0  0  8.941  1.039  1.039   0.1290    0.0000    0.0000    0.0000
79      B         A           79           ALA        94.24         665  0  0  8.941  1.039  1.039   0.1303    0.0000    0.0000    0.0000
80      B         A           80           TYR        96.45         665  0  0  8.941  1.039  1.039   0.1328    0.0000    0.0000    0.0000
81      B         A           81           LEU        97.51         665  0  0  8.941  1.039  1.039   0.1320    0.0000    0.0000    0.0000
82      B         A           82           THR        95.89         665  0  0  8.941  1.039  1.039   0.1345    0.0000    0.0000    0.0000
83      B         A           83           ILE        94.79         665  0  0  8.941  1.039  1.039   0.1329    0.0000    0.0000    0.0000
84      B         A           84           SER        91.64         665  0  0  8.941  1.039  1.039   0.1339    0.0000    0.0000    0.0000
85      B         A           85           ASN        89.14         665  0  0  8.941  1.039  1.039   0.1333    0.0000    0.0000    0.0000
86      B         A           86           LEU        91.21         665  0  0  8.941  1.039  1.039   0.1311    0.0000    0.0000    0.0000
87      B         A           87           THR        86.39         665  0  0  8.941  1.039  1.039   0.1311    0.0000    0.0000    0.0000
88      B         A           88           PRO        83.70         665  0  0  8.941  1.039  1.039   0.1285    0.0000    0.0000    0.0000
89      B         A           89           GLU        83.97         665  0  0  8.941  1.039  1.039   0.1316    0.0000    0.0000    0.0000
90      B         A           90           ASP        90.11         665  0  0  8.941  1.039  1.039   0.1308    0.0000    0.0000    0.0000
91      B         A           91           THR        90.20         665  0  0  8.941  1.039  1.039   0.1318    0.0000    0.0000    0.0000
92      B         A           92           ALA        91.78         665  0  0  8.941  1.039  1.039   0.1328    0.0000    0.0000    0.0000
93      B         A           93           VAL        94.34         665  0  0  8.941  1.039  1.039   0.1334    0.0000    0.0000    0.0000
94      B         A           94           TYR        97.32         665  0  0  8.941  1.039  1.039   0.1339    0.0000    0.0000    0.0000
95      B         A           95           TYR        96.65         665  0  0  8.941  1.039  1.039   0.1320    0.0000    0.0000    0.0000
96      B         A           96           CYS        95.56         665  0  0  8.941  1.039  1.039   0.1337    0.0000    0.0000    0.0000
97      B         A           97           ALA        95.17         665  0  0  8.941  1.039  1.039   0.1301    0.0000    0.0000    0.0000
98      B         A           98           LEU        91.86         665  0  0  8.941  1.039  1.039   0.1305    0.0000    0.0000    0.0000
99      B         A           99           GLY        88.94         665  0  0  8.941  1.039  1.039   0.1278    0.0000    0.0000    0.0000
100     B         A          100           GLU        76.70         665  0  0  8.941  1.039  1.039   0.1288    0.0000    0.0000    0.0000
101     B         A          101           ALA        69.20         665  0  0  8.941  1.039  1.039   0.1288    0.0000    0.0000    0.0000
102     B         A          102           GLU        59.26         665  0  0  8.941  1.039  1.039   0.1290    0.0000    0.0000    0.0000
103     B         A          103           ASP        50.17         665  0  0  8.941  1.039  1.039   0.1356    0.0000    0.0000    0.0000
104     B         A          104           VAL        49.89         665  0  0  8.941  1.039  1.039   0.1397    0.0000    0.0000    0.0000
105     B         A          105           PHE        39.37         665  0  0  8.941  1.039  1.039   0.1421    0.0000    0.0000    0.0000
106     B         A          106           ALA        39.37         665  0  0  8.941  1.039  1.039   0.1358    0.0000    0.0000    0.0000
107     B         A          107           ALA        35.19         665  0  0  8.941  1.039  1.039   0.1292    0.0000    0.0000    0.0000
108     B         A          108           HIS        32.66         665  0  0  8.941  1.039  1.039   0.1293    0.0000    0.0000    0.0000
109     B         A          109           PRO        31.32         665  0  0  8.941  1.039  1.039   0.1269    0.0000    0.0000    0.0000
110     B         A          110           PHE        29.90         665  0  0  8.941  1.039  1.039   0.1349    0.0000    0.0000    0.0000
111     B         A          111           LYS        37.74         665  0  0  8.941  1.039  1.039   0.1325    0.0000    0.0000    0.0000
112     B         A          112           THR        43.36         665  0  0  8.941  1.039  1.039   0.1344    0.0000    0.0000    0.0000
113     B         A          113           ASP        50.46         665  0  0  8.941  1.039  1.039   0.1354    0.0000    0.0000    0.0000
114     B         A          114           LEU        63.00         665  0  0  8.941  1.039  1.039   0.1362    0.0000    0.0000    0.0000
115     B         A          115           LEU        71.08         665  0  0  8.941  1.039  1.039   0.1312    0.0000    0.0000    0.0000
116     B         A          116           LEU        82.54         665  0  0  8.941  1.039  1.039   0.1343    0.0000    0.0000    0.0000
117     B         A          117           GLY        82.15         665  0  0  8.941  1.039  1.039   0.1272    0.0000    0.0000    0.0000
118     B         A          118           ALA        89.20         665  0  0  8.941  1.039  1.039   0.1291    0.0000    0.0000    0.0000
119     B         A          119           LEU        93.25         665  0  0  8.941  1.039  1.039   0.1321    0.0000    0.0000    0.0000
120     B         A          120           SER        89.15         665  0  0  8.941  1.039  1.039   0.1269    0.0000    0.0000    0.0000
121     B         A          121           ILE        92.71         665  0  0  8.941  1.039  1.039   0.1295    0.0000    0.0000    0.0000
122     B         A          122           TRP        96.10         665  0  0  8.941  1.039  1.039   0.1299    0.0000    0.0000    0.0000
123     B         A          123           GLY        96.66         665  0  0  8.941  1.039  1.039   0.1338    0.0000    0.0000    0.0000
124     B         A          124           GLN        95.56         665  0  0  8.941  1.039  1.039   0.1301    0.0000    0.0000    0.0000
125     B         A          125           GLY        96.23         665  0  0  8.941  1.039  1.039   0.1299    0.0000    0.0000    0.0000
126     B         A          126           THR        96.83         665  0  0  8.941  1.039  1.039   0.1319    0.0000    0.0000    0.0000
127     B         A          127           ARG        94.21         665  0  0  8.941  1.039  1.039   0.1300    0.0000    0.0000    0.0000
128     B         A          128           VAL        95.00         665  0  0  8.941  1.039  1.039   0.1314    0.0000    0.0000    0.0000
129     B         A          129           THR        91.28         665  0  0  8.941  1.039  1.039   0.1308    0.0000    0.0000    0.0000
130     B         A          130           VAL        90.30         665  0  0  8.941  1.039  1.039   0.1294    0.0000    0.0000    0.0000
131     B         A          131           THR        86.98         665  0  0  8.941  1.039  1.039   0.1200    0.0000    0.0000    0.0000
132     B         A          132           GLY        82.29         665  0  0  8.941  1.039  1.039   0.0958    0.0000    0.0000    0.0000
133     B         A          133           GLY        60.09         665  0  0  8.941  1.039  1.039   0.0822    0.0000    0.0000    0.0000
134     B         A          134           GLY        55.95         665  0  0  8.941  1.039  1.039   0.0815    0.0000    0.0000    0.0000
135     B         A          135           SER        49.94         665  0  0  8.941  1.039  1.039   0.0812    0.0000    0.0000    0.0000
136     B         A          136           GLY        50.21         665  0  0  8.941  1.039  1.039   0.0818    0.0000    0.0000    0.0000
137     B         A          137           GLY        50.17         665  0  0  8.941  1.039  1.039   0.0820    0.0000    0.0000    0.0000
138     B         A          138           GLY        50.12         665  0  0  8.941  1.039  1.039   0.0830    0.0000    0.0000    0.0000
139     B         A          139           SER        48.51         665  0  0  8.941  1.039  1.039   0.0846    0.0000    0.0000    0.0000
140     B         A          140           GLY        51.57         665  0  0  8.941  1.039  1.039   0.0849    0.0000    0.0000    0.0000
141     B         A          141           GLY        49.25         665  0  0  8.941  1.039  1.039   0.0868    0.0000    0.0000    0.0000
142     B         A          142           GLY        49.17         665  0  0  8.941  1.039  1.039   0.0928    0.0000    0.0000    0.0000
143     B         A          143           SER        60.17         665  0  0  8.941  1.039  1.039   0.1017    0.0000    0.0000    0.0000
144     B         A          144           ILE        79.49         665  0  0  8.941  1.039  1.039   0.1234    0.0000    0.0000    0.0000
145     B         A          145           THR        83.15         665  0  0  8.941  1.039  1.039   0.1283    0.0000    0.0000    0.0000
146     B         A          146           VAL        89.78         665  0  0  8.941  1.039  1.039   0.1309    0.0000    0.0000    0.0000
147     B         A          147           THR        92.77         665  0  0  8.941  1.039  1.039   0.1324    0.0000    0.0000    0.0000
148     B         A          148           GLN        95.16         665  0  0  8.941  1.039  1.039   0.1291    0.0000    0.0000    0.0000
149     B         A          149           SER        94.82         665  0  0  8.941  1.039  1.039   0.1243    0.0000    0.0000    0.0000
150     B         A          150           PRO        93.48         665  0  0  8.941  1.039  1.039   0.1240    0.0000    0.0000    0.0000
151     B         A          151           SER        90.23         665  0  0  8.941  1.039  1.039   0.1257    0.0000    0.0000    0.0000
152     B         A          152           SER        91.39         665  0  0  8.941  1.039  1.039   0.1240    0.0000    0.0000    0.0000
153     B         A          153           PRO        93.85         665  0  0  8.941  1.039  1.039   0.1237    0.0000    0.0000    0.0000
154     B         A          154           SER        94.60         665  0  0  8.941  1.039  1.039   0.1277    0.0000    0.0000    0.0000
155     B         A          155           LEU        95.78         665  0  0  8.941  1.039  1.039   0.1300    0.0000    0.0000    0.0000
156     B         A          156           SER        96.00         665  0  0  8.941  1.039  1.039   0.1323    0.0000    0.0000    0.0000
157     B         A          157           VAL        95.97         665  0  0  8.941  1.039  1.039   0.1350    0.0000    0.0000    0.0000
158     B         A          158           GLY        96.80         665  0  0  8.941  1.039  1.039   0.1346    0.0000    0.0000    0.0000
159     B         A          159           GLU        95.66         665  0  0  8.941  1.039  1.039   0.1363    0.0000    0.0000    0.0000
160     B         A          160           THR        96.93         665  0  0  8.941  1.039  1.039   0.1335    0.0000    0.0000    0.0000
161     B         A          161           ALA        97.40         665  0  0  8.941  1.039  1.039   0.1343    0.0000    0.0000    0.0000
162     B         A          162           VAL        96.95         665  0  0  8.941  1.039  1.039   0.1332    0.0000    0.0000    0.0000
163     B         A          163           LEU        97.69         665  0  0  8.941  1.039  1.039   0.1329    0.0000    0.0000    0.0000
164     B         A          164           THR        97.20         665  0  0  8.941  1.039  1.039   0.1332    0.0000    0.0000    0.0000
165     B         A          165           CYS        96.33         665  0  0  8.941  1.039  1.039   0.1330    0.0000    0.0000    0.0000
166     B         A          166           THR        95.86         665  0  0  8.941  1.039  1.039   0.1353    0.0000    0.0000    0.0000
167     B         A          167           LEU        90.73         665  0  0  8.941  1.039  1.039   0.1349    0.0000    0.0000    0.0000
168     B         A          168           SER        86.40         665  0  0  8.941  1.039  1.039   0.1350    0.0000    0.0000    0.0000
169     B         A          169           GLN        78.96         665  0  0  8.941  1.039  1.039   0.1318    0.0000    0.0000    0.0000
170     B         A          170           PRO        77.83         665  0  0  8.941  1.039  1.039   0.1330    0.0000    0.0000    0.0000
171     B         A          171           VAL        77.68         665  0  0  8.941  1.039  1.039   0.1329    0.0000    0.0000    0.0000
172     B         A          172           PRO        65.87         665  0  0  8.941  1.039  1.039   0.1267    0.0000    0.0000    0.0000
173     B         A          173           GLN        69.64         665  0  0  8.941  1.039  1.039   0.1255    0.0000    0.0000    0.0000
174     B         A          174           SER        67.85         665  0  0  8.941  1.039  1.039   0.1250    0.0000    0.0000    0.0000
175     B         A          175           GLN        79.45         665  0  0  8.941  1.039  1.039   0.1286    0.0000    0.0000    0.0000
176     B         A          176           VAL        90.38         665  0  0  8.941  1.039  1.039   0.1327    0.0000    0.0000    0.0000
177     B         A          177           ALA        94.03         665  0  0  8.941  1.039  1.039   0.1309    0.0000    0.0000    0.0000
178     B         A          178           TRP        97.79         665  0  0  8.941  1.039  1.039   0.1332    0.0000    0.0000    0.0000
179     B         A          179           TYR        96.97         665  0  0  8.941  1.039  1.039   0.1347    0.0000    0.0000    0.0000
180     B         A          180           LYS        97.40         665  0  0  8.941  1.039  1.039   0.1346    0.0000    0.0000    0.0000
181     B         A          181           GLN        93.81         665  0  0  8.941  1.039  1.039   0.1345    0.0000    0.0000    0.0000
182     B         A          182           LEU        93.70         665  0  0  8.941  1.039  1.039   0.1342    0.0000    0.0000    0.0000
183     B         A          183           PRO        87.70         665  0  0  8.941  1.039  1.039   0.1279    0.0000    0.0000    0.0000
184     B         A          184           GLY        87.73         665  0  0  8.941  1.039  1.039   0.1262    0.0000    0.0000    0.0000
185     B         A          185           GLN        91.45         665  0  0  8.941  1.039  1.039   0.1308    0.0000    0.0000    0.0000
186     B         A          186           PRO        92.39         665  0  0  8.941  1.039  1.039   0.1317    0.0000    0.0000    0.0000
187     B         A          187           PRO        93.51         665  0  0  8.941  1.039  1.039   0.1302    0.0000    0.0000    0.0000
188     B         A          188           THR        94.67         665  0  0  8.941  1.039  1.039   0.1310    0.0000    0.0000    0.0000
189     B         A          189           LEU        95.64         665  0  0  8.941  1.039  1.039   0.1318    0.0000    0.0000    0.0000
190     B         A          190           LEU        97.49         665  0  0  8.941  1.039  1.039   0.1314    0.0000    0.0000    0.0000
191     B         A          191           ILE        95.00         665  0  0  8.941  1.039  1.039   0.1308    0.0000    0.0000    0.0000
192     B         A          192           SER        88.23         665  0  0  8.941  1.039  1.039   0.1287    0.0000    0.0000    0.0000
193     B         A          193           GLY        81.77         665  0  0  8.941  1.039  1.039   0.1263    0.0000    0.0000    0.0000
194     B         A          194           GLY        86.31         665  0  0  8.941  1.039  1.039   0.1256    0.0000    0.0000    0.0000
195     B         A          195           SER        82.65         665  0  0  8.941  1.039  1.039   0.1263    0.0000    0.0000    0.0000
196     B         A          196           THR        82.07         665  0  0  8.941  1.039  1.039   0.1288    0.0000    0.0000    0.0000
197     B         A          197           ARG        89.10         665  0  0  8.941  1.039  1.039   0.1250    0.0000    0.0000    0.0000
198     B         A          198           ALA        90.87         665  0  0  8.941  1.039  1.039   0.1276    0.0000    0.0000    0.0000
199     B         A          199           SER        82.98         665  0  0  8.941  1.039  1.039   0.1291    0.0000    0.0000    0.0000
200     B         A          200           GLY        90.27         665  0  0  8.941  1.039  1.039   0.1275    0.0000    0.0000    0.0000
201     B         A          201           VAL        94.60         665  0  0  8.941  1.039  1.039   0.1286    0.0000    0.0000    0.0000
202     B         A          202           PRO        94.99         665  0  0  8.941  1.039  1.039   0.1280    0.0000    0.0000    0.0000
203     B         A          203           SER        91.19         665  0  0  8.941  1.039  1.039   0.1292    0.0000    0.0000    0.0000
204     B         A          204           ARG        94.65         665  0  0  8.941  1.039  1.039   0.1267    0.0000    0.0000    0.0000
205     B         A          205           TYR        97.49         665  0  0  8.941  1.039  1.039   0.1311    0.0000    0.0000    0.0000
206     B         A          206           SER        94.43         665  0  0  8.941  1.039  1.039   0.1312    0.0000    0.0000    0.0000
207     B         A          207           GLY        94.04         665  0  0  8.941  1.039  1.039   0.1289    0.0000    0.0000    0.0000
208     B         A          208           SER        92.01         665  0  0  8.941  1.039  1.039   0.1293    0.0000    0.0000    0.0000
209     B         A          209           GLY        89.69         665  0  0  8.941  1.039  1.039   0.1239    0.0000    0.0000    0.0000
210     B         A          210           SER        79.12         665  0  0  8.941  1.039  1.039   0.1287    0.0000    0.0000    0.0000
211     B         A          211           GLY        82.83         665  0  0  8.941  1.039  1.039   0.1297    0.0000    0.0000    0.0000
212     B         A          212           THR        89.73         665  0  0  8.941  1.039  1.039   0.1341    0.0000    0.0000    0.0000
213     B         A          213           THR        93.35         665  0  0  8.941  1.039  1.039   0.1350    0.0000    0.0000    0.0000
214     B         A          214           PHE        95.03         665  0  0  8.941  1.039  1.039   0.1329    0.0000    0.0000    0.0000
215     B         A          215           THR        95.67         665  0  0  8.941  1.039  1.039   0.1322    0.0000    0.0000    0.0000
216     B         A          216           LEU        97.96         665  0  0  8.941  1.039  1.039   0.1330    0.0000    0.0000    0.0000
217     B         A          217           THR        97.60         665  0  0  8.941  1.039  1.039   0.1326    0.0000    0.0000    0.0000
218     B         A          218           ILE        97.83         665  0  0  8.941  1.039  1.039   0.1333    0.0000    0.0000    0.0000
219     B         A          219           SER        95.41         665  0  0  8.941  1.039  1.039   0.1298    0.0000    0.0000    0.0000
220     B         A          220           SER        96.23         665  0  0  8.941  1.039  1.039   0.1331    0.0000    0.0000    0.0000
221     B         A          221           LEU        96.66         665  0  0  8.941  1.039  1.039   0.1327    0.0000    0.0000    0.0000
222     B         A          222           LEU        96.02         665  0  0  8.941  1.039  1.039   0.1341    0.0000    0.0000    0.0000
223     B         A          223           PRO        94.74         665  0  0  8.941  1.039  1.039   0.1322    0.0000    0.0000    0.0000
224     B         A          224           GLU        93.27         665  0  0  8.941  1.039  1.039   0.1294    0.0000    0.0000    0.0000
225     B         A          225           ASP        96.13         665  0  0  8.941  1.039  1.039   0.1323    0.0000    0.0000    0.0000
226     B         A          226           PHE        96.35         665  0  0  8.941  1.039  1.039   0.1339    0.0000    0.0000    0.0000
227     B         A          227           ALA        96.20         665  0  0  8.941  1.039  1.039   0.1330    0.0000    0.0000    0.0000
228     B         A          228           THR        94.71         665  0  0  8.941  1.039  1.039   0.1346    0.0000    0.0000    0.0000
229     B         A          229           TYR        97.98         665  0  0  8.941  1.039  1.039   0.1354    0.0000    0.0000    0.0000
230     B         A          230           TYR        96.00         665  0  0  8.941  1.039  1.039   0.1342    0.0000    0.0000    0.0000
231     B         A          231           CYS        94.26         665  0  0  8.941  1.039  1.039   0.1326    0.0000    0.0000    0.0000
232     B         A          232           GLN        93.34         665  0  0  8.941  1.039  1.039   0.1314    0.0000    0.0000    0.0000
233     B         A          233           VAL        88.88         665  0  0  8.941  1.039  1.039   0.1328    0.0000    0.0000    0.0000
234     B         A          234           VAL        81.02         665  0  0  8.941  1.039  1.039   0.1308    0.0000    0.0000    0.0000
235     B         A          235           GLY        76.52         665  0  0  8.941  1.039  1.039   0.1291    0.0000    0.0000    0.0000
236     B         A          236           LYS        68.61         665  0  0  8.941  1.039  1.039   0.1328    0.0000    0.0000    0.0000
237     B         A          237           GLU        72.57         665  0  0  8.941  1.039  1.039   0.1321    0.0000    0.0000    0.0000
238     B         A          238           PRO        84.39         665  0  0  8.941  1.039  1.039   0.1299    0.0000    0.0000    0.0000
239     B         A          239           SER        85.82         665  0  0  8.941  1.039  1.039   0.1312    0.0000    0.0000    0.0000
240     B         A          240           PHE        92.23         665  0  0  8.941  1.039  1.039   0.1320    0.0000    0.0000    0.0000
241     B         A          241           GLY        93.16         665  0  0  8.941  1.039  1.039   0.1321    0.0000    0.0000    0.0000
242     B         A          242           GLN        90.22         665  0  0  8.941  1.039  1.039   0.1305    0.0000    0.0000    0.0000
243     B         A          243           GLY        94.43         665  0  0  8.941  1.039  1.039   0.1280    0.0000    0.0000    0.0000
244     B         A          244           THR        96.78         665  0  0  8.941  1.039  1.039   0.1323    0.0000    0.0000    0.0000
245     B         A          245           THR        94.53         665  0  0  8.941  1.039  1.039   0.1328    0.0000    0.0000    0.0000
246     B         A          246           LEU        96.35         665  0  0  8.941  1.039  1.039   0.1319    0.0000    0.0000    0.0000
247     B         A          247           THR        94.11         665  0  0  8.941  1.039  1.039   0.1303    0.0000    0.0000    0.0000
248     B         A          248           LEU        93.14         665  0  0  8.941  1.039  1.039   0.1291    0.0000    0.0000    0.0000
249     B         A          249           LYS        86.06         665  0  0  8.941  1.039  1.039   0.1094    0.0000    0.0000    0.0000
