i,AlignChn,ScoredChain,AlignResNum,AlignResType,AlignRespLDDT,n0chn,n0dom,n0res,d0chn,d0dom,d0res,ipTM_pae,ipSAE_d0chn,ipSAE_d0dom,ipSAE 
250     A         B            1           ILE        93.26         665  656  18  8.941  8.892  1.039   0.2164    0.2853    0.2830    0.0054
251     A         B            2           CYS        95.53         665  656  223  8.941  8.892  5.547   0.3279    0.3378    0.3354    0.1650
252     A         B            3           LEU        93.94         665  656  242  8.941  8.892  5.764   0.3716    0.3752    0.3726    0.2012
253     A         B            4           GLN        95.12         665  656  247  8.941  8.892  5.819   0.4055    0.4067    0.4040    0.2267
254     A         B            5           LYS        95.92         665  656  249  8.941  8.892  5.841   0.4295    0.4295    0.4268    0.2451
255     A         B            6           THR        95.31         665  656  245  8.941  8.892  5.797   0.3976    0.3999    0.3973    0.2204
256     A         B            7           SER        91.19         665  656  233  8.941  8.892  5.663   0.3508    0.3580    0.3554    0.1840
257     A         B            8           ASN        92.24         665  656  222  8.941  8.892  5.535   0.3348    0.3460    0.3434    0.1695
258     A         B            9           GLN        91.79         665  656  239  8.941  8.892  5.731   0.3551    0.3597    0.3572    0.1887
259     A         B           10           ILE        95.21         665  656  249  8.941  8.892  5.841   0.4238    0.4238    0.4211    0.2411
260     A         B           11           LEU        97.34         665  656  249  8.941  8.892  5.841   0.5820    0.5820    0.5793    0.3761
261     A         B           12           LYS        94.14         665  656  249  8.941  8.892  5.841   0.5640    0.5640    0.5613    0.3591
262     A         B           13           PRO        96.49         665  656  249  8.941  8.892  5.841   0.6393    0.6393    0.6367    0.4348
263     A         B           14           LYS        91.94         665  656  249  8.941  8.892  5.841   0.6473    0.6473    0.6448    0.4434
264     A         B           15           LEU        88.49         665  656  249  8.941  8.892  5.841   0.6979    0.6979    0.6955    0.5006
265     A         B           16           ILE        86.35         665  656  249  8.941  8.892  5.841   0.6509    0.6509    0.6484    0.4471
266     A         B           17           SER        66.96         665  656  249  8.941  8.892  5.841   0.5250    0.5250    0.5222    0.3240
267     A         B           18           TYR        64.76         665  656  249  8.941  8.892  5.841   0.5360    0.5360    0.5333    0.3338
268     A         B           19           THR        63.65         665  656  249  8.941  8.892  5.841   0.5240    0.5240    0.5212    0.3233
269     A         B           20           LEU        69.78         665  656  249  8.941  8.892  5.841   0.5569    0.5569    0.5542    0.3531
270     A         B           21           PRO        61.25         665  656  249  8.941  8.892  5.841   0.4788    0.4788    0.4761    0.2853
271     A         B           22           VAL        67.99         665  656  249  8.941  8.892  5.841   0.5132    0.5132    0.5105    0.3141
272     A         B           23           VAL        65.70         665  656  249  8.941  8.892  5.841   0.5071    0.5071    0.5044    0.3087
273     A         B           24           GLY        64.48         665  656  249  8.941  8.892  5.841   0.4208    0.4208    0.4181    0.2402
274     A         B           25           GLN        65.37         665  656  249  8.941  8.892  5.841   0.4750    0.4750    0.4723    0.2829
275     A         B           26           SER        68.41         665  656  249  8.941  8.892  5.841   0.4760    0.4760    0.4733    0.2851
276     A         B           27           GLY        74.50         665  656  249  8.941  8.892  5.841   0.5089    0.5089    0.5063    0.3142
277     A         B           28           THR        80.09         665  656  249  8.941  8.892  5.841   0.5922    0.5922    0.5895    0.3897
278     A         B           29           CYS        78.58         665  656  249  8.941  8.892  5.841   0.6353    0.6353    0.6328    0.4345
279     A         B           30           ILE        86.70         665  656  249  8.941  8.892  5.841   0.6896    0.6896    0.6872    0.4927
280     A         B           31           THR        86.45         665  656  249  8.941  8.892  5.841   0.6755    0.6755    0.6731    0.4774
281     A         B           32           ASP        93.40         665  656  249  8.941  8.892  5.841   0.7022    0.7022    0.6999    0.5077
282     A         B           33           PRO        94.13         665  656  249  8.941  8.892  5.841   0.7277    0.7277    0.7255    0.5397
283     A         B           34           LEU        96.59         665  656  249  8.941  8.892  5.841   0.7342    0.7342    0.7320    0.5465
284     A         B           35           LEU        96.89         665  656  249  8.941  8.892  5.841   0.7526    0.7526    0.7505    0.5698
285     A         B           36           ALA        98.27         665  656  249  8.941  8.892  5.841   0.7413    0.7413    0.7392    0.5556
286     A         B           37           MET        96.64         665  656  249  8.941  8.892  5.841   0.7044    0.7044    0.7022    0.5095
287     A         B           38           ASP        95.45         665  656  249  8.941  8.892  5.841   0.6494    0.6494    0.6469    0.4476
288     A         B           39           GLU        94.04         665  656  249  8.941  8.892  5.841   0.5865    0.5865    0.5838    0.3824
289     A         B           40           GLY        94.31         665  656  249  8.941  8.892  5.841   0.5597    0.5597    0.5570    0.3552
290     A         B           41           TYR        96.36         665  656  249  8.941  8.892  5.841   0.7152    0.7152    0.7130    0.5233
291     A         B           42           PHE        95.87         665  656  249  8.941  8.892  5.841   0.7362    0.7362    0.7341    0.5484
292     A         B           43           ALA        97.84         665  656  249  8.941  8.892  5.841   0.7412    0.7412    0.7391    0.5549
293     A         B           44           TYR        94.38         665  656  249  8.941  8.892  5.841   0.7410    0.7410    0.7389    0.5545
294     A         B           45           SER        96.43         665  656  249  8.941  8.892  5.841   0.7234    0.7234    0.7212    0.5334
295     A         B           46           HIS        92.74         665  656  249  8.941  8.892  5.841   0.7332    0.7332    0.7311    0.5455
296     A         B           47           LEU        92.84         665  656  249  8.941  8.892  5.841   0.7213    0.7213    0.7191    0.5307
297     A         B           48           GLU        88.23         665  656  249  8.941  8.892  5.841   0.6677    0.6677    0.6653    0.4683
298     A         B           49           ARG        84.34         665  656  249  8.941  8.892  5.841   0.6341    0.6341    0.6316    0.4323
299     A         B           50           ILE        82.73         665  656  249  8.941  8.892  5.841   0.6083    0.6083    0.6057    0.4061
300     A         B           51           GLY        73.74         665  656  249  8.941  8.892  5.841   0.5823    0.5823    0.5797    0.3822
301     A         B           52           SER        66.40         665  656  249  8.941  8.892  5.841   0.5720    0.5720    0.5694    0.3720
302     A         B           53           CYS        70.39         665  656  249  8.941  8.892  5.841   0.6102    0.6102    0.6076    0.4097
303     A         B           54           SER        61.77         665  656  249  8.941  8.892  5.841   0.5243    0.5243    0.5217    0.3300
304     A         B           55           ARG        64.28         665  656  249  8.941  8.892  5.841   0.5281    0.5281    0.5255    0.3317
305     A         B           56           GLY        75.95         665  656  249  8.941  8.892  5.841   0.5440    0.5440    0.5414    0.3454
306     A         B           57           VAL        84.47         665  656  249  8.941  8.892  5.841   0.5824    0.5824    0.5798    0.3810
307     A         B           58           SER        89.07         665  656  249  8.941  8.892  5.841   0.5771    0.5771    0.5745    0.3755
308     A         B           59           LYS        87.49         665  656  249  8.941  8.892  5.841   0.5958    0.5958    0.5932    0.3929
309     A         B           60           GLN        88.59         665  656  249  8.941  8.892  5.841   0.5732    0.5732    0.5705    0.3706
310     A         B           61           ARG        94.25         665  656  249  8.941  8.892  5.841   0.6691    0.6691    0.6667    0.4697
311     A         B           62           ILE        91.70         665  656  249  8.941  8.892  5.841   0.6815    0.6815    0.6791    0.4833
312     A         B           63           ILE        96.15         665  656  249  8.941  8.892  5.841   0.7108    0.7108    0.7085    0.5172
313     A         B           64           GLY        93.59         665  656  249  8.941  8.892  5.841   0.6230    0.6230    0.6204    0.4200
314     A         B           65           VAL        94.62         665  656  249  8.941  8.892  5.841   0.6991    0.6991    0.6968    0.5032
315     A         B           66           GLY        92.24         665  656  249  8.941  8.892  5.841   0.5805    0.5805    0.5779    0.3760
316     A         B           67           GLU        87.97         665  656  249  8.941  8.892  5.841   0.6078    0.6078    0.6052    0.4022
317     A         B           68           VAL        92.90         665  656  249  8.941  8.892  5.841   0.6427    0.6427    0.6402    0.4382
318     A         B           69           LEU        83.76         665  656  249  8.941  8.892  5.841   0.4911    0.4911    0.4883    0.2950
319     A         B           70           ASP        84.38         665  656  249  8.941  8.892  5.841   0.4305    0.4305    0.4278    0.2461
320     A         B           71           ARG        74.82         665  656  190  8.941  8.892  5.136   0.2990    0.3161    0.3137    0.1329
321     A         B           72           GLY        79.08         665  656  103  8.941  8.892  3.715   0.2558    0.2938    0.2915    0.0672
322     A         B           73           ASP        79.65         665  656  213  8.941  8.892  5.427   0.3158    0.3284    0.3260    0.1535
323     A         B           74           GLU        86.39         665  656  249  8.941  8.892  5.841   0.4349    0.4349    0.4322    0.2499
324     A         B           75           VAL        89.80         665  656  249  8.941  8.892  5.841   0.5394    0.5394    0.5367    0.3363
325     A         B           76           PRO        93.20         665  656  249  8.941  8.892  5.841   0.5768    0.5768    0.5741    0.3712
326     A         B           77           SER        85.61         665  656  249  8.941  8.892  5.841   0.5281    0.5281    0.5254    0.3266
327     A         B           78           LEU        89.56         665  656  249  8.941  8.892  5.841   0.6607    0.6607    0.6582    0.4580
328     A         B           79           PHE        85.00         665  656  249  8.941  8.892  5.841   0.6561    0.6561    0.6537    0.4532
329     A         B           80           MET        86.05         665  656  249  8.941  8.892  5.841   0.6310    0.6310    0.6284    0.4260
330     A         B           81           THR        86.83         665  656  249  8.941  8.892  5.841   0.6197    0.6197    0.6171    0.4146
331     A         B           82           ASN        89.18         665  656  249  8.941  8.892  5.841   0.6398    0.6398    0.6373    0.4367
332     A         B           83           VAL        88.49         665  656  249  8.941  8.892  5.841   0.6622    0.6622    0.6597    0.4606
333     A         B           84           TRP        92.56         665  656  249  8.941  8.892  5.841   0.6517    0.6517    0.6492    0.4493
334     A         B           85           THR        90.95         665  656  249  8.941  8.892  5.841   0.5885    0.5885    0.5859    0.3840
335     A         B           86           PRO        94.26         665  656  249  8.941  8.892  5.841   0.5576    0.5576    0.5549    0.3547
336     A         B           87           PRO        91.54         665  656  249  8.941  8.892  5.841   0.4828    0.4828    0.4801    0.2896
337     A         B           88           ASN        93.71         665  656  249  8.941  8.892  5.841   0.5558    0.5558    0.5531    0.3539
338     A         B           89           PRO        92.18         665  656  249  8.941  8.892  5.841   0.5423    0.5423    0.5396    0.3417
339     A         B           90           ASN        92.40         665  656  249  8.941  8.892  5.841   0.5515    0.5515    0.5489    0.3496
340     A         B           91           THR        96.03         665  656  249  8.941  8.892  5.841   0.5953    0.5953    0.5926    0.3916
341     A         B           92           VAL        97.10         665  656  249  8.941  8.892  5.841   0.6623    0.6623    0.6599    0.4611
342     A         B           93           TYR        97.34         665  656  249  8.941  8.892  5.841   0.6915    0.6915    0.6892    0.4941
343     A         B           94           HIS        98.19         665  656  249  8.941  8.892  5.841   0.7176    0.7176    0.7153    0.5258
344     A         B           95           CYS        98.33         665  656  249  8.941  8.892  5.841   0.7192    0.7192    0.7170    0.5281
345     A         B           96           SER        98.87         665  656  249  8.941  8.892  5.841   0.7233    0.7233    0.7211    0.5333
346     A         B           97           ALA        98.73         665  656  249  8.941  8.892  5.841   0.7331    0.7331    0.7309    0.5451
347     A         B           98           VAL        98.72         665  656  249  8.941  8.892  5.841   0.7307    0.7307    0.7285    0.5414
348     A         B           99           TYR        98.02         665  656  249  8.941  8.892  5.841   0.7181    0.7181    0.7158    0.5262
349     A         B          100           ASN        95.49         665  656  249  8.941  8.892  5.841   0.6280    0.6280    0.6255    0.4244
350     A         B          101           ASN        88.58         665  656  244  8.941  8.892  5.786   0.3680    0.3702    0.3677    0.1999
351     A         B          102           GLU        89.76         665  656  249  8.941  8.892  5.841   0.4408    0.4408    0.4381    0.2550
352     A         B          103           PHE        94.34         665  656  249  8.941  8.892  5.841   0.6894    0.6894    0.6871    0.4923
353     A         B          104           TYR        97.75         665  656  249  8.941  8.892  5.841   0.7104    0.7104    0.7082    0.5163
354     A         B          105           TYR        97.16         665  656  249  8.941  8.892  5.841   0.7433    0.7433    0.7412    0.5576
355     A         B          106           VAL        98.37         665  656  249  8.941  8.892  5.841   0.7288    0.7288    0.7267    0.5390
356     A         B          107           LEU        98.56         665  656  249  8.941  8.892  5.841   0.7459    0.7459    0.7439    0.5609
357     A         B          108           CYS        98.16         665  656  249  8.941  8.892  5.841   0.7166    0.7166    0.7144    0.5250
358     A         B          109           ALA        98.43         665  656  249  8.941  8.892  5.841   0.7107    0.7107    0.7084    0.5178
359     A         B          110           VAL        97.20         665  656  249  8.941  8.892  5.841   0.6900    0.6900    0.6877    0.4930
360     A         B          111           SER        97.46         665  656  249  8.941  8.892  5.841   0.6485    0.6485    0.6460    0.4474
361     A         B          112           THR        94.96         665  656  249  8.941  8.892  5.841   0.5894    0.5894    0.5868    0.3863
362     A         B          113           VAL        94.26         665  656  249  8.941  8.892  5.841   0.6582    0.6582    0.6557    0.4575
363     A         B          114           GLY        93.64         665  656  249  8.941  8.892  5.841   0.6427    0.6427    0.6402    0.4410
364     A         B          115           ASP        93.58         665  656  249  8.941  8.892  5.841   0.6984    0.6984    0.6961    0.5038
365     A         B          116           PRO        98.04         665  656  249  8.941  8.892  5.841   0.6897    0.6897    0.6874    0.4936
366     A         B          117           ILE        96.05         665  656  249  8.941  8.892  5.841   0.7297    0.7297    0.7276    0.5413
367     A         B          118           LEU        89.96         665  656  249  8.941  8.892  5.841   0.7003    0.7003    0.6980    0.5056
368     A         B          119           ASN        94.32         665  656  249  8.941  8.892  5.841   0.7010    0.7010    0.6988    0.5079
369     A         B          120           SER        95.90         665  656  249  8.941  8.892  5.841   0.6808    0.6808    0.6784    0.4845
370     A         B          121           THR        93.87         665  656  249  8.941  8.892  5.841   0.6596    0.6596    0.6572    0.4589
371     A         B          122           TYR        95.23         665  656  249  8.941  8.892  5.841   0.6690    0.6690    0.6665    0.4689
372     A         B          123           TRP        98.05         665  656  249  8.941  8.892  5.841   0.6820    0.6820    0.6796    0.4838
373     A         B          124           SER        95.92         665  656  249  8.941  8.892  5.841   0.6043    0.6043    0.6017    0.4023
374     A         B          125           GLY        97.72         665  656  249  8.941  8.892  5.841   0.5694    0.5694    0.5668    0.3669
375     A         B          126           SER        96.26         665  656  249  8.941  8.892  5.841   0.6117    0.6117    0.6091    0.4082
376     A         B          127           LEU        97.63         665  656  249  8.941  8.892  5.841   0.6939    0.6939    0.6915    0.4972
377     A         B          128           MET        95.40         665  656  249  8.941  8.892  5.841   0.6333    0.6333    0.6307    0.4303
378     A         B          129           MET        95.65         665  656  249  8.941  8.892  5.841   0.6778    0.6778    0.6755    0.4785
379     A         B          130           THR        95.82         665  656  249  8.941  8.892  5.841   0.6691    0.6691    0.6666    0.4683
380     A         B          131           ARG        93.58         665  656  249  8.941  8.892  5.841   0.6517    0.6517    0.6492    0.4489
381     A         B          132           LEU        95.02         665  656  249  8.941  8.892  5.841   0.6835    0.6835    0.6811    0.4842
382     A         B          133           ALA        91.54         665  656  249  8.941  8.892  5.841   0.6317    0.6317    0.6292    0.4276
383     A         B          134           VAL        92.13         665  656  249  8.941  8.892  5.841   0.5324    0.5324    0.5297    0.3302
384     A         B          135           LYS        84.29         665  656  249  8.941  8.892  5.841   0.4355    0.4355    0.4328    0.2509
385     A         B          136           PRO        77.06         665  656  215  8.941  8.892  5.452   0.3126    0.3231    0.3207    0.1516
386     A         B          137           LYS        71.30         665  656  108  8.941  8.892  3.818   0.2602    0.3031    0.3007    0.0738
387     A         B          138           SER        61.84         665  656  0  8.941  8.892  1.039   0.1706    0.0000    0.0000    0.0000
388     A         B          139           ASN        64.09         665  656  0  8.941  8.892  1.039   0.1405    0.0000    0.0000    0.0000
389     A         B          140           GLY        63.18         665  656  0  8.941  8.892  1.039   0.1570    0.0000    0.0000    0.0000
390     A         B          141           GLY        61.80         665  656  0  8.941  8.892  1.039   0.1787    0.0000    0.0000    0.0000
391     A         B          142           GLY        66.61         665  656  21  8.941  8.892  1.039   0.2151    0.2750    0.2728    0.0051
392     A         B          143           TYR        69.75         665  656  214  8.941  8.892  5.439   0.3108    0.3221    0.3196    0.1504
393     A         B          144           ASN        82.59         665  656  249  8.941  8.892  5.841   0.4175    0.4175    0.4149    0.2368
394     A         B          145           GLN        85.36         665  656  249  8.941  8.892  5.841   0.4846    0.4846    0.4819    0.2895
395     A         B          146           HIS        87.84         665  656  249  8.941  8.892  5.841   0.5424    0.5424    0.5397    0.3401
396     A         B          147           GLN        88.75         665  656  249  8.941  8.892  5.841   0.5507    0.5507    0.5480    0.3474
397     A         B          148           LEU        89.57         665  656  249  8.941  8.892  5.841   0.4765    0.4765    0.4738    0.2828
398     A         B          149           ALA        82.21         665  656  220  8.941  8.892  5.511   0.3248    0.3351    0.3327    0.1620
399     A         B          150           LEU        90.92         665  656  249  8.941  8.892  5.841   0.3767    0.3767    0.3741    0.2069
400     A         B          151           ARG        86.33         665  656  196  8.941  8.892  5.214   0.3098    0.3276    0.3252    0.1434
401     A         B          152           SER        90.74         665  656  249  8.941  8.892  5.841   0.3978    0.3978    0.3952    0.2228
402     A         B          153           ILE        96.47         665  656  249  8.941  8.892  5.841   0.5606    0.5606    0.5579    0.3566
403     A         B          154           GLU        96.56         665  656  249  8.941  8.892  5.841   0.6103    0.6103    0.6077    0.4057
404     A         B          155           LYS        97.05         665  656  249  8.941  8.892  5.841   0.5636    0.5636    0.5609    0.3603
405     A         B          156           GLY        97.75         665  656  249  8.941  8.892  5.841   0.5605    0.5605    0.5578    0.3576
406     A         B          157           ARG        96.39         665  656  249  8.941  8.892  5.841   0.6212    0.6212    0.6186    0.4187
407     A         B          158           TYR        98.81         665  656  249  8.941  8.892  5.841   0.7141    0.7141    0.7119    0.5213
408     A         B          159           ASP        98.28         665  656  249  8.941  8.892  5.841   0.7016    0.7016    0.6993    0.5063
409     A         B          160           LYS        98.65         665  656  249  8.941  8.892  5.841   0.6584    0.6584    0.6560    0.4570
410     A         B          161           VAL        98.84         665  656  249  8.941  8.892  5.841   0.7270    0.7270    0.7248    0.5371
411     A         B          162           MET        98.43         665  656  249  8.941  8.892  5.841   0.6662    0.6662    0.6637    0.4654
412     A         B          163           PRO        98.86         665  656  249  8.941  8.892  5.841   0.7249    0.7249    0.7227    0.5345
413     A         B          164           TYR        98.79         665  656  249  8.941  8.892  5.841   0.7461    0.7461    0.7440    0.5613
414     A         B          165           GLY        98.80         665  656  249  8.941  8.892  5.841   0.6136    0.6136    0.6110    0.4110
415     A         B          166           PRO        97.98         665  656  249  8.941  8.892  5.841   0.6711    0.6711    0.6687    0.4725
416     A         B          167           SER        98.04         665  656  249  8.941  8.892  5.841   0.6576    0.6576    0.6552    0.4570
417     A         B          168           GLY        98.82         665  656  249  8.941  8.892  5.841   0.6694    0.6694    0.6670    0.4703
418     A         B          169           ILE        98.37         665  656  249  8.941  8.892  5.841   0.7139    0.7139    0.7117    0.5211
419     A         B          170           LYS        96.81         665  656  249  8.941  8.892  5.841   0.6734    0.6734    0.6710    0.4737
420     A         B          171           GLN        94.88         665  656  249  8.941  8.892  5.841   0.5515    0.5515    0.5488    0.3491
421     A         B          172           GLY        93.73         665  656  249  8.941  8.892  5.841   0.4121    0.4121    0.4095    0.2325
422     A         B          173           ASP        89.79         665  656  241  8.941  8.892  5.753   0.3706    0.3744    0.3719    0.2013
423     A         B          174           THR        96.81         665  656  249  8.941  8.892  5.841   0.6542    0.6542    0.6518    0.4522
424     A         B          175           LEU        97.78         665  656  249  8.941  8.892  5.841   0.7215    0.7215    0.7192    0.5299
425     A         B          176           TYR        98.72         665  656  249  8.941  8.892  5.841   0.7574    0.7574    0.7554    0.5760
426     A         B          177           PHE        98.92         665  656  249  8.941  8.892  5.841   0.7610    0.7610    0.7590    0.5803
427     A         B          178           PRO        98.95         665  656  249  8.941  8.892  5.841   0.7331    0.7331    0.7310    0.5450
428     A         B          179           ALA        98.93         665  656  249  8.941  8.892  5.841   0.7080    0.7080    0.7057    0.5143
429     A         B          180           VAL        98.88         665  656  249  8.941  8.892  5.841   0.7397    0.7397    0.7376    0.5531
430     A         B          181           GLY        98.91         665  656  249  8.941  8.892  5.841   0.6943    0.6943    0.6920    0.4984
431     A         B          182           PHE        98.81         665  656  249  8.941  8.892  5.841   0.7521    0.7521    0.7501    0.5694
432     A         B          183           LEU        98.56         665  656  249  8.941  8.892  5.841   0.7410    0.7410    0.7389    0.5549
433     A         B          184           VAL        98.16         665  656  249  8.941  8.892  5.841   0.7151    0.7151    0.7128    0.5231
434     A         B          185           ARG        95.54         665  656  249  8.941  8.892  5.841   0.6504    0.6504    0.6479    0.4485
435     A         B          186           THR        95.92         665  656  249  8.941  8.892  5.841   0.6348    0.6348    0.6323    0.4329
436     A         B          187           GLU        96.76         665  656  249  8.941  8.892  5.841   0.6381    0.6381    0.6356    0.4356
437     A         B          188           PHE        97.06         665  656  249  8.941  8.892  5.841   0.6130    0.6130    0.6104    0.4086
438     A         B          189           LYS        93.24         665  656  249  8.941  8.892  5.841   0.4962    0.4962    0.4935    0.3009
439     A         B          190           TYR        95.56         665  656  249  8.941  8.892  5.841   0.5524    0.5524    0.5497    0.3496
440     A         B          191           ASN        94.47         665  656  249  8.941  8.892  5.841   0.4758    0.4758    0.4731    0.2836
441     A         B          192           ASP        92.02         665  656  249  8.941  8.892  5.841   0.4827    0.4827    0.4800    0.2886
442     A         B          193           SER        93.69         665  656  249  8.941  8.892  5.841   0.4674    0.4674    0.4647    0.2769
443     A         B          194           ASN        93.62         665  656  249  8.941  8.892  5.841   0.4689    0.4689    0.4662    0.2779
444     A         B          195           CYS        95.13         665  656  249  8.941  8.892  5.841   0.5140    0.5140    0.5113    0.3159
445     A         B          196           PRO        91.22         665  656  249  8.941  8.892  5.841   0.4763    0.4763    0.4736    0.2840
446     A         B          197           ILE        91.59         665  656  249  8.941  8.892  5.841   0.4855    0.4855    0.4828    0.2916
447     A         B          198           THR        90.72         665  656  237  8.941  8.892  5.708   0.3744    0.3810    0.3784    0.2040
448     A         B          199           LYS        84.38         665  656  245  8.941  8.892  5.797   0.4286    0.4315    0.4289    0.2470
449     A         B          200           CYS        88.56         665  656  249  8.941  8.892  5.841   0.5272    0.5272    0.5245    0.3290
450     A         B          201           GLN        79.94         665  656  249  8.941  8.892  5.841   0.4868    0.4868    0.4841    0.2949
451     A         B          202           TYR        81.42         665  656  249  8.941  8.892  5.841   0.5382    0.5382    0.5355    0.3392
452     A         B          203           SER        90.01         665  656  249  8.941  8.892  5.841   0.5918    0.5918    0.5891    0.3898
453     A         B          204           LYS        91.22         665  656  249  8.941  8.892  5.841   0.6365    0.6365    0.6340    0.4344
454     A         B          205           PRO        95.10         665  656  249  8.941  8.892  5.841   0.6275    0.6275    0.6250    0.4258
455     A         B          206           GLU        93.74         665  656  249  8.941  8.892  5.841   0.6550    0.6550    0.6525    0.4545
456     A         B          207           ASN        94.16         665  656  249  8.941  8.892  5.841   0.7093    0.7093    0.7070    0.5164
457     A         B          208           CYS        96.61         665  656  249  8.941  8.892  5.841   0.7100    0.7100    0.7078    0.5174
458     A         B          209           ARG        96.03         665  656  249  8.941  8.892  5.841   0.7096    0.7096    0.7073    0.5170
459     A         B          210           LEU        93.61         665  656  249  8.941  8.892  5.841   0.7296    0.7296    0.7274    0.5407
460     A         B          211           SER        94.98         665  656  249  8.941  8.892  5.841   0.6954    0.6954    0.6931    0.5009
461     A         B          212           MET        96.98         665  656  249  8.941  8.892  5.841   0.7109    0.7109    0.7087    0.5189
462     A         B          213           GLY        95.11         665  656  249  8.941  8.892  5.841   0.6507    0.6507    0.6482    0.4515
463     A         B          214           ILE        92.22         665  656  249  8.941  8.892  5.841   0.6706    0.6706    0.6682    0.4722
464     A         B          215           ARG        87.68         665  656  249  8.941  8.892  5.841   0.6657    0.6657    0.6633    0.4678
465     A         B          216           PRO        86.51         665  656  249  8.941  8.892  5.841   0.6456    0.6456    0.6431    0.4465
466     A         B          217           ASN        86.79         665  656  249  8.941  8.892  5.841   0.6065    0.6065    0.6040    0.4054
467     A         B          218           SER        92.44         665  656  249  8.941  8.892  5.841   0.6391    0.6391    0.6366    0.4386
468     A         B          219           HIS        96.15         665  656  249  8.941  8.892  5.841   0.6711    0.6711    0.6687    0.4728
469     A         B          220           TYR        98.19         665  656  249  8.941  8.892  5.841   0.7186    0.7186    0.7164    0.5273
470     A         B          221           ILE        97.88         665  656  249  8.941  8.892  5.841   0.7280    0.7280    0.7258    0.5388
471     A         B          222           LEU        98.32         665  656  249  8.941  8.892  5.841   0.7468    0.7468    0.7447    0.5622
472     A         B          223           ARG        98.59         665  656  249  8.941  8.892  5.841   0.7347    0.7347    0.7325    0.5475
473     A         B          224           SER        98.62         665  656  249  8.941  8.892  5.841   0.7029    0.7029    0.7007    0.5086
474     A         B          225           GLY        98.88         665  656  249  8.941  8.892  5.841   0.6999    0.6999    0.6976    0.5051
475     A         B          226           LEU        98.82         665  656  249  8.941  8.892  5.841   0.7315    0.7315    0.7294    0.5422
476     A         B          227           LEU        98.79         665  656  249  8.941  8.892  5.841   0.7444    0.7444    0.7423    0.5586
477     A         B          228           LYS        97.81         665  656  249  8.941  8.892  5.841   0.7097    0.7097    0.7074    0.5161
478     A         B          229           TYR        96.39         665  656  249  8.941  8.892  5.841   0.6910    0.6910    0.6887    0.4933
479     A         B          230           ASN        93.95         665  656  249  8.941  8.892  5.841   0.5701    0.5701    0.5674    0.3669
480     A         B          231           LEU        91.73         665  656  249  8.941  8.892  5.841   0.5013    0.5013    0.4986    0.3036
481     A         B          232           SER        87.99         665  656  216  8.941  8.892  5.464   0.3311    0.3443    0.3418    0.1656
482     A         B          233           ASP        76.41         665  656  33  8.941  8.892  1.450   0.2236    0.2821    0.2798    0.0102
483     A         B          234           GLY        75.00         665  656  0  8.941  8.892  1.039   0.1502    0.0000    0.0000    0.0000
484     A         B          235           GLU        66.71         665  656  0  8.941  8.892  1.039   0.1655    0.0000    0.0000    0.0000
485     A         B          236           ASN        69.43         665  656  0  8.941  8.892  1.039   0.1783    0.0000    0.0000    0.0000
486     A         B          237           PRO        79.66         665  656  67  8.941  8.892  2.828   0.2435    0.3031    0.3007    0.0421
487     A         B          238           LYS        90.08         665  656  249  8.941  8.892  5.841   0.4234    0.4234    0.4207    0.2422
488     A         B          239           VAL        96.33         665  656  249  8.941  8.892  5.841   0.5737    0.5737    0.5710    0.3687
489     A         B          240           VAL        97.38         665  656  249  8.941  8.892  5.841   0.6901    0.6901    0.6878    0.4923
490     A         B          241           PHE        98.77         665  656  249  8.941  8.892  5.841   0.7364    0.7364    0.7342    0.5484
491     A         B          242           ILE        98.59         665  656  249  8.941  8.892  5.841   0.6941    0.6941    0.6917    0.4965
492     A         B          243           GLU        97.97         665  656  249  8.941  8.892  5.841   0.6633    0.6633    0.6608    0.4615
493     A         B          244           ILE        98.06         665  656  249  8.941  8.892  5.841   0.6226    0.6226    0.6201    0.4178
494     A         B          245           SER        94.85         665  656  249  8.941  8.892  5.841   0.4849    0.4849    0.4822    0.2906
495     A         B          246           ASP        91.73         665  656  249  8.941  8.892  5.841   0.5106    0.5106    0.5078    0.3118
496     A         B          247           GLN        92.59         665  656  249  8.941  8.892  5.841   0.5207    0.5207    0.5180    0.3207
497     A         B          248           ARG        93.34         665  656  249  8.941  8.892  5.841   0.5604    0.5604    0.5577    0.3584
498     A         B          249           LEU        95.99         665  656  249  8.941  8.892  5.841   0.6047    0.6047    0.6021    0.4018
499     A         B          250           SER        96.93         665  656  249  8.941  8.892  5.841   0.6299    0.6299    0.6274    0.4288
500     A         B          251           ILE        97.15         665  656  249  8.941  8.892  5.841   0.6782    0.6782    0.6758    0.4799
501     A         B          252           GLY        98.43         665  656  249  8.941  8.892  5.841   0.6447    0.6447    0.6422    0.4440
502     A         B          253           SER        98.01         665  656  249  8.941  8.892  5.841   0.7004    0.7004    0.6982    0.5066
503     A         B          254           PRO        98.39         665  656  249  8.941  8.892  5.841   0.7544    0.7544    0.7524    0.5734
504     A         B          255           SER        98.79         665  656  249  8.941  8.892  5.841   0.7372    0.7372    0.7351    0.5507
505     A         B          256           LYS        98.86         665  656  249  8.941  8.892  5.841   0.7555    0.7555    0.7535    0.5737
506     A         B          257           ILE        98.86         665  656  249  8.941  8.892  5.841   0.7563    0.7563    0.7543    0.5742
507     A         B          258           TYR        98.55         665  656  249  8.941  8.892  5.841   0.7245    0.7245    0.7223    0.5334
508     A         B          259           ASP        96.24         665  656  249  8.941  8.892  5.841   0.6379    0.6379    0.6354    0.4351
509     A         B          260           SER        97.12         665  656  249  8.941  8.892  5.841   0.5309    0.5309    0.5282    0.3291
510     A         B          261           LEU        93.64         665  656  249  8.941  8.892  5.841   0.5502    0.5502    0.5475    0.3473
511     A         B          262           GLY        94.94         665  656  249  8.941  8.892  5.841   0.4603    0.4603    0.4576    0.2696
512     A         B          263           GLN        95.76         665  656  249  8.941  8.892  5.841   0.6051    0.6051    0.6025    0.4008
513     A         B          264           PRO        97.93         665  656  249  8.941  8.892  5.841   0.7047    0.7047    0.7024    0.5099
514     A         B          265           VAL        98.66         665  656  249  8.941  8.892  5.841   0.7418    0.7418    0.7397    0.5557
515     A         B          266           PHE        98.82         665  656  249  8.941  8.892  5.841   0.7751    0.7751    0.7732    0.5998
516     A         B          267           TYR        98.93         665  656  249  8.941  8.892  5.841   0.7668    0.7668    0.7649    0.5885
517     A         B          268           GLN        98.79         665  656  249  8.941  8.892  5.841   0.7696    0.7696    0.7677    0.5929
518     A         B          269           ALA        98.19         665  656  249  8.941  8.892  5.841   0.7577    0.7577    0.7557    0.5773
519     A         B          270           SER        97.10         665  656  249  8.941  8.892  5.841   0.7188    0.7188    0.7166    0.5293
520     A         B          271           PHE        95.55         665  656  249  8.941  8.892  5.841   0.7401    0.7401    0.7380    0.5548
521     A         B          272           SER        94.93         665  656  249  8.941  8.892  5.841   0.6953    0.6953    0.6930    0.5017
522     A         B          273           TRP        94.98         665  656  249  8.941  8.892  5.841   0.7402    0.7402    0.7381    0.5554
523     A         B          274           ASP        96.54         665  656  249  8.941  8.892  5.841   0.7274    0.7274    0.7252    0.5394
524     A         B          275           THR        94.05         665  656  249  8.941  8.892  5.841   0.7290    0.7290    0.7268    0.5413
525     A         B          276           MET        96.28         665  656  249  8.941  8.892  5.841   0.7471    0.7471    0.7450    0.5635
526     A         B          277           ILE        98.67         665  656  249  8.941  8.892  5.841   0.7608    0.7608    0.7588    0.5809
527     A         B          278           LYS        98.27         665  656  249  8.941  8.892  5.841   0.7541    0.7541    0.7521    0.5718
528     A         B          279           PHE        98.69         665  656  249  8.941  8.892  5.841   0.7394    0.7394    0.7373    0.5522
529     A         B          280           GLY        98.38         665  656  249  8.941  8.892  5.841   0.7052    0.7052    0.7030    0.5111
530     A         B          281           ASP        97.18         665  656  249  8.941  8.892  5.841   0.6971    0.6971    0.6948    0.5001
531     A         B          282           VAL        98.15         665  656  249  8.941  8.892  5.841   0.7148    0.7148    0.7126    0.5211
532     A         B          283           LEU        96.42         665  656  249  8.941  8.892  5.841   0.6710    0.6710    0.6685    0.4699
533     A         B          284           THR        96.04         665  656  249  8.941  8.892  5.841   0.5922    0.5922    0.5896    0.3862
534     A         B          285           VAL        95.74         665  656  249  8.941  8.892  5.841   0.5616    0.5616    0.5589    0.3567
535     A         B          286           ASN        94.17         665  656  249  8.941  8.892  5.841   0.4943    0.4943    0.4916    0.2973
536     A         B          287           PRO        94.76         665  656  249  8.941  8.892  5.841   0.5667    0.5667    0.5640    0.3626
537     A         B          288           LEU        98.13         665  656  249  8.941  8.892  5.841   0.6501    0.6501    0.6476    0.4463
538     A         B          289           VAL        96.98         665  656  249  8.941  8.892  5.841   0.6756    0.6756    0.6732    0.4749
539     A         B          290           VAL        98.04         665  656  249  8.941  8.892  5.841   0.6974    0.6974    0.6951    0.4999
540     A         B          291           ASN        97.20         665  656  249  8.941  8.892  5.841   0.7017    0.7017    0.6994    0.5054
541     A         B          292           TRP        98.02         665  656  249  8.941  8.892  5.841   0.7306    0.7306    0.7285    0.5410
542     A         B          293           ARG        98.19         665  656  249  8.941  8.892  5.841   0.6800    0.6800    0.6776    0.4800
543     A         B          294           ASN        95.18         665  656  249  8.941  8.892  5.841   0.6602    0.6602    0.6578    0.4583
544     A         B          295           ASN        97.68         665  656  249  8.941  8.892  5.841   0.7033    0.7033    0.7010    0.5076
545     A         B          296           THR        94.42         665  656  249  8.941  8.892  5.841   0.7159    0.7159    0.7137    0.5235
546     A         B          297           VAL        96.37         665  656  249  8.941  8.892  5.841   0.7304    0.7304    0.7282    0.5416
547     A         B          298           ILE        98.22         665  656  249  8.941  8.892  5.841   0.7673    0.7673    0.7653    0.5900
548     A         B          299           SER        95.64         665  656  249  8.941  8.892  5.841   0.7640    0.7640    0.7621    0.5865
549     A         B          300           ARG        96.02         665  656  249  8.941  8.892  5.841   0.7768    0.7768    0.7749    0.6038
550     A         B          301           PRO        88.30         665  656  249  8.941  8.892  5.841   0.7707    0.7707    0.7688    0.5960
551     A         B          302           GLY        84.06         665  656  249  8.941  8.892  5.841   0.7381    0.7381    0.7360    0.5542
552     A         B          303           GLN        73.05         665  656  249  8.941  8.892  5.841   0.7726    0.7726    0.7707    0.5988
553     A         B          304           SER        68.74         665  656  249  8.941  8.892  5.841   0.7567    0.7567    0.7547    0.5790
554     A         B          305           GLN        73.92         665  656  249  8.941  8.892  5.841   0.7683    0.7683    0.7664    0.5929
555     A         B          306           CYS        86.57         665  656  249  8.941  8.892  5.841   0.7757    0.7757    0.7738    0.6026
556     A         B          307           PRO        81.35         665  656  249  8.941  8.892  5.841   0.7669    0.7669    0.7649    0.5904
557     A         B          308           ARG        86.68         665  656  249  8.941  8.892  5.841   0.7806    0.7806    0.7788    0.6087
558     A         B          309           PHE        85.22         665  656  249  8.941  8.892  5.841   0.7759    0.7759    0.7741    0.6027
559     A         B          310           ASN        85.99         665  656  249  8.941  8.892  5.841   0.7534    0.7534    0.7514    0.5719
560     A         B          311           THR        89.59         665  656  249  8.941  8.892  5.841   0.7175    0.7175    0.7153    0.5278
561     A         B          312           CYS        90.81         665  656  249  8.941  8.892  5.841   0.6969    0.6969    0.6946    0.5034
562     A         B          313           PRO        94.86         665  656  249  8.941  8.892  5.841   0.7032    0.7032    0.7009    0.5113
563     A         B          314           GLU        88.45         665  656  249  8.941  8.892  5.841   0.7045    0.7045    0.7023    0.5121
564     A         B          315           ILE        88.30         665  656  249  8.941  8.892  5.841   0.7450    0.7450    0.7430    0.5630
565     A         B          316           CYS        86.47         665  656  249  8.941  8.892  5.841   0.7422    0.7422    0.7401    0.5591
566     A         B          317           TRP        89.74         665  656  249  8.941  8.892  5.841   0.7637    0.7637    0.7617    0.5870
567     A         B          318           GLU        86.77         665  656  249  8.941  8.892  5.841   0.7439    0.7439    0.7419    0.5611
568     A         B          319           GLY        92.21         665  656  249  8.941  8.892  5.841   0.7201    0.7201    0.7179    0.5324
569     A         B          320           VAL        93.59         665  656  249  8.941  8.892  5.841   0.7484    0.7484    0.7464    0.5655
570     A         B          321           TYR        97.81         665  656  249  8.941  8.892  5.841   0.7538    0.7538    0.7517    0.5720
571     A         B          322           ASN        98.46         665  656  249  8.941  8.892  5.841   0.7588    0.7588    0.7567    0.5787
572     A         B          323           ASP        98.04         665  656  249  8.941  8.892  5.841   0.7405    0.7405    0.7384    0.5549
573     A         B          324           ALA        98.60         665  656  249  8.941  8.892  5.841   0.7441    0.7441    0.7421    0.5598
574     A         B          325           PHE        98.76         665  656  249  8.941  8.892  5.841   0.7726    0.7726    0.7707    0.5959
575     A         B          326           LEU        98.45         665  656  249  8.941  8.892  5.841   0.7527    0.7527    0.7506    0.5697
576     A         B          327           ILE        97.89         665  656  249  8.941  8.892  5.841   0.7244    0.7244    0.7223    0.5333
577     A         B          328           ASP        96.86         665  656  249  8.941  8.892  5.841   0.6850    0.6850    0.6827    0.4863
578     A         B          329           ARG        95.75         665  656  249  8.941  8.892  5.841   0.6077    0.6077    0.6050    0.4018
579     A         B          330           ILE        94.34         665  656  249  8.941  8.892  5.841   0.5713    0.5713    0.5686    0.3660
580     A         B          331           ASN        96.05         665  656  249  8.941  8.892  5.841   0.6810    0.6810    0.6786    0.4813
581     A         B          332           TRP        97.98         665  656  249  8.941  8.892  5.841   0.7215    0.7215    0.7193    0.5295
582     A         B          333           ILE        98.25         665  656  249  8.941  8.892  5.841   0.7559    0.7559    0.7539    0.5739
583     A         B          334           SER        98.74         665  656  249  8.941  8.892  5.841   0.7438    0.7438    0.7417    0.5579
584     A         B          335           ALA        98.76         665  656  249  8.941  8.892  5.841   0.7521    0.7521    0.7500    0.5689
585     A         B          336           GLY        98.92         665  656  249  8.941  8.892  5.841   0.7370    0.7370    0.7348    0.5502
586     A         B          337           VAL        98.79         665  656  249  8.941  8.892  5.841   0.7869    0.7869    0.7851    0.6165
587     A         B          338           PHE        98.41         665  656  249  8.941  8.892  5.841   0.8047    0.8047    0.8030    0.6418
588     A         B          339           LEU        94.66         665  656  249  8.941  8.892  5.841   0.7976    0.7976    0.7959    0.6320
589     A         B          340           ASP        91.08         665  656  249  8.941  8.892  5.841   0.7737    0.7737    0.7718    0.5984
590     A         B          341           SER        84.21         665  656  249  8.941  8.892  5.841   0.7760    0.7760    0.7741    0.6027
591     A         B          342           ASN        76.45         665  656  249  8.941  8.892  5.841   0.7771    0.7771    0.7753    0.6045
592     A         B          343           GLN        71.80         665  656  249  8.941  8.892  5.841   0.7719    0.7719    0.7700    0.5971
593     A         B          344           THR        77.21         665  656  249  8.941  8.892  5.841   0.7720    0.7720    0.7701    0.5972
594     A         B          345           ALA        84.61         665  656  249  8.941  8.892  5.841   0.7864    0.7864    0.7845    0.6168
595     A         B          346           GLU        82.61         665  656  249  8.941  8.892  5.841   0.7919    0.7919    0.7901    0.6243
596     A         B          347           ASN        89.89         665  656  249  8.941  8.892  5.841   0.7898    0.7898    0.7880    0.6212
597     A         B          348           PRO        96.16         665  656  249  8.941  8.892  5.841   0.7852    0.7852    0.7834    0.6146
598     A         B          349           VAL        97.47         665  656  249  8.941  8.892  5.841   0.7842    0.7842    0.7823    0.6132
599     A         B          350           PHE        98.72         665  656  249  8.941  8.892  5.841   0.7926    0.7926    0.7908    0.6244
600     A         B          351           THR        98.34         665  656  249  8.941  8.892  5.841   0.7336    0.7336    0.7314    0.5450
601     A         B          352           VAL        98.64         665  656  249  8.941  8.892  5.841   0.7636    0.7636    0.7616    0.5837
602     A         B          353           PHE        98.66         665  656  249  8.941  8.892  5.841   0.7591    0.7591    0.7571    0.5777
603     A         B          354           LYS        98.12         665  656  249  8.941  8.892  5.841   0.6945    0.6945    0.6922    0.4970
604     A         B          355           ASP        97.56         665  656  249  8.941  8.892  5.841   0.6277    0.6277    0.6252    0.4231
605     A         B          356           ASN        96.09         665  656  249  8.941  8.892  5.841   0.6074    0.6074    0.6048    0.4020
606     A         B          357           GLU        95.62         665  656  249  8.941  8.892  5.841   0.6289    0.6289    0.6264    0.4243
607     A         B          358           ILE        97.09         665  656  249  8.941  8.892  5.841   0.7314    0.7314    0.7292    0.5422
608     A         B          359           LEU        97.96         665  656  249  8.941  8.892  5.841   0.7361    0.7361    0.7340    0.5481
609     A         B          360           TYR        97.51         665  656  249  8.941  8.892  5.841   0.6857    0.6857    0.6833    0.4868
610     A         B          361           ARG        94.08         665  656  249  8.941  8.892  5.841   0.6564    0.6564    0.6539    0.4540
611     A         B          362           ALA        97.36         665  656  249  8.941  8.892  5.841   0.7209    0.7209    0.7187    0.5297
612     A         B          363           GLN        94.24         665  656  249  8.941  8.892  5.841   0.7196    0.7196    0.7174    0.5284
613     A         B          364           LEU        96.41         665  656  249  8.941  8.892  5.841   0.7556    0.7556    0.7536    0.5733
614     A         B          365           ALA        89.10         665  656  249  8.941  8.892  5.841   0.7308    0.7308    0.7286    0.5419
615     A         B          366           SER        84.20         665  656  249  8.941  8.892  5.841   0.7395    0.7395    0.7374    0.5540
616     A         B          367           GLU        80.63         665  656  249  8.941  8.892  5.841   0.7540    0.7540    0.7520    0.5733
617     A         B          368           ASP        74.12         665  656  249  8.941  8.892  5.841   0.7234    0.7234    0.7213    0.5341
618     A         B          369           THR        84.66         665  656  249  8.941  8.892  5.841   0.7620    0.7620    0.7601    0.5831
619     A         B          370           ASN        79.66         665  656  249  8.941  8.892  5.841   0.7733    0.7733    0.7714    0.5988
620     A         B          371           ALA        90.99         665  656  249  8.941  8.892  5.841   0.7681    0.7681    0.7662    0.5916
621     A         B          372           GLN        88.08         665  656  249  8.941  8.892  5.841   0.7516    0.7516    0.7496    0.5702
622     A         B          373           LYS        94.22         665  656  249  8.941  8.892  5.841   0.7652    0.7652    0.7632    0.5878
623     A         B          374           THR        98.14         665  656  249  8.941  8.892  5.841   0.7753    0.7753    0.7733    0.6007
624     A         B          375           ILE        98.59         665  656  249  8.941  8.892  5.841   0.7796    0.7796    0.7778    0.6059
625     A         B          376           THR        98.83         665  656  249  8.941  8.892  5.841   0.7580    0.7580    0.7560    0.5765
626     A         B          377           ASN        98.36         665  656  249  8.941  8.892  5.841   0.7551    0.7551    0.7531    0.5727
627     A         B          378           CYS        98.34         665  656  249  8.941  8.892  5.841   0.7470    0.7470    0.7449    0.5624
628     A         B          379           PHE        96.87         665  656  249  8.941  8.892  5.841   0.7331    0.7331    0.7309    0.5445
629     A         B          380           LEU        95.12         665  656  249  8.941  8.892  5.841   0.6701    0.6701    0.6677    0.4693
630     A         B          381           LEU        93.41         665  656  249  8.941  8.892  5.841   0.6026    0.6026    0.6000    0.3965
631     A         B          382           LYS        88.93         665  656  249  8.941  8.892  5.841   0.5090    0.5090    0.5063    0.3103
632     A         B          383           ASN        91.21         665  656  249  8.941  8.892  5.841   0.4822    0.4822    0.4795    0.2869
633     A         B          384           LYS        93.88         665  656  249  8.941  8.892  5.841   0.6284    0.6284    0.6258    0.4241
634     A         B          385           ILE        97.02         665  656  249  8.941  8.892  5.841   0.7192    0.7192    0.7169    0.5270
635     A         B          386           TRP        96.99         665  656  249  8.941  8.892  5.841   0.7498    0.7498    0.7478    0.5657
636     A         B          387           CYS        98.50         665  656  249  8.941  8.892  5.841   0.7451    0.7451    0.7430    0.5597
637     A         B          388           ILE        96.64         665  656  249  8.941  8.892  5.841   0.7606    0.7606    0.7586    0.5798
638     A         B          389           SER        98.18         665  656  249  8.941  8.892  5.841   0.7526    0.7526    0.7506    0.5702
639     A         B          390           LEU        96.07         665  656  249  8.941  8.892  5.841   0.7700    0.7700    0.7680    0.5923
640     A         B          391           VAL        95.92         665  656  249  8.941  8.892  5.841   0.7848    0.7848    0.7829    0.6140
641     A         B          392           GLU        90.42         665  656  249  8.941  8.892  5.841   0.7703    0.7703    0.7683    0.5939
642     A         B          393           ILE        89.27         665  656  249  8.941  8.892  5.841   0.7428    0.7428    0.7408    0.5584
643     A         B          394           TYR        73.06         665  656  249  8.941  8.892  5.841   0.6949    0.6949    0.6926    0.4998
644     A         B          395           ASP        63.92         665  656  249  8.941  8.892  5.841   0.5810    0.5810    0.5784    0.3801
645     A         B          396           THR        55.65         665  656  249  8.941  8.892  5.841   0.4785    0.4785    0.4758    0.2884
646     A         B          397           GLY        57.50         665  656  249  8.941  8.892  5.841   0.4832    0.4832    0.4805    0.2918
647     A         B          398           ASP        55.71         665  656  249  8.941  8.892  5.841   0.5241    0.5241    0.5214    0.3270
648     A         B          399           ASN        58.84         665  656  249  8.941  8.892  5.841   0.5695    0.5695    0.5669    0.3694
649     A         B          400           VAL        68.11         665  656  249  8.941  8.892  5.841   0.6228    0.6228    0.6203    0.4210
650     A         B          401           ILE        72.43         665  656  249  8.941  8.892  5.841   0.6929    0.6929    0.6906    0.4975
651     A         B          402           ARG        80.88         665  656  249  8.941  8.892  5.841   0.6966    0.6966    0.6943    0.5020
652     A         B          403           PRO        89.29         665  656  249  8.941  8.892  5.841   0.7249    0.7249    0.7227    0.5352
653     A         B          404           LYS        90.55         665  656  249  8.941  8.892  5.841   0.7543    0.7543    0.7523    0.5726
654     A         B          405           LEU        92.96         665  656  249  8.941  8.892  5.841   0.7514    0.7514    0.7493    0.5681
655     A         B          406           PHE        96.60         665  656  249  8.941  8.892  5.841   0.7717    0.7717    0.7698    0.5951
656     A         B          407           ALA        95.56         665  656  249  8.941  8.892  5.841   0.7352    0.7352    0.7330    0.5472
657     A         B          408           VAL        98.13         665  656  249  8.941  8.892  5.841   0.7369    0.7369    0.7347    0.5487
658     A         B          409           LYS        96.42         665  656  249  8.941  8.892  5.841   0.7058    0.7058    0.7036    0.5103
659     A         B          410           ILE        97.93         665  656  249  8.941  8.892  5.841   0.6707    0.6707    0.6683    0.4689
660     A         B          411           PRO        95.31         665  656  249  8.941  8.892  5.841   0.5031    0.5031    0.5003    0.3054
661     A         B          412           GLU        91.10         665  656  240  8.941  8.892  5.742   0.3607    0.3653    0.3628    0.1937
662     A         B          413           GLN        89.99         665  656  74  8.941  8.892  3.027   0.2456    0.2891    0.2868    0.0447
663     A         B          414           CYS        92.06         665  656  102  8.941  8.892  3.694   0.2542    0.2894    0.2871    0.0652
664     A         B          415           THR        82.81         665  656  0  8.941  8.892  1.039   0.1626    0.0000    0.0000    0.0000
665     A         B          416           HIS        69.58         665  656  0  8.941  8.892  1.039   0.1236    0.0000    0.0000    0.0000
1       B         A            1           ALA        56.97         665  655  39  8.941  8.886  1.777   0.1806    0.3630    0.3602    0.0234
2       B         A            2           VAL        71.89         665  655  416  8.941  8.886  7.344   0.5100    0.5100    0.5070    0.4166
3       B         A            3           LYS        81.81         665  655  416  8.941  8.886  7.344   0.5627    0.5627    0.5598    0.4681
4       B         A            4           LEU        91.79         665  655  416  8.941  8.886  7.344   0.6905    0.6905    0.6879    0.6032
5       B         A            5           VAL        93.08         665  655  416  8.941  8.886  7.344   0.6884    0.6884    0.6858    0.6005
6       B         A            6           GLN        95.64         665  655  416  8.941  8.886  7.344   0.6895    0.6895    0.6869    0.6018
7       B         A            7           SER        94.34         665  655  416  8.941  8.886  7.344   0.6124    0.6124    0.6096    0.5190
8       B         A            8           GLY        96.70         665  655  416  8.941  8.886  7.344   0.5560    0.5560    0.5530    0.4600
9       B         A            9           ASP        94.17         665  655  416  8.941  8.886  7.344   0.5802    0.5802    0.5772    0.4844
10      B         A           10           GLN        91.79         665  655  416  8.941  8.886  7.344   0.5239    0.5239    0.5209    0.4282
11      B         A           11           THR        92.18         665  655  416  8.941  8.886  7.344   0.5654    0.5654    0.5624    0.4694
12      B         A           12           VAL        91.63         665  655  416  8.941  8.886  7.344   0.4915    0.4915    0.4884    0.3964
13      B         A           13           ALA        89.19         665  655  416  8.941  8.886  7.344   0.4883    0.4883    0.4853    0.3932
14      B         A           14           PRO        87.08         665  655  416  8.941  8.886  7.344   0.5197    0.5197    0.5166    0.4237
15      B         A           15           GLY        88.80         665  655  416  8.941  8.886  7.344   0.4912    0.4912    0.4881    0.3962
16      B         A           16           GLY        92.22         665  655  416  8.941  8.886  7.344   0.5401    0.5401    0.5371    0.4443
17      B         A           17           SER        94.07         665  655  416  8.941  8.886  7.344   0.5596    0.5596    0.5566    0.4639
18      B         A           18           VAL        95.03         665  655  416  8.941  8.886  7.344   0.6221    0.6221    0.6192    0.5283
19      B         A           19           THR        97.01         665  655  416  8.941  8.886  7.344   0.6755    0.6755    0.6728    0.5860
20      B         A           20           LEU        97.89         665  655  416  8.941  8.886  7.344   0.7124    0.7124    0.7099    0.6276
21      B         A           21           SER        96.30         665  655  416  8.941  8.886  7.344   0.6975    0.6975    0.6949    0.6108
22      B         A           22           CYS        95.17         665  655  416  8.941  8.886  7.344   0.6956    0.6956    0.6930    0.6088
23      B         A           23           THR        91.22         665  655  416  8.941  8.886  7.344   0.6729    0.6729    0.6703    0.5835
24      B         A           24           SER        79.93         665  655  416  8.941  8.886  7.344   0.5681    0.5681    0.5651    0.4735
25      B         A           25           SER        73.26         665  655  416  8.941  8.886  7.344   0.4520    0.4520    0.4491    0.3614
26      B         A           26           GLY        60.19         665  655  411  8.941  8.886  7.306   0.4308    0.4329    0.4300    0.3411
27      B         A           27           GLY        53.89         665  655  413  8.941  8.886  7.321   0.4426    0.4440    0.4411    0.3526
28      B         A           28           SER        56.41         665  655  416  8.941  8.886  7.344   0.5208    0.5208    0.5178    0.4262
29      B         A           29           PHE        69.04         665  655  416  8.941  8.886  7.344   0.6112    0.6112    0.6084    0.5176
30      B         A           30           GLY        60.09         665  655  416  8.941  8.886  7.344   0.6140    0.6140    0.6111    0.5211
31      B         A           31           ASN        56.40         665  655  416  8.941  8.886  7.344   0.6271    0.6271    0.6243    0.5354
32      B         A           32           SER        72.66         665  655  416  8.941  8.886  7.344   0.6950    0.6950    0.6924    0.6086
33      B         A           33           SER        79.24         665  655  416  8.941  8.886  7.344   0.7278    0.7278    0.7254    0.6456
34      B         A           34           VAL        89.86         665  655  416  8.941  8.886  7.344   0.7643    0.7643    0.7621    0.6882
35      B         A           35           ALA        90.86         665  655  416  8.941  8.886  7.344   0.7568    0.7568    0.7545    0.6790
36      B         A           36           TRP        95.25         665  655  416  8.941  8.886  7.344   0.7669    0.7669    0.7647    0.6912
37      B         A           37           VAL        93.23         665  655  416  8.941  8.886  7.344   0.7506    0.7506    0.7483    0.6717
38      B         A           38           ARG        91.36         665  655  416  8.941  8.886  7.344   0.7182    0.7182    0.7157    0.6343
39      B         A           39           GLN        91.65         665  655  416  8.941  8.886  7.344   0.6822    0.6822    0.6796    0.5935
40      B         A           40           ARG        84.17         665  655  416  8.941  8.886  7.344   0.5842    0.5842    0.5813    0.4895
41      B         A           41           PRO        76.20         665  655  412  8.941  8.886  7.313   0.3912    0.3926    0.3897    0.3038
42      B         A           42           GLY        74.68         665  655  277  8.941  8.886  6.135   0.2980    0.3301    0.3274    0.1896
43      B         A           43           GLY        77.93         665  655  413  8.941  8.886  7.321   0.4164    0.4175    0.4146    0.3271
44      B         A           44           PRO        82.31         665  655  416  8.941  8.886  7.344   0.5383    0.5383    0.5353    0.4431
45      B         A           45           PHE        90.96         665  655  416  8.941  8.886  7.344   0.6550    0.6550    0.6523    0.5641
46      B         A           46           GLU        87.91         665  655  416  8.941  8.886  7.344   0.6714    0.6714    0.6687    0.5822
47      B         A           47           PHE        89.26         665  655  416  8.941  8.886  7.344   0.7377    0.7377    0.7354    0.6568
48      B         A           48           ILE        92.57         665  655  416  8.941  8.886  7.344   0.7430    0.7430    0.7407    0.6630
49      B         A           49           GLY        90.66         665  655  416  8.941  8.886  7.344   0.7260    0.7260    0.7235    0.6432
50      B         A           50           SER        84.89         665  655  416  8.941  8.886  7.344   0.7413    0.7413    0.7390    0.6610
51      B         A           51           ILE        88.05         665  655  416  8.941  8.886  7.344   0.7466    0.7466    0.7443    0.6672
52      B         A           52           ILE        73.75         665  655  416  8.941  8.886  7.344   0.7406    0.7406    0.7382    0.6601
53      B         A           53           PRO        74.97         665  655  416  8.941  8.886  7.344   0.6971    0.6971    0.6945    0.6108
54      B         A           54           SER        58.77         665  655  416  8.941  8.886  7.344   0.6568    0.6568    0.6541    0.5666
55      B         A           55           LEU        60.37         665  655  416  8.941  8.886  7.344   0.6836    0.6836    0.6810    0.5959
56      B         A           56           GLY        68.97         665  655  416  8.941  8.886  7.344   0.6752    0.6752    0.6725    0.5864
57      B         A           57           ILE        67.76         665  655  416  8.941  8.886  7.344   0.6719    0.6719    0.6693    0.5829
58      B         A           58           SER        81.37         665  655  416  8.941  8.886  7.344   0.6710    0.6710    0.6684    0.5818
59      B         A           59           ARG        78.32         665  655  416  8.941  8.886  7.344   0.6782    0.6782    0.6756    0.5898
60      B         A           60           TYR        87.57         665  655  416  8.941  8.886  7.344   0.7034    0.7034    0.7008    0.6175
61      B         A           61           ASN        85.04         665  655  416  8.941  8.886  7.344   0.6397    0.6397    0.6369    0.5477
62      B         A           62           SER        79.56         665  655  416  8.941  8.886  7.344   0.5459    0.5459    0.5429    0.4512
63      B         A           63           LYS        76.75         665  655  416  8.941  8.886  7.344   0.4570    0.4570    0.4540    0.3645
64      B         A           64           TYR        77.17         665  655  380  8.941  8.886  7.062   0.3521    0.3617    0.3589    0.2627
65      B         A           65           LYS        70.40         665  655  101  8.941  8.886  3.673   0.2337    0.2991    0.2965    0.0675
66      B         A           66           GLY        81.09         665  655  200  8.941  8.886  5.266   0.2665    0.3117    0.3090    0.1364
67      B         A           67           ARG        87.89         665  655  416  8.941  8.886  7.344   0.4337    0.4337    0.4307    0.3428
68      B         A           68           VAL        89.42         665  655  416  8.941  8.886  7.344   0.5847    0.5847    0.5818    0.4898
69      B         A           69           THR        92.98         665  655  416  8.941  8.886  7.344   0.6745    0.6745    0.6718    0.5850
70      B         A           70           ILE        92.04         665  655  416  8.941  8.886  7.344   0.7213    0.7213    0.7188    0.6377
71      B         A           71           SER        90.84         665  655  416  8.941  8.886  7.344   0.6559    0.6559    0.6532    0.5650
72      B         A           72           SER        83.67         665  655  416  8.941  8.886  7.344   0.6112    0.6112    0.6084    0.5176
73      B         A           73           ASP        81.13         665  655  416  8.941  8.886  7.344   0.5839    0.5839    0.5810    0.4893
74      B         A           74           ALA        64.50         665  655  416  8.941  8.886  7.344   0.5155    0.5155    0.5125    0.4209
75      B         A           75           ALA        67.41         665  655  416  8.941  8.886  7.344   0.5194    0.5194    0.5164    0.4248
76      B         A           76           ASN        77.74         665  655  416  8.941  8.886  7.344   0.5428    0.5428    0.5398    0.4477
77      B         A           77           ASN        76.08         665  655  416  8.941  8.886  7.344   0.6144    0.6144    0.6115    0.5208
78      B         A           78           THR        90.93         665  655  416  8.941  8.886  7.344   0.6725    0.6725    0.6698    0.5830
79      B         A           79           ALA        92.89         665  655  416  8.941  8.886  7.344   0.7161    0.7161    0.7136    0.6319
80      B         A           80           TYR        96.51         665  655  416  8.941  8.886  7.344   0.7221    0.7221    0.7196    0.6386
81      B         A           81           LEU        97.40         665  655  416  8.941  8.886  7.344   0.7380    0.7380    0.7357    0.6573
82      B         A           82           THR        96.15         665  655  416  8.941  8.886  7.344   0.7132    0.7132    0.7107    0.6283
83      B         A           83           ILE        94.35         665  655  416  8.941  8.886  7.344   0.6598    0.6598    0.6571    0.5689
84      B         A           84           SER        91.66         665  655  416  8.941  8.886  7.344   0.6066    0.6066    0.6037    0.5126
85      B         A           85           ASN        88.12         665  655  416  8.941  8.886  7.344   0.5607    0.5607    0.5577    0.4649
86      B         A           86           LEU        90.41         665  655  416  8.941  8.886  7.344   0.5941    0.5941    0.5912    0.4990
87      B         A           87           THR        85.15         665  655  416  8.941  8.886  7.344   0.5718    0.5718    0.5689    0.4759
88      B         A           88           ALA        83.11         665  655  416  8.941  8.886  7.344   0.5625    0.5625    0.5596    0.4667
89      B         A           89           ALA        83.63         665  655  416  8.941  8.886  7.344   0.6062    0.6062    0.6033    0.5119
90      B         A           90           ASP        89.55         665  655  416  8.941  8.886  7.344   0.6404    0.6404    0.6376    0.5481
91      B         A           91           THR        90.69         665  655  416  8.941  8.886  7.344   0.6826    0.6826    0.6799    0.5940
92      B         A           92           ALA        91.68         665  655  416  8.941  8.886  7.344   0.6772    0.6772    0.6745    0.5879
93      B         A           93           THR        95.06         665  655  416  8.941  8.886  7.344   0.7128    0.7128    0.7103    0.6278
94      B         A           94           TYR        97.11         665  655  416  8.941  8.886  7.344   0.7505    0.7505    0.7482    0.6718
95      B         A           95           TYR        96.35         665  655  416  8.941  8.886  7.344   0.7582    0.7582    0.7559    0.6805
96      B         A           96           CYS        93.94         665  655  416  8.941  8.886  7.344   0.7265    0.7265    0.7241    0.6444
97      B         A           97           ALA        92.10         665  655  416  8.941  8.886  7.344   0.7524    0.7524    0.7502    0.6740
98      B         A           98           LEU        85.73         665  655  416  8.941  8.886  7.344   0.7426    0.7426    0.7402    0.6623
99      B         A           99           GLY        80.06         665  655  416  8.941  8.886  7.344   0.7134    0.7134    0.7109    0.6295
100     B         A          100           PRO        68.14         665  655  416  8.941  8.886  7.344   0.7017    0.7017    0.6991    0.6160
101     B         A          101           GLY        61.73         665  655  416  8.941  8.886  7.344   0.6753    0.6753    0.6726    0.5871
102     B         A          102           GLU        55.06         665  655  416  8.941  8.886  7.344   0.6834    0.6834    0.6808    0.5957
103     B         A          103           SER        52.45         665  655  416  8.941  8.886  7.344   0.6799    0.6799    0.6773    0.5926
104     B         A          104           VAL        54.69         665  655  416  8.941  8.886  7.344   0.6973    0.6973    0.6948    0.6115
105     B         A          105           PHE        53.59         665  655  416  8.941  8.886  7.344   0.6852    0.6852    0.6826    0.5985
106     B         A          106           ALA        48.82         665  655  416  8.941  8.886  7.344   0.6178    0.6178    0.6150    0.5258
107     B         A          107           SER        50.33         665  655  416  8.941  8.886  7.344   0.6182    0.6182    0.6154    0.5270
108     B         A          108           HIS        50.39         665  655  416  8.941  8.886  7.344   0.6780    0.6780    0.6754    0.5905
109     B         A          109           PRO        50.75         665  655  416  8.941  8.886  7.344   0.6574    0.6574    0.6548    0.5691
110     B         A          110           PHE        50.65         665  655  416  8.941  8.886  7.344   0.7140    0.7140    0.7115    0.6304
111     B         A          111           LYS        54.52         665  655  416  8.941  8.886  7.344   0.7164    0.7164    0.7139    0.6327
112     B         A          112           GLU        54.20         665  655  416  8.941  8.886  7.344   0.7079    0.7079    0.7054    0.6231
113     B         A          113           LYS        54.56         665  655  416  8.941  8.886  7.344   0.7247    0.7247    0.7223    0.6422
114     B         A          114           LEU        55.79         665  655  416  8.941  8.886  7.344   0.7252    0.7252    0.7227    0.6427
115     B         A          115           LEU        62.37         665  655  416  8.941  8.886  7.344   0.7276    0.7276    0.7252    0.6452
116     B         A          116           THR        63.33         665  655  416  8.941  8.886  7.344   0.6886    0.6886    0.6860    0.6016
117     B         A          117           GLY        73.48         665  655  416  8.941  8.886  7.344   0.6346    0.6346    0.6318    0.5432
118     B         A          118           ALA        81.78         665  655  416  8.941  8.886  7.344   0.7033    0.7033    0.7007    0.6178
119     B         A          119           LEU        86.80         665  655  416  8.941  8.886  7.344   0.7411    0.7411    0.7388    0.6605
120     B         A          120           SER        75.93         665  655  416  8.941  8.886  7.344   0.6918    0.6918    0.6893    0.6050
121     B         A          121           VAL        83.94         665  655  416  8.941  8.886  7.344   0.7360    0.7360    0.7336    0.6552
122     B         A          122           TRP        94.10         665  655  416  8.941  8.886  7.344   0.7550    0.7550    0.7527    0.6770
123     B         A          123           GLY        94.96         665  655  416  8.941  8.886  7.344   0.7102    0.7102    0.7077    0.6255
124     B         A          124           GLU        93.16         665  655  416  8.941  8.886  7.344   0.6591    0.6591    0.6564    0.5684
125     B         A          125           GLY        96.30         665  655  416  8.941  8.886  7.344   0.6494    0.6494    0.6466    0.5578
126     B         A          126           THR        97.07         665  655  416  8.941  8.886  7.344   0.6971    0.6971    0.6946    0.6104
127     B         A          127           LEU        95.37         665  655  416  8.941  8.886  7.344   0.6970    0.6970    0.6944    0.6100
128     B         A          128           VAL        95.65         665  655  416  8.941  8.886  7.344   0.6766    0.6766    0.6739    0.5873
129     B         A          129           THR        92.85         665  655  416  8.941  8.886  7.344   0.6546    0.6546    0.6518    0.5631
130     B         A          130           VAL        89.94         665  655  416  8.941  8.886  7.344   0.5038    0.5038    0.5008    0.4083
131     B         A          131           SER        79.89         665  655  144  8.941  8.886  4.465   0.2426    0.3113    0.3086    0.1020
132     B         A          132           GLY        72.81         665  655  0  8.941  8.886  1.039   0.1254    0.0000    0.0000    0.0000
133     B         A          133           GLY        54.99         665  655  0  8.941  8.886  1.039   0.0962    0.0000    0.0000    0.0000
134     B         A          134           GLY        54.16         665  655  0  8.941  8.886  1.039   0.0935    0.0000    0.0000    0.0000
135     B         A          135           SER        49.64         665  655  0  8.941  8.886  1.039   0.0956    0.0000    0.0000    0.0000
136     B         A          136           GLY        49.30         665  655  0  8.941  8.886  1.039   0.0959    0.0000    0.0000    0.0000
137     B         A          137           GLY        48.92         665  655  0  8.941  8.886  1.039   0.0960    0.0000    0.0000    0.0000
138     B         A          138           GLY        51.80         665  655  0  8.941  8.886  1.039   0.1023    0.0000    0.0000    0.0000
139     B         A          139           SER        49.31         665  655  0  8.941  8.886  1.039   0.1108    0.0000    0.0000    0.0000
140     B         A          140           GLY        53.65         665  655  0  8.941  8.886  1.039   0.1156    0.0000    0.0000    0.0000
141     B         A          141           GLY        51.46         665  655  0  8.941  8.886  1.039   0.1295    0.0000    0.0000    0.0000
142     B         A          142           GLY        53.01         665  655  12  8.941  8.886  1.039   0.1735    0.2804    0.2779    0.0052
143     B         A          143           SER        68.00         665  655  195  8.941  8.886  5.201   0.2660    0.3151    0.3125    0.1358
144     B         A          144           ILE        85.17         665  655  416  8.941  8.886  7.344   0.4833    0.4833    0.4803    0.3898
145     B         A          145           THR        86.95         665  655  416  8.941  8.886  7.344   0.5291    0.5291    0.5261    0.4340
146     B         A          146           VAL        91.82         665  655  416  8.941  8.886  7.344   0.6058    0.6058    0.6029    0.5117
147     B         A          147           THR        94.57         665  655  416  8.941  8.886  7.344   0.6171    0.6171    0.6143    0.5234
148     B         A          148           GLN        96.27         665  655  416  8.941  8.886  7.344   0.6140    0.6140    0.6111    0.5203
149     B         A          149           SER        96.39         665  655  416  8.941  8.886  7.344   0.4620    0.4620    0.4590    0.3694
150     B         A          150           PRO        94.82         665  655  416  8.941  8.886  7.344   0.4698    0.4698    0.4667    0.3761
151     B         A          151           SER        89.95         665  655  416  8.941  8.886  7.344   0.4310    0.4310    0.4280    0.3400
152     B         A          152           SER        92.82         665  655  416  8.941  8.886  7.344   0.4429    0.4429    0.4399    0.3508
153     B         A          153           PRO        95.41         665  655  416  8.941  8.886  7.344   0.4590    0.4590    0.4560    0.3657
154     B         A          154           SER        95.97         665  655  416  8.941  8.886  7.344   0.4825    0.4825    0.4795    0.3880
155     B         A          155           LYS        96.55         665  655  416  8.941  8.886  7.344   0.4988    0.4988    0.4958    0.4036
156     B         A          156           SER        96.86         665  655  416  8.941  8.886  7.344   0.5109    0.5109    0.5079    0.4155
157     B         A          157           VAL        96.85         665  655  416  8.941  8.886  7.344   0.5793    0.5793    0.5763    0.4835
158     B         A          158           GLY        97.54         665  655  416  8.941  8.886  7.344   0.5496    0.5496    0.5466    0.4537
159     B         A          159           ASP        95.87         665  655  416  8.941  8.886  7.344   0.5643    0.5643    0.5613    0.4687
160     B         A          160           THR        97.52         665  655  416  8.941  8.886  7.344   0.6117    0.6117    0.6088    0.5175
161     B         A          161           VAL        97.29         665  655  416  8.941  8.886  7.344   0.5969    0.5969    0.5940    0.5024
162     B         A          162           THR        97.75         665  655  416  8.941  8.886  7.344   0.6334    0.6334    0.6305    0.5405
163     B         A          163           LEU        98.23         665  655  416  8.941  8.886  7.344   0.6564    0.6564    0.6536    0.5655
164     B         A          164           THR        98.25         665  655  416  8.941  8.886  7.344   0.6429    0.6429    0.6401    0.5509
165     B         A          165           CYS        97.59         665  655  416  8.941  8.886  7.344   0.6183    0.6183    0.6155    0.5253
166     B         A          166           THR        97.53         665  655  416  8.941  8.886  7.344   0.6240    0.6240    0.6212    0.5310
167     B         A          167           LEU        94.48         665  655  416  8.941  8.886  7.344   0.6151    0.6151    0.6122    0.5217
168     B         A          168           SER        91.46         665  655  416  8.941  8.886  7.344   0.5516    0.5516    0.5486    0.4566
169     B         A          169           SER        87.45         665  655  416  8.941  8.886  7.344   0.5529    0.5529    0.5499    0.4585
170     B         A          170           SER        86.11         665  655  416  8.941  8.886  7.344   0.5943    0.5943    0.5915    0.5008
171     B         A          171           VAL        82.52         665  655  416  8.941  8.886  7.344   0.6108    0.6108    0.6080    0.5174
172     B         A          172           PRO        72.78         665  655  416  8.941  8.886  7.344   0.6113    0.6113    0.6084    0.5183
173     B         A          173           VAL        76.48         665  655  416  8.941  8.886  7.344   0.6228    0.6228    0.6200    0.5303
174     B         A          174           SER        69.92         665  655  416  8.941  8.886  7.344   0.6126    0.6126    0.6097    0.5198
175     B         A          175           GLN        80.50         665  655  416  8.941  8.886  7.344   0.6487    0.6487    0.6460    0.5585
176     B         A          176           VAL        91.49         665  655  416  8.941  8.886  7.344   0.7075    0.7075    0.7050    0.6229
177     B         A          177           ALA        92.52         665  655  416  8.941  8.886  7.344   0.7078    0.7078    0.7052    0.6229
178     B         A          178           TRP        97.79         665  655  416  8.941  8.886  7.344   0.7282    0.7282    0.7258    0.6459
179     B         A          179           TYR        96.80         665  655  416  8.941  8.886  7.344   0.7392    0.7392    0.7368    0.6585
180     B         A          180           LYS        97.90         665  655  416  8.941  8.886  7.344   0.7178    0.7178    0.7154    0.6336
181     B         A          181           GLN        95.74         665  655  416  8.941  8.886  7.344   0.7010    0.7010    0.6985    0.6148
182     B         A          182           HIS        95.97         665  655  416  8.941  8.886  7.344   0.6783    0.6783    0.6756    0.5893
183     B         A          183           PRO        91.09         665  655  416  8.941  8.886  7.344   0.5475    0.5475    0.5445    0.4520
184     B         A          184           GLY        90.41         665  655  416  8.941  8.886  7.344   0.5370    0.5370    0.5339    0.4414
185     B         A          185           GLN        93.01         665  655  416  8.941  8.886  7.344   0.6387    0.6387    0.6359    0.5465
186     B         A          186           PRO        92.62         665  655  416  8.941  8.886  7.344   0.6568    0.6568    0.6540    0.5663
187     B         A          187           PRO        94.38         665  655  416  8.941  8.886  7.344   0.6865    0.6865    0.6839    0.5988
188     B         A          188           GLU        92.76         665  655  416  8.941  8.886  7.344   0.6905    0.6905    0.6879    0.6032
189     B         A          189           LEU        90.93         665  655  416  8.941  8.886  7.344   0.7404    0.7404    0.7380    0.6599
190     B         A          190           LEU        97.01         665  655  416  8.941  8.886  7.344   0.7158    0.7158    0.7133    0.6316
191     B         A          191           ILE        94.49         665  655  416  8.941  8.886  7.344   0.7205    0.7205    0.7180    0.6370
192     B         A          192           TYR        85.11         665  655  416  8.941  8.886  7.344   0.7345    0.7345    0.7322    0.6533
193     B         A          193           GLY        81.02         665  655  416  8.941  8.886  7.344   0.6628    0.6628    0.6601    0.5736
194     B         A          194           GLY        87.60         665  655  416  8.941  8.886  7.344   0.6384    0.6384    0.6356    0.5472
195     B         A          195           SER        83.39         665  655  416  8.941  8.886  7.344   0.6188    0.6188    0.6160    0.5263
196     B         A          196           THR        78.50         665  655  416  8.941  8.886  7.344   0.6863    0.6863    0.6837    0.5986
197     B         A          197           ARG        87.38         665  655  416  8.941  8.886  7.344   0.6855    0.6855    0.6829    0.5978
198     B         A          198           ALA        85.93         665  655  416  8.941  8.886  7.344   0.6870    0.6870    0.6844    0.5997
199     B         A          199           SER        71.62         665  655  416  8.941  8.886  7.344   0.6059    0.6059    0.6030    0.5131
200     B         A          200           GLY        84.18         665  655  416  8.941  8.886  7.344   0.6123    0.6123    0.6095    0.5193
201     B         A          201           VAL        93.37         665  655  416  8.941  8.886  7.344   0.6609    0.6609    0.6582    0.5705
202     B         A          202           PRO        95.69         665  655  416  8.941  8.886  7.344   0.6402    0.6402    0.6374    0.5481
203     B         A          203           SER        92.21         665  655  416  8.941  8.886  7.344   0.6169    0.6169    0.6140    0.5233
204     B         A          204           ARG        96.44         665  655  416  8.941  8.886  7.344   0.6122    0.6122    0.6093    0.5184
205     B         A          205           TYR        98.12         665  655  416  8.941  8.886  7.344   0.6759    0.6759    0.6732    0.5867
206     B         A          206           SER        96.06         665  655  416  8.941  8.886  7.344   0.6375    0.6375    0.6347    0.5455
207     B         A          207           GLY        96.12         665  655  416  8.941  8.886  7.344   0.6274    0.6274    0.6246    0.5349
208     B         A          208           SER        94.26         665  655  416  8.941  8.886  7.344   0.5639    0.5639    0.5609    0.4693
209     B         A          209           GLY        93.27         665  655  416  8.941  8.886  7.344   0.4580    0.4580    0.4550    0.3665
210     B         A          210           SER        83.91         665  655  416  8.941  8.886  7.344   0.4543    0.4543    0.4514    0.3630
211     B         A          211           GLY        88.85         665  655  416  8.941  8.886  7.344   0.4926    0.4926    0.4896    0.3993
212     B         A          212           THR        93.98         665  655  416  8.941  8.886  7.344   0.5523    0.5523    0.5494    0.4576
213     B         A          213           THR        96.20         665  655  416  8.941  8.886  7.344   0.6030    0.6030    0.6001    0.5092
214     B         A          214           PHE        96.83         665  655  416  8.941  8.886  7.344   0.6695    0.6695    0.6669    0.5802
215     B         A          215           THR        97.36         665  655  416  8.941  8.886  7.344   0.6405    0.6405    0.6377    0.5485
216     B         A          216           LEU        98.50         665  655  416  8.941  8.886  7.344   0.6937    0.6937    0.6911    0.6066
217     B         A          217           THR        98.17         665  655  416  8.941  8.886  7.344   0.6727    0.6727    0.6700    0.5832
218     B         A          218           ILE        98.16         665  655  416  8.941  8.886  7.344   0.6653    0.6653    0.6626    0.5752
219     B         A          219           SER        96.73         665  655  416  8.941  8.886  7.344   0.5609    0.5609    0.5579    0.4658
220     B         A          220           SER        97.03         665  655  416  8.941  8.886  7.344   0.5549    0.5549    0.5519    0.4593
221     B         A          221           LEU        96.61         665  655  416  8.941  8.886  7.344   0.6069    0.6069    0.6040    0.5126
222     B         A          222           GLN        96.71         665  655  416  8.941  8.886  7.344   0.6013    0.6013    0.5984    0.5065
223     B         A          223           PRO        95.92         665  655  416  8.941  8.886  7.344   0.5821    0.5821    0.5792    0.4867
224     B         A          224           GLU        94.91         665  655  416  8.941  8.886  7.344   0.5347    0.5347    0.5317    0.4392
225     B         A          225           ASP        97.24         665  655  416  8.941  8.886  7.344   0.6231    0.6231    0.6202    0.5295
226     B         A          226           PHE        97.02         665  655  416  8.941  8.886  7.344   0.6632    0.6632    0.6605    0.5725
227     B         A          227           ALA        97.26         665  655  416  8.941  8.886  7.344   0.6198    0.6198    0.6170    0.5260
228     B         A          228           THR        96.04         665  655  416  8.941  8.886  7.344   0.7019    0.7019    0.6993    0.6156
229     B         A          229           TYR        98.32         665  655  416  8.941  8.886  7.344   0.7384    0.7384    0.7361    0.6576
230     B         A          230           TYR        96.14         665  655  416  8.941  8.886  7.344   0.7323    0.7323    0.7299    0.6504
231     B         A          231           CYS        96.36         665  655  416  8.941  8.886  7.344   0.6601    0.6601    0.6574    0.5705
232     B         A          232           GLN        93.73         665  655  416  8.941  8.886  7.344   0.6943    0.6943    0.6917    0.6077
233     B         A          233           VAL        90.14         665  655  416  8.941  8.886  7.344   0.6980    0.6980    0.6955    0.6121
234     B         A          234           TYR        82.53         665  655  416  8.941  8.886  7.344   0.6698    0.6698    0.6671    0.5808
235     B         A          235           GLY        72.91         665  655  416  8.941  8.886  7.344   0.5525    0.5525    0.5496    0.4588
236     B         A          236           GLU        69.52         665  655  416  8.941  8.886  7.344   0.5660    0.5660    0.5631    0.4722
237     B         A          237           GLU        75.74         665  655  416  8.941  8.886  7.344   0.5887    0.5887    0.5858    0.4949
238     B         A          238           PRO        85.07         665  655  416  8.941  8.886  7.344   0.6442    0.6442    0.6414    0.5533
239     B         A          239           SER        87.21         665  655  416  8.941  8.886  7.344   0.6102    0.6102    0.6073    0.5172
240     B         A          240           PHE        92.64         665  655  416  8.941  8.886  7.344   0.6970    0.6970    0.6944    0.6105
241     B         A          241           GLY        94.31         665  655  416  8.941  8.886  7.344   0.6665    0.6665    0.6638    0.5767
242     B         A          242           GLN        91.43         665  655  416  8.941  8.886  7.344   0.6145    0.6145    0.6117    0.5212
243     B         A          243           GLY        95.37         665  655  416  8.941  8.886  7.344   0.5838    0.5838    0.5808    0.4889
244     B         A          244           THR        97.52         665  655  416  8.941  8.886  7.344   0.6602    0.6602    0.6574    0.5695
245     B         A          245           THR        96.19         665  655  416  8.941  8.886  7.344   0.6481    0.6481    0.6453    0.5561
246     B         A          246           VAL        97.78         665  655  416  8.941  8.886  7.344   0.6231    0.6231    0.6202    0.5295
247     B         A          247           THR        95.67         665  655  416  8.941  8.886  7.344   0.5194    0.5194    0.5164    0.4242
248     B         A          248           LEU        94.76         665  655  416  8.941  8.886  7.344   0.4644    0.4644    0.4614    0.3708
249     B         A          249           ALA        87.97         665  655  137  8.941  8.886  4.350   0.2484    0.3033    0.3007    0.0939
