i,AlignChn,ScoredChain,AlignResNum,AlignResType,AlignRespLDDT,n0chn,n0dom,n0res,d0chn,d0dom,d0res,ipTM_pae,ipSAE_d0chn,ipSAE_d0dom,ipSAE 
241     A         B            1           ILE        93.28         656  52  0  8.892  2.332  1.039   0.1085    0.0000    0.0000    0.0000
242     A         B            2           CYS        94.99         656  52  0  8.892  2.332  1.039   0.1191    0.0000    0.0000    0.0000
243     A         B            3           LEU        92.94         656  52  0  8.892  2.332  1.039   0.1208    0.0000    0.0000    0.0000
244     A         B            4           GLN        93.93         656  52  0  8.892  2.332  1.039   0.1282    0.0000    0.0000    0.0000
245     A         B            5           LYS        93.43         656  52  0  8.892  2.332  1.039   0.1303    0.0000    0.0000    0.0000
246     A         B            6           THR        93.90         656  52  0  8.892  2.332  1.039   0.1239    0.0000    0.0000    0.0000
247     A         B            7           SER        88.97         656  52  0  8.892  2.332  1.039   0.1195    0.0000    0.0000    0.0000
248     A         B            8           ASN        90.00         656  52  0  8.892  2.332  1.039   0.1130    0.0000    0.0000    0.0000
249     A         B            9           GLN        91.05         656  52  0  8.892  2.332  1.039   0.1165    0.0000    0.0000    0.0000
250     A         B           10           ILE        94.22         656  52  0  8.892  2.332  1.039   0.1296    0.0000    0.0000    0.0000
251     A         B           11           LEU        97.26         656  52  0  8.892  2.332  1.039   0.1534    0.0000    0.0000    0.0000
252     A         B           12           LYS        93.46         656  52  0  8.892  2.332  1.039   0.1551    0.0000    0.0000    0.0000
253     A         B           13           PRO        96.72         656  52  0  8.892  2.332  1.039   0.1618    0.0000    0.0000    0.0000
254     A         B           14           LYS        91.88         656  52  0  8.892  2.332  1.039   0.1634    0.0000    0.0000    0.0000
255     A         B           15           LEU        90.20         656  52  0  8.892  2.332  1.039   0.1688    0.0000    0.0000    0.0000
256     A         B           16           ILE        89.57         656  52  0  8.892  2.332  1.039   0.1653    0.0000    0.0000    0.0000
257     A         B           17           SER        74.17         656  52  0  8.892  2.332  1.039   0.1484    0.0000    0.0000    0.0000
258     A         B           18           TYR        73.73         656  52  0  8.892  2.332  1.039   0.1427    0.0000    0.0000    0.0000
259     A         B           19           THR        68.78         656  52  0  8.892  2.332  1.039   0.1505    0.0000    0.0000    0.0000
260     A         B           20           LEU        77.42         656  52  0  8.892  2.332  1.039   0.1503    0.0000    0.0000    0.0000
261     A         B           21           PRO        70.05         656  52  0  8.892  2.332  1.039   0.1398    0.0000    0.0000    0.0000
262     A         B           22           VAL        74.46         656  52  0  8.892  2.332  1.039   0.1402    0.0000    0.0000    0.0000
263     A         B           23           VAL        70.55         656  52  0  8.892  2.332  1.039   0.1363    0.0000    0.0000    0.0000
264     A         B           24           GLY        73.30         656  52  0  8.892  2.332  1.039   0.1304    0.0000    0.0000    0.0000
265     A         B           25           GLN        72.03         656  52  0  8.892  2.332  1.039   0.1344    0.0000    0.0000    0.0000
266     A         B           26           SER        72.12         656  52  0  8.892  2.332  1.039   0.1391    0.0000    0.0000    0.0000
267     A         B           27           GLY        78.23         656  52  0  8.892  2.332  1.039   0.1450    0.0000    0.0000    0.0000
268     A         B           28           THR        83.40         656  52  0  8.892  2.332  1.039   0.1563    0.0000    0.0000    0.0000
269     A         B           29           CYS        82.36         656  52  0  8.892  2.332  1.039   0.1588    0.0000    0.0000    0.0000
270     A         B           30           ILE        88.79         656  52  0  8.892  2.332  1.039   0.1685    0.0000    0.0000    0.0000
271     A         B           31           THR        88.36         656  52  0  8.892  2.332  1.039   0.1678    0.0000    0.0000    0.0000
272     A         B           32           ASP        93.78         656  52  0  8.892  2.332  1.039   0.1737    0.0000    0.0000    0.0000
273     A         B           33           PRO        95.50         656  52  0  8.892  2.332  1.039   0.1747    0.0000    0.0000    0.0000
274     A         B           34           LEU        97.28         656  52  0  8.892  2.332  1.039   0.1775    0.0000    0.0000    0.0000
275     A         B           35           LEU        97.90         656  52  0  8.892  2.332  1.039   0.1781    0.0000    0.0000    0.0000
276     A         B           36           ALA        98.53         656  52  0  8.892  2.332  1.039   0.1846    0.0000    0.0000    0.0000
277     A         B           37           MET        97.64         656  52  0  8.892  2.332  1.039   0.1762    0.0000    0.0000    0.0000
278     A         B           38           ASP        96.69         656  52  0  8.892  2.332  1.039   0.1742    0.0000    0.0000    0.0000
279     A         B           39           GLU        96.11         656  52  0  8.892  2.332  1.039   0.1700    0.0000    0.0000    0.0000
280     A         B           40           GLY        96.60         656  52  0  8.892  2.332  1.039   0.1660    0.0000    0.0000    0.0000
281     A         B           41           TYR        97.70         656  52  0  8.892  2.332  1.039   0.1773    0.0000    0.0000    0.0000
282     A         B           42           PHE        97.31         656  52  0  8.892  2.332  1.039   0.1771    0.0000    0.0000    0.0000
283     A         B           43           ALA        98.37         656  52  0  8.892  2.332  1.039   0.1784    0.0000    0.0000    0.0000
284     A         B           44           TYR        96.31         656  52  0  8.892  2.332  1.039   0.1769    0.0000    0.0000    0.0000
285     A         B           45           SER        97.36         656  52  0  8.892  2.332  1.039   0.1734    0.0000    0.0000    0.0000
286     A         B           46           HIS        94.39         656  52  0  8.892  2.332  1.039   0.1716    0.0000    0.0000    0.0000
287     A         B           47           LEU        94.10         656  52  0  8.892  2.332  1.039   0.1675    0.0000    0.0000    0.0000
288     A         B           48           GLU        90.04         656  52  0  8.892  2.332  1.039   0.1649    0.0000    0.0000    0.0000
289     A         B           49           ARG        86.45         656  52  0  8.892  2.332  1.039   0.1539    0.0000    0.0000    0.0000
290     A         B           50           ILE        84.69         656  52  0  8.892  2.332  1.039   0.1566    0.0000    0.0000    0.0000
291     A         B           51           GLY        77.01         656  52  0  8.892  2.332  1.039   0.1493    0.0000    0.0000    0.0000
292     A         B           52           SER        70.21         656  52  0  8.892  2.332  1.039   0.1496    0.0000    0.0000    0.0000
293     A         B           53           CYS        75.18         656  52  0  8.892  2.332  1.039   0.1549    0.0000    0.0000    0.0000
294     A         B           54           SER        65.69         656  52  0  8.892  2.332  1.039   0.1425    0.0000    0.0000    0.0000
295     A         B           55           ARG        68.23         656  52  0  8.892  2.332  1.039   0.1387    0.0000    0.0000    0.0000
296     A         B           56           GLY        78.02         656  52  0  8.892  2.332  1.039   0.1422    0.0000    0.0000    0.0000
297     A         B           57           VAL        86.06         656  52  0  8.892  2.332  1.039   0.1488    0.0000    0.0000    0.0000
298     A         B           58           SER        90.62         656  52  0  8.892  2.332  1.039   0.1528    0.0000    0.0000    0.0000
299     A         B           59           LYS        89.79         656  52  0  8.892  2.332  1.039   0.1533    0.0000    0.0000    0.0000
300     A         B           60           GLN        90.24         656  52  0  8.892  2.332  1.039   0.1538    0.0000    0.0000    0.0000
301     A         B           61           ARG        94.98         656  52  0  8.892  2.332  1.039   0.1629    0.0000    0.0000    0.0000
302     A         B           62           ILE        93.77         656  52  0  8.892  2.332  1.039   0.1649    0.0000    0.0000    0.0000
303     A         B           63           ILE        97.08         656  52  0  8.892  2.332  1.039   0.1722    0.0000    0.0000    0.0000
304     A         B           64           GLY        95.43         656  52  0  8.892  2.332  1.039   0.1707    0.0000    0.0000    0.0000
305     A         B           65           VAL        96.44         656  52  0  8.892  2.332  1.039   0.1730    0.0000    0.0000    0.0000
306     A         B           66           GLY        94.55         656  52  0  8.892  2.332  1.039   0.1691    0.0000    0.0000    0.0000
307     A         B           67           GLU        91.44         656  52  0  8.892  2.332  1.039   0.1664    0.0000    0.0000    0.0000
308     A         B           68           VAL        95.56         656  52  0  8.892  2.332  1.039   0.1707    0.0000    0.0000    0.0000
309     A         B           69           LEU        88.39         656  52  0  8.892  2.332  1.039   0.1583    0.0000    0.0000    0.0000
310     A         B           70           ASP        90.17         656  52  0  8.892  2.332  1.039   0.1518    0.0000    0.0000    0.0000
311     A         B           71           ARG        79.05         656  52  0  8.892  2.332  1.039   0.1315    0.0000    0.0000    0.0000
312     A         B           72           GLY        86.21         656  52  0  8.892  2.332  1.039   0.1336    0.0000    0.0000    0.0000
313     A         B           73           ASP        85.31         656  52  0  8.892  2.332  1.039   0.1438    0.0000    0.0000    0.0000
314     A         B           74           GLU        89.59         656  52  0  8.892  2.332  1.039   0.1526    0.0000    0.0000    0.0000
315     A         B           75           VAL        91.93         656  52  0  8.892  2.332  1.039   0.1598    0.0000    0.0000    0.0000
316     A         B           76           PRO        95.39         656  52  0  8.892  2.332  1.039   0.1647    0.0000    0.0000    0.0000
317     A         B           77           SER        89.53         656  52  0  8.892  2.332  1.039   0.1627    0.0000    0.0000    0.0000
318     A         B           78           LEU        93.19         656  52  0  8.892  2.332  1.039   0.1713    0.0000    0.0000    0.0000
319     A         B           79           PHE        89.89         656  52  0  8.892  2.332  1.039   0.1708    0.0000    0.0000    0.0000
320     A         B           80           MET        90.02         656  52  0  8.892  2.332  1.039   0.1679    0.0000    0.0000    0.0000
321     A         B           81           THR        90.82         656  52  0  8.892  2.332  1.039   0.1666    0.0000    0.0000    0.0000
322     A         B           82           ASN        91.78         656  52  0  8.892  2.332  1.039   0.1684    0.0000    0.0000    0.0000
323     A         B           83           VAL        91.00         656  52  0  8.892  2.332  1.039   0.1695    0.0000    0.0000    0.0000
324     A         B           84           TRP        94.05         656  52  0  8.892  2.332  1.039   0.1669    0.0000    0.0000    0.0000
325     A         B           85           THR        92.69         656  52  0  8.892  2.332  1.039   0.1594    0.0000    0.0000    0.0000
326     A         B           86           PRO        95.17         656  52  0  8.892  2.332  1.039   0.1571    0.0000    0.0000    0.0000
327     A         B           87           PRO        92.52         656  52  0  8.892  2.332  1.039   0.1493    0.0000    0.0000    0.0000
328     A         B           88           ASN        94.32         656  52  0  8.892  2.332  1.039   0.1574    0.0000    0.0000    0.0000
329     A         B           89           PRO        93.09         656  52  0  8.892  2.332  1.039   0.1548    0.0000    0.0000    0.0000
330     A         B           90           ASN        93.06         656  52  0  8.892  2.332  1.039   0.1549    0.0000    0.0000    0.0000
331     A         B           91           THR        96.58         656  52  0  8.892  2.332  1.039   0.1596    0.0000    0.0000    0.0000
332     A         B           92           VAL        97.51         656  52  0  8.892  2.332  1.039   0.1694    0.0000    0.0000    0.0000
333     A         B           93           TYR        97.47         656  52  0  8.892  2.332  1.039   0.1704    0.0000    0.0000    0.0000
334     A         B           94           HIS        98.21         656  52  0  8.892  2.332  1.039   0.1763    0.0000    0.0000    0.0000
335     A         B           95           CYS        98.57         656  52  0  8.892  2.332  1.039   0.1791    0.0000    0.0000    0.0000
336     A         B           96           SER        98.91         656  52  0  8.892  2.332  1.039   0.1777    0.0000    0.0000    0.0000
337     A         B           97           ALA        98.88         656  52  0  8.892  2.332  1.039   0.1788    0.0000    0.0000    0.0000
338     A         B           98           VAL        98.88         656  52  0  8.892  2.332  1.039   0.1769    0.0000    0.0000    0.0000
339     A         B           99           TYR        98.57         656  52  0  8.892  2.332  1.039   0.1791    0.0000    0.0000    0.0000
340     A         B          100           ASN        97.43         656  52  0  8.892  2.332  1.039   0.1709    0.0000    0.0000    0.0000
341     A         B          101           ASN        92.94         656  52  0  8.892  2.332  1.039   0.1547    0.0000    0.0000    0.0000
342     A         B          102           GLU        91.79         656  52  0  8.892  2.332  1.039   0.1575    0.0000    0.0000    0.0000
343     A         B          103           PHE        95.45         656  52  0  8.892  2.332  1.039   0.1713    0.0000    0.0000    0.0000
344     A         B          104           TYR        98.25         656  52  0  8.892  2.332  1.039   0.1746    0.0000    0.0000    0.0000
345     A         B          105           TYR        98.12         656  52  0  8.892  2.332  1.039   0.1786    0.0000    0.0000    0.0000
346     A         B          106           VAL        98.60         656  52  0  8.892  2.332  1.039   0.1750    0.0000    0.0000    0.0000
347     A         B          107           LEU        98.82         656  52  0  8.892  2.332  1.039   0.1782    0.0000    0.0000    0.0000
348     A         B          108           CYS        98.48         656  52  0  8.892  2.332  1.039   0.1797    0.0000    0.0000    0.0000
349     A         B          109           ALA        98.63         656  52  0  8.892  2.332  1.039   0.1756    0.0000    0.0000    0.0000
350     A         B          110           VAL        97.48         656  52  0  8.892  2.332  1.039   0.1717    0.0000    0.0000    0.0000
351     A         B          111           SER        97.63         656  52  0  8.892  2.332  1.039   0.1696    0.0000    0.0000    0.0000
352     A         B          112           THR        95.17         656  52  0  8.892  2.332  1.039   0.1639    0.0000    0.0000    0.0000
353     A         B          113           VAL        93.67         656  52  0  8.892  2.332  1.039   0.1727    0.0000    0.0000    0.0000
354     A         B          114           GLY        93.52         656  52  0  8.892  2.332  1.039   0.1684    0.0000    0.0000    0.0000
355     A         B          115           ASP        93.61         656  52  0  8.892  2.332  1.039   0.1738    0.0000    0.0000    0.0000
356     A         B          116           PRO        98.23         656  52  0  8.892  2.332  1.039   0.1762    0.0000    0.0000    0.0000
357     A         B          117           ILE        96.48         656  52  0  8.892  2.332  1.039   0.1738    0.0000    0.0000    0.0000
358     A         B          118           LEU        91.00         656  52  0  8.892  2.332  1.039   0.1751    0.0000    0.0000    0.0000
359     A         B          119           ASN        94.63         656  52  0  8.892  2.332  1.039   0.1705    0.0000    0.0000    0.0000
360     A         B          120           SER        96.86         656  52  0  8.892  2.332  1.039   0.1743    0.0000    0.0000    0.0000
361     A         B          121           THR        94.81         656  52  0  8.892  2.332  1.039   0.1741    0.0000    0.0000    0.0000
362     A         B          122           TYR        95.01         656  52  0  8.892  2.332  1.039   0.1725    0.0000    0.0000    0.0000
363     A         B          123           TRP        98.22         656  52  0  8.892  2.332  1.039   0.1725    0.0000    0.0000    0.0000
364     A         B          124           SER        95.91         656  52  0  8.892  2.332  1.039   0.1651    0.0000    0.0000    0.0000
365     A         B          125           GLY        98.16         656  52  0  8.892  2.332  1.039   0.1682    0.0000    0.0000    0.0000
366     A         B          126           SER        96.81         656  52  0  8.892  2.332  1.039   0.1690    0.0000    0.0000    0.0000
367     A         B          127           LEU        98.25         656  52  0  8.892  2.332  1.039   0.1762    0.0000    0.0000    0.0000
368     A         B          128           MET        95.90         656  52  0  8.892  2.332  1.039   0.1685    0.0000    0.0000    0.0000
369     A         B          129           MET        96.80         656  52  0  8.892  2.332  1.039   0.1718    0.0000    0.0000    0.0000
370     A         B          130           THR        96.41         656  52  0  8.892  2.332  1.039   0.1724    0.0000    0.0000    0.0000
371     A         B          131           ARG        94.58         656  52  0  8.892  2.332  1.039   0.1691    0.0000    0.0000    0.0000
372     A         B          132           LEU        95.77         656  52  0  8.892  2.332  1.039   0.1706    0.0000    0.0000    0.0000
373     A         B          133           ALA        92.75         656  52  0  8.892  2.332  1.039   0.1714    0.0000    0.0000    0.0000
374     A         B          134           VAL        94.63         656  52  0  8.892  2.332  1.039   0.1646    0.0000    0.0000    0.0000
375     A         B          135           LYS        87.46         656  52  0  8.892  2.332  1.039   0.1544    0.0000    0.0000    0.0000
376     A         B          136           PRO        82.68         656  52  0  8.892  2.332  1.039   0.1392    0.0000    0.0000    0.0000
377     A         B          137           LYS        77.04         656  52  0  8.892  2.332  1.039   0.1307    0.0000    0.0000    0.0000
378     A         B          138           SER        67.40         656  52  0  8.892  2.332  1.039   0.1103    0.0000    0.0000    0.0000
379     A         B          139           ASN        66.84         656  52  0  8.892  2.332  1.039   0.1018    0.0000    0.0000    0.0000
380     A         B          140           GLY        64.58         656  52  0  8.892  2.332  1.039   0.1058    0.0000    0.0000    0.0000
381     A         B          141           GLY        64.45         656  52  0  8.892  2.332  1.039   0.1102    0.0000    0.0000    0.0000
382     A         B          142           GLY        69.52         656  52  0  8.892  2.332  1.039   0.1177    0.0000    0.0000    0.0000
383     A         B          143           TYR        73.79         656  52  0  8.892  2.332  1.039   0.1324    0.0000    0.0000    0.0000
384     A         B          144           ASN        84.13         656  52  0  8.892  2.332  1.039   0.1462    0.0000    0.0000    0.0000
385     A         B          145           GLN        85.45         656  52  0  8.892  2.332  1.039   0.1530    0.0000    0.0000    0.0000
386     A         B          146           HIS        88.35         656  52  0  8.892  2.332  1.039   0.1596    0.0000    0.0000    0.0000
387     A         B          147           GLN        89.94         656  52  0  8.892  2.332  1.039   0.1594    0.0000    0.0000    0.0000
388     A         B          148           LEU        92.25         656  52  0  8.892  2.332  1.039   0.1568    0.0000    0.0000    0.0000
389     A         B          149           ALA        83.86         656  52  0  8.892  2.332  1.039   0.1417    0.0000    0.0000    0.0000
390     A         B          150           LEU        92.55         656  52  0  8.892  2.332  1.039   0.1449    0.0000    0.0000    0.0000
391     A         B          151           ARG        86.56         656  52  0  8.892  2.332  1.039   0.1331    0.0000    0.0000    0.0000
392     A         B          152           SER        91.40         656  52  0  8.892  2.332  1.039   0.1480    0.0000    0.0000    0.0000
393     A         B          153           ILE        97.45         656  52  0  8.892  2.332  1.039   0.1665    0.0000    0.0000    0.0000
394     A         B          154           GLU        97.14         656  52  0  8.892  2.332  1.039   0.1715    0.0000    0.0000    0.0000
395     A         B          155           LYS        97.22         656  52  0  8.892  2.332  1.039   0.1653    0.0000    0.0000    0.0000
396     A         B          156           GLY        97.55         656  52  0  8.892  2.332  1.039   0.1690    0.0000    0.0000    0.0000
397     A         B          157           ARG        95.95         656  52  0  8.892  2.332  1.039   0.1698    0.0000    0.0000    0.0000
398     A         B          158           TYR        98.83         656  52  0  8.892  2.332  1.039   0.1771    0.0000    0.0000    0.0000
399     A         B          159           ASP        98.13         656  52  0  8.892  2.332  1.039   0.1757    0.0000    0.0000    0.0000
400     A         B          160           LYS        98.70         656  52  0  8.892  2.332  1.039   0.1724    0.0000    0.0000    0.0000
401     A         B          161           VAL        98.89         656  52  0  8.892  2.332  1.039   0.1775    0.0000    0.0000    0.0000
402     A         B          162           MET        98.39         656  52  0  8.892  2.332  1.039   0.1692    0.0000    0.0000    0.0000
403     A         B          163           PRO        98.93         656  52  0  8.892  2.332  1.039   0.1767    0.0000    0.0000    0.0000
404     A         B          164           TYR        98.86         656  52  0  8.892  2.332  1.039   0.1747    0.0000    0.0000    0.0000
405     A         B          165           GLY        98.84         656  52  0  8.892  2.332  1.039   0.1738    0.0000    0.0000    0.0000
406     A         B          166           PRO        97.99         656  52  0  8.892  2.332  1.039   0.1788    0.0000    0.0000    0.0000
407     A         B          167           SER        97.94         656  52  0  8.892  2.332  1.039   0.1786    0.0000    0.0000    0.0000
408     A         B          168           GLY        98.88         656  52  0  8.892  2.332  1.039   0.1761    0.0000    0.0000    0.0000
409     A         B          169           ILE        98.71         656  52  0  8.892  2.332  1.039   0.1810    0.0000    0.0000    0.0000
410     A         B          170           LYS        97.86         656  52  0  8.892  2.332  1.039   0.1738    0.0000    0.0000    0.0000
411     A         B          171           GLN        96.63         656  52  0  8.892  2.332  1.039   0.1673    0.0000    0.0000    0.0000
412     A         B          172           GLY        96.48         656  52  0  8.892  2.332  1.039   0.1597    0.0000    0.0000    0.0000
413     A         B          173           ASP        93.92         656  52  0  8.892  2.332  1.039   0.1543    0.0000    0.0000    0.0000
414     A         B          174           THR        98.03         656  52  0  8.892  2.332  1.039   0.1722    0.0000    0.0000    0.0000
415     A         B          175           LEU        98.59         656  52  0  8.892  2.332  1.039   0.1750    0.0000    0.0000    0.0000
416     A         B          176           TYR        98.87         656  52  0  8.892  2.332  1.039   0.1780    0.0000    0.0000    0.0000
417     A         B          177           PHE        98.96         656  52  0  8.892  2.332  1.039   0.1783    0.0000    0.0000    0.0000
418     A         B          178           PRO        98.97         656  52  0  8.892  2.332  1.039   0.1776    0.0000    0.0000    0.0000
419     A         B          179           ALA        98.95         656  52  0  8.892  2.332  1.039   0.1766    0.0000    0.0000    0.0000
420     A         B          180           VAL        98.92         656  52  0  8.892  2.332  1.039   0.1739    0.0000    0.0000    0.0000
421     A         B          181           GLY        98.93         656  52  0  8.892  2.332  1.039   0.1759    0.0000    0.0000    0.0000
422     A         B          182           PHE        98.83         656  52  0  8.892  2.332  1.039   0.1755    0.0000    0.0000    0.0000
423     A         B          183           LEU        98.57         656  52  0  8.892  2.332  1.039   0.1770    0.0000    0.0000    0.0000
424     A         B          184           VAL        98.02         656  52  0  8.892  2.332  1.039   0.1752    0.0000    0.0000    0.0000
425     A         B          185           ARG        95.24         656  52  0  8.892  2.332  1.039   0.1739    0.0000    0.0000    0.0000
426     A         B          186           THR        95.14         656  52  0  8.892  2.332  1.039   0.1771    0.0000    0.0000    0.0000
427     A         B          187           GLU        96.63         656  52  0  8.892  2.332  1.039   0.1742    0.0000    0.0000    0.0000
428     A         B          188           PHE        97.36         656  52  0  8.892  2.332  1.039   0.1704    0.0000    0.0000    0.0000
429     A         B          189           LYS        93.44         656  52  0  8.892  2.332  1.039   0.1632    0.0000    0.0000    0.0000
430     A         B          190           TYR        96.09         656  52  0  8.892  2.332  1.039   0.1651    0.0000    0.0000    0.0000
431     A         B          191           ASN        94.00         656  52  0  8.892  2.332  1.039   0.1647    0.0000    0.0000    0.0000
432     A         B          192           ASP        90.45         656  52  0  8.892  2.332  1.039   0.1649    0.0000    0.0000    0.0000
433     A         B          193           SER        92.83         656  52  0  8.892  2.332  1.039   0.1664    0.0000    0.0000    0.0000
434     A         B          194           ASN        93.64         656  52  0  8.892  2.332  1.039   0.1699    0.0000    0.0000    0.0000
435     A         B          195           CYS        94.93         656  52  0  8.892  2.332  1.039   0.1719    0.0000    0.0000    0.0000
436     A         B          196           PRO        90.78         656  52  0  8.892  2.332  1.039   0.1684    0.0000    0.0000    0.0000
437     A         B          197           ILE        91.97         656  52  0  8.892  2.332  1.039   0.1669    0.0000    0.0000    0.0000
438     A         B          198           THR        88.93         656  52  0  8.892  2.332  1.039   0.1608    0.0000    0.0000    0.0000
439     A         B          199           LYS        82.89         656  52  0  8.892  2.332  1.039   0.1645    0.0000    0.0000    0.0000
440     A         B          200           CYS        86.90         656  52  0  8.892  2.332  1.039   0.1788    0.0000    0.0000    0.0000
441     A         B          201           GLN        75.50         656  52  0  8.892  2.332  1.039   0.1704    0.0000    0.0000    0.0000
442     A         B          202           TYR        76.53         656  52  0  8.892  2.332  1.039   0.1761    0.0000    0.0000    0.0000
443     A         B          203           SER        89.38         656  52  0  8.892  2.332  1.039   0.1811    0.0000    0.0000    0.0000
444     A         B          204           LYS        87.39         656  52  2  8.892  2.332  1.039   0.1869    0.2662    0.0243    0.0049
445     A         B          205           PRO        91.51         656  52  0  8.892  2.332  1.039   0.1798    0.0000    0.0000    0.0000
446     A         B          206           GLU        91.31         656  52  0  8.892  2.332  1.039   0.1830    0.0000    0.0000    0.0000
447     A         B          207           ASN        92.99         656  52  1  8.892  2.332  1.039   0.1809    0.2621    0.0239    0.0048
448     A         B          208           CYS        95.97         656  52  2  8.892  2.332  1.039   0.1883    0.2728    0.0252    0.0051
449     A         B          209           ARG        95.57         656  52  0  8.892  2.332  1.039   0.1807    0.0000    0.0000    0.0000
450     A         B          210           LEU        93.36         656  52  1  8.892  2.332  1.039   0.1836    0.2615    0.0238    0.0048
451     A         B          211           SER        95.18         656  52  1  8.892  2.332  1.039   0.1784    0.2617    0.0238    0.0048
452     A         B          212           MET        97.37         656  52  3  8.892  2.332  1.039   0.1837    0.2637    0.0240    0.0049
453     A         B          213           GLY        96.46         656  52  0  8.892  2.332  1.039   0.1769    0.0000    0.0000    0.0000
454     A         B          214           ILE        93.42         656  52  0  8.892  2.332  1.039   0.1789    0.0000    0.0000    0.0000
455     A         B          215           ARG        86.05         656  52  0  8.892  2.332  1.039   0.1778    0.0000    0.0000    0.0000
456     A         B          216           PRO        85.41         656  52  0  8.892  2.332  1.039   0.1768    0.0000    0.0000    0.0000
457     A         B          217           ASN        84.99         656  52  0  8.892  2.332  1.039   0.1803    0.0000    0.0000    0.0000
458     A         B          218           SER        93.96         656  52  0  8.892  2.332  1.039   0.1762    0.0000    0.0000    0.0000
459     A         B          219           HIS        97.00         656  52  0  8.892  2.332  1.039   0.1785    0.0000    0.0000    0.0000
460     A         B          220           TYR        98.48         656  52  0  8.892  2.332  1.039   0.1764    0.0000    0.0000    0.0000
461     A         B          221           ILE        98.13         656  52  0  8.892  2.332  1.039   0.1769    0.0000    0.0000    0.0000
462     A         B          222           LEU        98.43         656  52  0  8.892  2.332  1.039   0.1748    0.0000    0.0000    0.0000
463     A         B          223           ARG        98.68         656  52  0  8.892  2.332  1.039   0.1752    0.0000    0.0000    0.0000
464     A         B          224           SER        98.69         656  52  0  8.892  2.332  1.039   0.1765    0.0000    0.0000    0.0000
465     A         B          225           GLY        98.88         656  52  0  8.892  2.332  1.039   0.1765    0.0000    0.0000    0.0000
466     A         B          226           LEU        98.86         656  52  0  8.892  2.332  1.039   0.1768    0.0000    0.0000    0.0000
467     A         B          227           LEU        98.91         656  52  0  8.892  2.332  1.039   0.1778    0.0000    0.0000    0.0000
468     A         B          228           LYS        98.44         656  52  0  8.892  2.332  1.039   0.1747    0.0000    0.0000    0.0000
469     A         B          229           TYR        97.89         656  52  0  8.892  2.332  1.039   0.1747    0.0000    0.0000    0.0000
470     A         B          230           ASN        96.34         656  52  0  8.892  2.332  1.039   0.1680    0.0000    0.0000    0.0000
471     A         B          231           LEU        94.65         656  52  0  8.892  2.332  1.039   0.1624    0.0000    0.0000    0.0000
472     A         B          232           SER        91.80         656  52  0  8.892  2.332  1.039   0.1480    0.0000    0.0000    0.0000
473     A         B          233           ASP        85.47         656  52  0  8.892  2.332  1.039   0.1342    0.0000    0.0000    0.0000
474     A         B          234           GLY        82.93         656  52  0  8.892  2.332  1.039   0.1145    0.0000    0.0000    0.0000
475     A         B          235           GLU        78.76         656  52  0  8.892  2.332  1.039   0.1183    0.0000    0.0000    0.0000
476     A         B          236           ASN        76.90         656  52  0  8.892  2.332  1.039   0.1220    0.0000    0.0000    0.0000
477     A         B          237           PRO        87.56         656  52  0  8.892  2.332  1.039   0.1403    0.0000    0.0000    0.0000
478     A         B          238           LYS        92.41         656  52  0  8.892  2.332  1.039   0.1599    0.0000    0.0000    0.0000
479     A         B          239           VAL        97.58         656  52  0  8.892  2.332  1.039   0.1696    0.0000    0.0000    0.0000
480     A         B          240           VAL        98.06         656  52  0  8.892  2.332  1.039   0.1727    0.0000    0.0000    0.0000
481     A         B          241           PHE        98.85         656  52  0  8.892  2.332  1.039   0.1775    0.0000    0.0000    0.0000
482     A         B          242           ILE        98.58         656  52  0  8.892  2.332  1.039   0.1767    0.0000    0.0000    0.0000
483     A         B          243           GLU        97.92         656  52  0  8.892  2.332  1.039   0.1771    0.0000    0.0000    0.0000
484     A         B          244           ILE        98.11         656  52  0  8.892  2.332  1.039   0.1736    0.0000    0.0000    0.0000
485     A         B          245           SER        94.77         656  52  0  8.892  2.332  1.039   0.1592    0.0000    0.0000    0.0000
486     A         B          246           ASP        91.91         656  52  0  8.892  2.332  1.039   0.1616    0.0000    0.0000    0.0000
487     A         B          247           GLN        92.42         656  52  0  8.892  2.332  1.039   0.1626    0.0000    0.0000    0.0000
488     A         B          248           ARG        93.15         656  52  0  8.892  2.332  1.039   0.1655    0.0000    0.0000    0.0000
489     A         B          249           LEU        96.02         656  52  0  8.892  2.332  1.039   0.1678    0.0000    0.0000    0.0000
490     A         B          250           SER        97.06         656  52  0  8.892  2.332  1.039   0.1694    0.0000    0.0000    0.0000
491     A         B          251           ILE        97.82         656  52  0  8.892  2.332  1.039   0.1714    0.0000    0.0000    0.0000
492     A         B          252           GLY        98.63         656  52  0  8.892  2.332  1.039   0.1724    0.0000    0.0000    0.0000
493     A         B          253           SER        98.12         656  52  0  8.892  2.332  1.039   0.1712    0.0000    0.0000    0.0000
494     A         B          254           PRO        98.33         656  52  1  8.892  2.332  1.039   0.1794    0.2609    0.0237    0.0048
495     A         B          255           SER        98.83         656  52  0  8.892  2.332  1.039   0.1809    0.0000    0.0000    0.0000
496     A         B          256           LYS        98.89         656  52  0  8.892  2.332  1.039   0.1806    0.0000    0.0000    0.0000
497     A         B          257           ILE        98.92         656  52  0  8.892  2.332  1.039   0.1824    0.0000    0.0000    0.0000
498     A         B          258           TYR        98.82         656  52  0  8.892  2.332  1.039   0.1780    0.0000    0.0000    0.0000
499     A         B          259           ASP        97.42         656  52  0  8.892  2.332  1.039   0.1752    0.0000    0.0000    0.0000
500     A         B          260           SER        98.18         656  52  0  8.892  2.332  1.039   0.1667    0.0000    0.0000    0.0000
501     A         B          261           LEU        96.09         656  52  0  8.892  2.332  1.039   0.1693    0.0000    0.0000    0.0000
502     A         B          262           GLY        96.84         656  52  0  8.892  2.332  1.039   0.1599    0.0000    0.0000    0.0000
503     A         B          263           GLN        97.33         656  52  0  8.892  2.332  1.039   0.1715    0.0000    0.0000    0.0000
504     A         B          264           PRO        98.39         656  52  0  8.892  2.332  1.039   0.1811    0.0000    0.0000    0.0000
505     A         B          265           VAL        98.80         656  52  0  8.892  2.332  1.039   0.1814    0.0000    0.0000    0.0000
506     A         B          266           PHE        98.86         656  52  0  8.892  2.332  1.039   0.1798    0.0000    0.0000    0.0000
507     A         B          267           TYR        98.94         656  52  0  8.892  2.332  1.039   0.1783    0.0000    0.0000    0.0000
508     A         B          268           GLN        98.79         656  52  0  8.892  2.332  1.039   0.1763    0.0000    0.0000    0.0000
509     A         B          269           ALA        98.13         656  52  0  8.892  2.332  1.039   0.1757    0.0000    0.0000    0.0000
510     A         B          270           SER        96.75         656  52  1  8.892  2.332  1.039   0.1772    0.2632    0.0240    0.0049
511     A         B          271           PHE        95.87         656  52  0  8.892  2.332  1.039   0.1796    0.0000    0.0000    0.0000
512     A         B          272           SER        95.53         656  52  1  8.892  2.332  1.039   0.1767    0.2604    0.0236    0.0048
513     A         B          273           TRP        95.14         656  52  1  8.892  2.332  1.039   0.1867    0.2703    0.0248    0.0050
514     A         B          274           ASP        96.44         656  52  1  8.892  2.332  1.039   0.1816    0.2658    0.0243    0.0049
515     A         B          275           THR        92.03         656  52  1  8.892  2.332  1.039   0.1824    0.2682    0.0246    0.0050
516     A         B          276           MET        92.72         656  52  2  8.892  2.332  1.039   0.1796    0.2670    0.0245    0.0049
517     A         B          277           ILE        97.86         656  52  1  8.892  2.332  1.039   0.1815    0.2723    0.0251    0.0051
518     A         B          278           LYS        97.83         656  52  1  8.892  2.332  1.039   0.1774    0.2741    0.0253    0.0051
519     A         B          279           PHE        98.72         656  52  1  8.892  2.332  1.039   0.1821    0.2741    0.0253    0.0051
520     A         B          280           GLY        98.37         656  52  1  8.892  2.332  1.039   0.1818    0.2730    0.0252    0.0051
521     A         B          281           ASP        97.96         656  52  0  8.892  2.332  1.039   0.1776    0.0000    0.0000    0.0000
522     A         B          282           VAL        98.45         656  52  0  8.892  2.332  1.039   0.1790    0.0000    0.0000    0.0000
523     A         B          283           LEU        97.08         656  52  0  8.892  2.332  1.039   0.1775    0.0000    0.0000    0.0000
524     A         B          284           THR        96.77         656  52  0  8.892  2.332  1.039   0.1686    0.0000    0.0000    0.0000
525     A         B          285           VAL        96.91         656  52  0  8.892  2.332  1.039   0.1710    0.0000    0.0000    0.0000
526     A         B          286           ASN        95.71         656  52  0  8.892  2.332  1.039   0.1625    0.0000    0.0000    0.0000
527     A         B          287           PRO        95.36         656  52  0  8.892  2.332  1.039   0.1681    0.0000    0.0000    0.0000
528     A         B          288           LEU        98.22         656  52  0  8.892  2.332  1.039   0.1750    0.0000    0.0000    0.0000
529     A         B          289           VAL        97.08         656  52  0  8.892  2.332  1.039   0.1735    0.0000    0.0000    0.0000
530     A         B          290           VAL        98.06         656  52  1  8.892  2.332  1.039   0.1773    0.2612    0.0237    0.0048
531     A         B          291           ASN        97.20         656  52  0  8.892  2.332  1.039   0.1749    0.0000    0.0000    0.0000
532     A         B          292           TRP        97.67         656  52  1  8.892  2.332  1.039   0.1803    0.2669    0.0244    0.0049
533     A         B          293           ARG        97.80         656  52  0  8.892  2.332  1.039   0.1732    0.0000    0.0000    0.0000
534     A         B          294           ASN        92.19         656  52  0  8.892  2.332  1.039   0.1712    0.0000    0.0000    0.0000
535     A         B          295           ASN        96.79         656  52  1  8.892  2.332  1.039   0.1763    0.2662    0.0243    0.0049
536     A         B          296           THR        87.75         656  52  1  8.892  2.332  1.039   0.1764    0.2637    0.0240    0.0049
537     A         B          297           VAL        92.45         656  52  0  8.892  2.332  1.039   0.1801    0.0000    0.0000    0.0000
538     A         B          298           ILE        96.61         656  52  1  8.892  2.332  1.039   0.1851    0.2784    0.0259    0.0052
539     A         B          299           SER        94.71         656  52  1  8.892  2.332  1.039   0.1828    0.2782    0.0258    0.0052
540     A         B          300           ARG        95.39         656  52  3  8.892  2.332  1.039   0.1866    0.2666    0.0244    0.0049
541     A         B          301           PRO        88.86         656  52  2  8.892  2.332  1.039   0.1805    0.2684    0.0246    0.0050
542     A         B          302           GLY        82.84         656  52  1  8.892  2.332  1.039   0.1782    0.2635    0.0240    0.0049
543     A         B          303           GLN        71.12         656  52  2  8.892  2.332  1.039   0.1878    0.2717    0.0250    0.0051
544     A         B          304           SER        62.33         656  52  3  8.892  2.332  1.039   0.1922    0.2712    0.0250    0.0051
545     A         B          305           GLN        71.96         656  52  1  8.892  2.332  1.039   0.1880    0.2630    0.0240    0.0048
546     A         B          306           CYS        85.66         656  52  5  8.892  2.332  1.039   0.1904    0.2658    0.0243    0.0049
547     A         B          307           PRO        79.59         656  52  1  8.892  2.332  1.039   0.1841    0.2644    0.0241    0.0049
548     A         B          308           ARG        85.19         656  52  0  8.892  2.332  1.039   0.1842    0.0000    0.0000    0.0000
549     A         B          309           PHE        80.82         656  52  1  8.892  2.332  1.039   0.1844    0.2635    0.0240    0.0049
550     A         B          310           ASN        84.49         656  52  0  8.892  2.332  1.039   0.1799    0.0000    0.0000    0.0000
551     A         B          311           THR        88.28         656  52  1  8.892  2.332  1.039   0.1818    0.2606    0.0237    0.0048
552     A         B          312           CYS        89.63         656  52  2  8.892  2.332  1.039   0.1838    0.2630    0.0240    0.0048
553     A         B          313           PRO        94.71         656  52  0  8.892  2.332  1.039   0.1803    0.0000    0.0000    0.0000
554     A         B          314           GLU        87.16         656  52  0  8.892  2.332  1.039   0.1811    0.0000    0.0000    0.0000
555     A         B          315           ILE        86.52         656  52  0  8.892  2.332  1.039   0.1836    0.0000    0.0000    0.0000
556     A         B          316           CYS        85.89         656  52  0  8.892  2.332  1.039   0.1858    0.0000    0.0000    0.0000
557     A         B          317           TRP        89.41         656  52  0  8.892  2.332  1.039   0.1845    0.0000    0.0000    0.0000
558     A         B          318           GLU        87.47         656  52  1  8.892  2.332  1.039   0.1877    0.2639    0.0241    0.0049
559     A         B          319           GLY        92.75         656  52  0  8.892  2.332  1.039   0.1781    0.0000    0.0000    0.0000
560     A         B          320           VAL        94.36         656  52  0  8.892  2.332  1.039   0.1784    0.0000    0.0000    0.0000
561     A         B          321           TYR        97.73         656  52  0  8.892  2.332  1.039   0.1769    0.0000    0.0000    0.0000
562     A         B          322           ASN        98.44         656  52  0  8.892  2.332  1.039   0.1790    0.0000    0.0000    0.0000
563     A         B          323           ASP        98.49         656  52  2  8.892  2.332  1.039   0.1851    0.2635    0.0240    0.0049
564     A         B          324           ALA        98.69         656  52  0  8.892  2.332  1.039   0.1781    0.0000    0.0000    0.0000
565     A         B          325           PHE        98.92         656  52  0  8.892  2.332  1.039   0.1799    0.0000    0.0000    0.0000
566     A         B          326           LEU        98.69         656  52  0  8.892  2.332  1.039   0.1786    0.0000    0.0000    0.0000
567     A         B          327           ILE        98.46         656  52  0  8.892  2.332  1.039   0.1807    0.0000    0.0000    0.0000
568     A         B          328           ASP        97.70         656  52  0  8.892  2.332  1.039   0.1775    0.0000    0.0000    0.0000
569     A         B          329           ARG        97.23         656  52  0  8.892  2.332  1.039   0.1695    0.0000    0.0000    0.0000
570     A         B          330           ILE        95.89         656  52  0  8.892  2.332  1.039   0.1689    0.0000    0.0000    0.0000
571     A         B          331           ASN        96.38         656  52  0  8.892  2.332  1.039   0.1749    0.0000    0.0000    0.0000
572     A         B          332           TRP        98.12         656  52  0  8.892  2.332  1.039   0.1786    0.0000    0.0000    0.0000
573     A         B          333           ILE        98.35         656  52  0  8.892  2.332  1.039   0.1826    0.0000    0.0000    0.0000
574     A         B          334           SER        98.83         656  52  0  8.892  2.332  1.039   0.1785    0.0000    0.0000    0.0000
575     A         B          335           ALA        98.86         656  52  0  8.892  2.332  1.039   0.1768    0.0000    0.0000    0.0000
576     A         B          336           GLY        98.94         656  52  1  8.892  2.332  1.039   0.1786    0.2613    0.0237    0.0048
577     A         B          337           VAL        98.88         656  52  0  8.892  2.332  1.039   0.1801    0.0000    0.0000    0.0000
578     A         B          338           PHE        97.91         656  52  1  8.892  2.332  1.039   0.1839    0.2637    0.0240    0.0049
579     A         B          339           LEU        95.00         656  52  2  8.892  2.332  1.039   0.1819    0.2686    0.0246    0.0050
580     A         B          340           ASP        91.42         656  52  0  8.892  2.332  1.039   0.1790    0.0000    0.0000    0.0000
581     A         B          341           SER        85.78         656  52  0  8.892  2.332  1.039   0.1767    0.0000    0.0000    0.0000
582     A         B          342           ASN        75.78         656  52  0  8.892  2.332  1.039   0.1829    0.0000    0.0000    0.0000
583     A         B          343           GLN        71.95         656  52  0  8.892  2.332  1.039   0.1819    0.0000    0.0000    0.0000
584     A         B          344           THR        78.18         656  52  0  8.892  2.332  1.039   0.1826    0.0000    0.0000    0.0000
585     A         B          345           ALA        86.96         656  52  2  8.892  2.332  1.039   0.1849    0.2704    0.0249    0.0050
586     A         B          346           GLU        84.82         656  52  1  8.892  2.332  1.039   0.1833    0.2613    0.0237    0.0048
587     A         B          347           ASN        92.13         656  52  0  8.892  2.332  1.039   0.1799    0.0000    0.0000    0.0000
588     A         B          348           PRO        96.95         656  52  0  8.892  2.332  1.039   0.1836    0.0000    0.0000    0.0000
589     A         B          349           VAL        97.37         656  52  0  8.892  2.332  1.039   0.1801    0.0000    0.0000    0.0000
590     A         B          350           PHE        98.80         656  52  0  8.892  2.332  1.039   0.1797    0.0000    0.0000    0.0000
591     A         B          351           THR        97.81         656  52  0  8.892  2.332  1.039   0.1772    0.0000    0.0000    0.0000
592     A         B          352           VAL        98.64         656  52  0  8.892  2.332  1.039   0.1805    0.0000    0.0000    0.0000
593     A         B          353           PHE        97.73         656  52  0  8.892  2.332  1.039   0.1794    0.0000    0.0000    0.0000
594     A         B          354           LYS        97.50         656  52  0  8.892  2.332  1.039   0.1748    0.0000    0.0000    0.0000
595     A         B          355           ASP        96.08         656  52  0  8.892  2.332  1.039   0.1761    0.0000    0.0000    0.0000
596     A         B          356           ASN        91.13         656  52  0  8.892  2.332  1.039   0.1681    0.0000    0.0000    0.0000
597     A         B          357           GLU        92.77         656  52  0  8.892  2.332  1.039   0.1688    0.0000    0.0000    0.0000
598     A         B          358           ILE        93.89         656  52  1  8.892  2.332  1.039   0.1758    0.2633    0.0240    0.0049
599     A         B          359           LEU        97.59         656  52  0  8.892  2.332  1.039   0.1771    0.0000    0.0000    0.0000
600     A         B          360           TYR        96.91         656  52  0  8.892  2.332  1.039   0.1692    0.0000    0.0000    0.0000
601     A         B          361           ARG        94.34         656  52  0  8.892  2.332  1.039   0.1621    0.0000    0.0000    0.0000
602     A         B          362           ALA        97.57         656  52  0  8.892  2.332  1.039   0.1749    0.0000    0.0000    0.0000
603     A         B          363           GLN        95.08         656  52  0  8.892  2.332  1.039   0.1713    0.0000    0.0000    0.0000
604     A         B          364           LEU        97.15         656  52  0  8.892  2.332  1.039   0.1784    0.0000    0.0000    0.0000
605     A         B          365           ALA        91.81         656  52  0  8.892  2.332  1.039   0.1720    0.0000    0.0000    0.0000
606     A         B          366           SER        86.80         656  52  0  8.892  2.332  1.039   0.1742    0.0000    0.0000    0.0000
607     A         B          367           GLU        84.53         656  52  0  8.892  2.332  1.039   0.1797    0.0000    0.0000    0.0000
608     A         B          368           ASP        80.07         656  52  0  8.892  2.332  1.039   0.1769    0.0000    0.0000    0.0000
609     A         B          369           THR        88.55         656  52  0  8.892  2.332  1.039   0.1774    0.0000    0.0000    0.0000
610     A         B          370           ASN        82.91         656  52  0  8.892  2.332  1.039   0.1796    0.0000    0.0000    0.0000
611     A         B          371           ALA        92.83         656  52  0  8.892  2.332  1.039   0.1787    0.0000    0.0000    0.0000
612     A         B          372           GLN        89.75         656  52  0  8.892  2.332  1.039   0.1794    0.0000    0.0000    0.0000
613     A         B          373           LYS        94.21         656  52  0  8.892  2.332  1.039   0.1834    0.0000    0.0000    0.0000
614     A         B          374           THR        98.31         656  52  0  8.892  2.332  1.039   0.1844    0.0000    0.0000    0.0000
615     A         B          375           ILE        98.78         656  52  0  8.892  2.332  1.039   0.1827    0.0000    0.0000    0.0000
616     A         B          376           THR        98.93         656  52  0  8.892  2.332  1.039   0.1814    0.0000    0.0000    0.0000
617     A         B          377           ASN        98.70         656  52  0  8.892  2.332  1.039   0.1802    0.0000    0.0000    0.0000
618     A         B          378           CYS        98.71         656  52  0  8.892  2.332  1.039   0.1816    0.0000    0.0000    0.0000
619     A         B          379           PHE        97.91         656  52  0  8.892  2.332  1.039   0.1784    0.0000    0.0000    0.0000
620     A         B          380           LEU        96.85         656  52  0  8.892  2.332  1.039   0.1741    0.0000    0.0000    0.0000
621     A         B          381           LEU        95.90         656  52  0  8.892  2.332  1.039   0.1681    0.0000    0.0000    0.0000
622     A         B          382           LYS        92.73         656  52  0  8.892  2.332  1.039   0.1593    0.0000    0.0000    0.0000
623     A         B          383           ASN        95.21         656  52  0  8.892  2.332  1.039   0.1571    0.0000    0.0000    0.0000
624     A         B          384           LYS        95.87         656  52  0  8.892  2.332  1.039   0.1690    0.0000    0.0000    0.0000
625     A         B          385           ILE        97.95         656  52  0  8.892  2.332  1.039   0.1771    0.0000    0.0000    0.0000
626     A         B          386           TRP        97.79         656  52  0  8.892  2.332  1.039   0.1782    0.0000    0.0000    0.0000
627     A         B          387           CYS        98.75         656  52  0  8.892  2.332  1.039   0.1797    0.0000    0.0000    0.0000
628     A         B          388           ILE        97.69         656  52  0  8.892  2.332  1.039   0.1787    0.0000    0.0000    0.0000
629     A         B          389           SER        98.62         656  52  0  8.892  2.332  1.039   0.1783    0.0000    0.0000    0.0000
630     A         B          390           LEU        97.19         656  52  0  8.892  2.332  1.039   0.1794    0.0000    0.0000    0.0000
631     A         B          391           VAL        97.12         656  52  0  8.892  2.332  1.039   0.1791    0.0000    0.0000    0.0000
632     A         B          392           GLU        91.85         656  52  0  8.892  2.332  1.039   0.1831    0.0000    0.0000    0.0000
633     A         B          393           ILE        91.25         656  52  0  8.892  2.332  1.039   0.1758    0.0000    0.0000    0.0000
634     A         B          394           TYR        77.62         656  52  0  8.892  2.332  1.039   0.1689    0.0000    0.0000    0.0000
635     A         B          395           ASP        67.62         656  52  0  8.892  2.332  1.039   0.1587    0.0000    0.0000    0.0000
636     A         B          396           THR        60.59         656  52  0  8.892  2.332  1.039   0.1435    0.0000    0.0000    0.0000
637     A         B          397           GLY        62.94         656  52  0  8.892  2.332  1.039   0.1434    0.0000    0.0000    0.0000
638     A         B          398           ASP        59.81         656  52  0  8.892  2.332  1.039   0.1495    0.0000    0.0000    0.0000
639     A         B          399           ASN        63.44         656  52  0  8.892  2.332  1.039   0.1535    0.0000    0.0000    0.0000
640     A         B          400           VAL        69.62         656  52  0  8.892  2.332  1.039   0.1561    0.0000    0.0000    0.0000
641     A         B          401           ILE        72.77         656  52  0  8.892  2.332  1.039   0.1643    0.0000    0.0000    0.0000
642     A         B          402           ARG        81.84         656  52  0  8.892  2.332  1.039   0.1659    0.0000    0.0000    0.0000
643     A         B          403           PRO        91.33         656  52  0  8.892  2.332  1.039   0.1768    0.0000    0.0000    0.0000
644     A         B          404           LYS        92.64         656  52  0  8.892  2.332  1.039   0.1748    0.0000    0.0000    0.0000
645     A         B          405           LEU        94.88         656  52  0  8.892  2.332  1.039   0.1785    0.0000    0.0000    0.0000
646     A         B          406           PHE        97.54         656  52  0  8.892  2.332  1.039   0.1783    0.0000    0.0000    0.0000
647     A         B          407           ALA        96.33         656  52  0  8.892  2.332  1.039   0.1775    0.0000    0.0000    0.0000
648     A         B          408           VAL        98.36         656  52  0  8.892  2.332  1.039   0.1753    0.0000    0.0000    0.0000
649     A         B          409           LYS        97.03         656  52  0  8.892  2.332  1.039   0.1719    0.0000    0.0000    0.0000
650     A         B          410           ILE        98.22         656  52  0  8.892  2.332  1.039   0.1732    0.0000    0.0000    0.0000
651     A         B          411           PRO        95.53         656  52  0  8.892  2.332  1.039   0.1570    0.0000    0.0000    0.0000
652     A         B          412           GLU        91.63         656  52  0  8.892  2.332  1.039   0.1359    0.0000    0.0000    0.0000
653     A         B          413           GLN        90.11         656  52  0  8.892  2.332  1.039   0.1096    0.0000    0.0000    0.0000
654     A         B          414           CYS        91.20         656  52  0  8.892  2.332  1.039   0.1101    0.0000    0.0000    0.0000
655     A         B          415           THR        82.65         656  52  0  8.892  2.332  1.039   0.0948    0.0000    0.0000    0.0000
656     A         B          416           HIS        66.89         656  52  0  8.892  2.332  1.039   0.0870    0.0000    0.0000    0.0000
1       B         A            1           GLU        80.95         656  325  0  8.892  6.592  1.039   0.1150    0.0000    0.0000    0.0000
2       B         A            2           VAL        91.34         656  325  51  8.892  6.592  2.294   0.1903    0.2898    0.1834    0.0265
3       B         A            3           GLN        97.04         656  325  48  8.892  6.592  2.177   0.1877    0.2899    0.1835    0.0240
4       B         A            4           LEU        98.43         656  325  70  8.892  6.592  2.916   0.2040    0.3024    0.1929    0.0448
5       B         A            5           VAL        98.45         656  325  70  8.892  6.592  2.916   0.2042    0.3002    0.1912    0.0443
6       B         A            6           GLN        98.52         656  325  62  8.892  6.592  2.675   0.1988    0.2961    0.1881    0.0369
7       B         A            7           SER        98.13         656  325  67  8.892  6.592  2.828   0.2014    0.2982    0.1897    0.0414
8       B         A            8           GLY        98.25         656  325  38  8.892  6.592  1.726   0.1870    0.2862    0.1808    0.0149
9       B         A            9           ALA        97.00         656  325  49  8.892  6.592  2.217   0.1954    0.2939    0.1864    0.0253
10      B         A           10           GLU        97.08         656  325  45  8.892  6.592  2.053   0.1919    0.2870    0.1813    0.0211
11      B         A           11           VAL        95.02         656  325  47  8.892  6.592  2.137   0.1954    0.2887    0.1826    0.0230
12      B         A           12           LYS        95.39         656  325  31  8.892  6.592  1.325   0.1841    0.2783    0.1749    0.0085
13      B         A           13           LYS        92.40         656  325  21  8.892  6.592  1.039   0.1791    0.2748    0.1725    0.0052
14      B         A           14           PRO        91.46         656  325  36  8.892  6.592  1.621   0.1841    0.2786    0.1752    0.0127
15      B         A           15           GLY        94.76         656  325  30  8.892  6.592  1.258   0.1806    0.2754    0.1729    0.0076
16      B         A           16           GLU        96.01         656  325  33  8.892  6.592  1.450   0.1831    0.2782    0.1749    0.0102
17      B         A           17           SER        98.20         656  325  49  8.892  6.592  2.217   0.1925    0.2948    0.1871    0.0254
18      B         A           18           LEU        98.53         656  325  58  8.892  6.592  2.544   0.1989    0.2925    0.1854    0.0329
19      B         A           19           LYS        98.58         656  325  61  8.892  6.592  2.643   0.2001    0.2959    0.1880    0.0360
20      B         A           20           ILE        98.59         656  325  66  8.892  6.592  2.798   0.2023    0.2957    0.1878    0.0401
21      B         A           21           SER        98.52         656  325  79  8.892  6.592  3.160   0.2054    0.3021    0.1927    0.0522
22      B         A           22           CYS        98.67         656  325  77  8.892  6.592  3.108   0.2080    0.3029    0.1932    0.0507
23      B         A           23           LYS        98.41         656  325  70  8.892  6.592  2.916   0.2017    0.2993    0.1905    0.0442
24      B         A           24           GLY        98.01         656  325  71  8.892  6.592  2.944   0.2020    0.3008    0.1917    0.0453
25      B         A           25           SER        96.99         656  325  68  8.892  6.592  2.858   0.2007    0.3017    0.1923    0.0430
26      B         A           26           GLY        93.04         656  325  71  8.892  6.592  2.944   0.2030    0.3008    0.1916    0.0453
27      B         A           27           TYR        89.32         656  325  65  8.892  6.592  2.768   0.1988    0.2971    0.1889    0.0396
28      B         A           28           THR        81.78         656  325  68  8.892  6.592  2.858   0.2005    0.2985    0.1899    0.0423
29      B         A           29           PHE        94.86         656  325  80  8.892  6.592  3.186   0.2066    0.3056    0.1953    0.0538
30      B         A           30           SER        84.70         656  325  73  8.892  6.592  3.000   0.2014    0.3042    0.1942    0.0477
31      B         A           31           TYR        79.49         656  325  85  8.892  6.592  3.310   0.2102    0.3087    0.1976    0.0587
32      B         A           32           TYR        89.13         656  325  78  8.892  6.592  3.134   0.2074    0.3051    0.1949    0.0521
33      B         A           33           TRP        88.83         656  325  76  8.892  6.592  3.081   0.2096    0.3103    0.1988    0.0517
34      B         A           34           ILE        96.14         656  325  83  8.892  6.592  3.261   0.2136    0.3072    0.1964    0.0567
35      B         A           35           GLY        96.23         656  325  73  8.892  6.592  3.000   0.2073    0.3023    0.1927    0.0473
36      B         A           36           TRP        98.40         656  325  84  8.892  6.592  3.286   0.2132    0.3077    0.1968    0.0576
37      B         A           37           VAL        97.02         656  325  76  8.892  6.592  3.081   0.2083    0.2996    0.1907    0.0491
38      B         A           38           ARG        94.42         656  325  62  8.892  6.592  2.675   0.1989    0.2944    0.1868    0.0365
39      B         A           39           GLN        96.03         656  325  68  8.892  6.592  2.858   0.2022    0.2973    0.1890    0.0421
40      B         A           40           MET        88.55         656  325  58  8.892  6.592  2.544   0.1993    0.2896    0.1833    0.0324
41      B         A           41           PRO        86.38         656  325  30  8.892  6.592  1.258   0.1789    0.2796    0.1759    0.0077
42      B         A           42           GLY        87.25         656  325  19  8.892  6.592  1.039   0.1757    0.2767    0.1738    0.0052
43      B         A           43           LYS        87.26         656  325  51  8.892  6.592  2.294   0.1914    0.2875    0.1817    0.0262
44      B         A           44           GLY        92.75         656  325  60  8.892  6.592  2.611   0.1971    0.2970    0.1887    0.0353
45      B         A           45           LEU        95.73         656  325  67  8.892  6.592  2.828   0.2050    0.3006    0.1915    0.0419
46      B         A           46           GLU        91.59         656  325  64  8.892  6.592  2.738   0.2030    0.2982    0.1896    0.0389
47      B         A           47           TRP        93.24         656  325  73  8.892  6.592  3.000   0.2087    0.3022    0.1926    0.0472
48      B         A           48           MET        96.47         656  325  75  8.892  6.592  3.054   0.2083    0.3033    0.1934    0.0491
49      B         A           49           GLY        94.70         656  325  68  8.892  6.592  2.858   0.2012    0.3003    0.1912    0.0427
50      B         A           50           ILE        90.98         656  325  78  8.892  6.592  3.134   0.2094    0.3028    0.1932    0.0515
51      B         A           51           ILE        96.17         656  325  89  8.892  6.592  3.406   0.2144    0.3094    0.1981    0.0621
52      B         A           52           TYR        85.70         656  325  91  8.892  6.592  3.452   0.2138    0.3139    0.2016    0.0651
53      B         A           53           PRO        92.67         656  325  78  8.892  6.592  3.134   0.2071    0.3061    0.1956    0.0523
54      B         A           54           GLY        84.39         656  325  67  8.892  6.592  2.828   0.1981    0.3000    0.1910    0.0418
55      B         A           55           ASP        77.20         656  325  57  8.892  6.592  2.510   0.1927    0.2955    0.1877    0.0325
56      B         A           56           SER        90.17         656  325  63  8.892  6.592  2.706   0.1950    0.3012    0.1919    0.0386
57      B         A           57           ASP        83.19         656  325  65  8.892  6.592  2.768   0.1974    0.2987    0.1901    0.0399
58      B         A           58           THR        94.23         656  325  72  8.892  6.592  2.972   0.2016    0.2995    0.1907    0.0458
59      B         A           59           ARG        85.56         656  325  53  8.892  6.592  2.369   0.1910    0.2976    0.1892    0.0293
60      B         A           60           TYR        93.47         656  325  73  8.892  6.592  3.000   0.2039    0.3031    0.1934    0.0475
61      B         A           61           SER        89.62         656  325  68  8.892  6.592  2.858   0.2007    0.2963    0.1883    0.0419
62      B         A           62           PRO        83.69         656  325  58  8.892  6.592  2.544   0.1962    0.2933    0.1860    0.0330
63      B         A           63           SER        84.61         656  325  53  8.892  6.592  2.369   0.1941    0.2913    0.1845    0.0284
64      B         A           64           PHE        92.52         656  325  55  8.892  6.592  2.441   0.1942    0.2912    0.1844    0.0301
65      B         A           65           GLN        87.62         656  325  28  8.892  6.592  1.116   0.1795    0.2827    0.1782    0.0062
66      B         A           66           GLY        93.64         656  325  36  8.892  6.592  1.621   0.1838    0.2863    0.1808    0.0132
67      B         A           67           GLN        91.41         656  325  25  8.892  6.592  1.039   0.1771    0.2772    0.1742    0.0052
68      B         A           68           VAL        96.98         656  325  53  8.892  6.592  2.369   0.1927    0.2874    0.1817    0.0279
69      B         A           69           THR        98.47         656  325  64  8.892  6.592  2.738   0.2002    0.2990    0.1903    0.0391
70      B         A           70           ILE        98.52         656  325  74  8.892  6.592  3.027   0.2051    0.3027    0.1931    0.0482
71      B         A           71           SER        98.33         656  325  75  8.892  6.592  3.054   0.2032    0.3023    0.1928    0.0490
72      B         A           72           ALA        97.53         656  325  70  8.892  6.592  2.916   0.2024    0.3052    0.1949    0.0454
73      B         A           73           ASP        97.02         656  325  62  8.892  6.592  2.675   0.1975    0.3002    0.1911    0.0376
74      B         A           74           LYS        90.19         656  325  51  8.892  6.592  2.294   0.1873    0.2942    0.1867    0.0271
75      B         A           75           SER        95.28         656  325  63  8.892  6.592  2.706   0.1961    0.3013    0.1920    0.0386
76      B         A           76           ILE        97.65         656  325  69  8.892  6.592  2.887   0.2010    0.2987    0.1901    0.0432
77      B         A           77           SER        96.81         656  325  73  8.892  6.592  3.000   0.2029    0.3022    0.1927    0.0473
78      B         A           78           THR        98.54         656  325  73  8.892  6.592  3.000   0.2023    0.3014    0.1921    0.0471
79      B         A           79           ALA        98.59         656  325  67  8.892  6.592  2.828   0.2015    0.3055    0.1951    0.0429
80      B         A           80           TYR        98.88         656  325  78  8.892  6.592  3.134   0.2072    0.3026    0.1930    0.0515
81      B         A           81           LEU        98.90         656  325  69  8.892  6.592  2.887   0.2034    0.3000    0.1910    0.0435
82      B         A           82           GLN        96.56         656  325  38  8.892  6.592  1.726   0.1850    0.2835    0.1788    0.0147
83      B         A           83           TRP        98.21         656  325  51  8.892  6.592  2.294   0.1950    0.2885    0.1824    0.0264
84      B         A           84           SER        96.46         656  325  46  8.892  6.592  2.095   0.1898    0.2897    0.1833    0.0222
85      B         A           85           SER        95.31         656  325  25  8.892  6.592  1.039   0.1772    0.2779    0.1747    0.0052
86      B         A           86           LEU        95.75         656  325  38  8.892  6.592  1.726   0.1871    0.2851    0.1799    0.0148
87      B         A           87           LYS        89.65         656  325  32  8.892  6.592  1.388   0.1827    0.2784    0.1751    0.0093
88      B         A           88           ALA        87.06         656  325  32  8.892  6.592  1.388   0.1855    0.2817    0.1774    0.0095
89      B         A           89           SER        86.13         656  325  57  8.892  6.592  2.510   0.1941    0.2887    0.1826    0.0314
90      B         A           90           ASP        94.50         656  325  49  8.892  6.592  2.217   0.1912    0.2877    0.1819    0.0246
91      B         A           91           THR        92.61         656  325  58  8.892  6.592  2.544   0.1981    0.2897    0.1833    0.0324
92      B         A           92           ALA        94.86         656  325  64  8.892  6.592  2.738   0.2034    0.2922    0.1852    0.0378
93      B         A           93           MET        97.47         656  325  72  8.892  6.592  2.972   0.2063    0.2971    0.1888    0.0453
94      B         A           94           TYR        98.72         656  325  83  8.892  6.592  3.261   0.2109    0.3025    0.1929    0.0555
95      B         A           95           TYR        98.67         656  325  87  8.892  6.592  3.359   0.2142    0.3042    0.1942    0.0591
96      B         A           96           CYS        98.46         656  325  82  8.892  6.592  3.236   0.2116    0.3062    0.1957    0.0556
97      B         A           97           ALA        96.98         656  325  75  8.892  6.592  3.054   0.2090    0.3024    0.1928    0.0489
98      B         A           98           ARG        93.60         656  325  72  8.892  6.592  2.972   0.2036    0.3008    0.1916    0.0461
99      B         A           99           GLY        85.38         656  325  32  8.892  6.592  1.388   0.1751    0.2798    0.1761    0.0094
100     B         A          100           GLU        72.67         656  325  10  8.892  6.592  1.039   0.1662    0.2703    0.1692    0.0050
101     B         A          101           GLY        74.48         656  325  26  8.892  6.592  1.039   0.1773    0.2782    0.1749    0.0052
102     B         A          102           VAL        79.22         656  325  39  8.892  6.592  1.777   0.1933    0.2870    0.1812    0.0158
103     B         A          103           PHE        92.81         656  325  71  8.892  6.592  2.944   0.2104    0.3003    0.1912    0.0451
104     B         A          104           ASP        86.22         656  325  74  8.892  6.592  3.027   0.2076    0.2956    0.1877    0.0466
105     B         A          105           TYR        94.66         656  325  75  8.892  6.592  3.054   0.2098    0.3060    0.1954    0.0497
106     B         A          106           TRP        98.09         656  325  82  8.892  6.592  3.236   0.2131    0.3058    0.1954    0.0555
107     B         A          107           GLY        98.67         656  325  81  8.892  6.592  3.211   0.2108    0.3025    0.1929    0.0538
108     B         A          108           GLN        97.91         656  325  73  8.892  6.592  3.000   0.2043    0.2977    0.1893    0.0463
109     B         A          109           GLY        98.49         656  325  62  8.892  6.592  2.675   0.1994    0.2934    0.1861    0.0364
110     B         A          110           THR        98.53         656  325  80  8.892  6.592  3.186   0.2089    0.2980    0.1896    0.0520
111     B         A          111           LEU        96.94         656  325  68  8.892  6.592  2.858   0.2062    0.2981    0.1895    0.0422
112     B         A          112           VAL        97.54         656  325  64  8.892  6.592  2.738   0.2030    0.2941    0.1866    0.0381
113     B         A          113           THR        94.29         656  325  55  8.892  6.592  2.441   0.1975    0.2897    0.1833    0.0299
114     B         A          114           VAL        92.91         656  325  36  8.892  6.592  1.621   0.1871    0.2806    0.1767    0.0128
115     B         A          115           SER        85.90         656  325  0  8.892  6.592  1.039   0.1547    0.0000    0.0000    0.0000
116     B         A          116           SER        80.82         656  325  0  8.892  6.592  1.039   0.1159    0.0000    0.0000    0.0000
117     B         A          117           GLY        76.95         656  325  0  8.892  6.592  1.039   0.0917    0.0000    0.0000    0.0000
118     B         A          118           GLY        64.42         656  325  0  8.892  6.592  1.039   0.0819    0.0000    0.0000    0.0000
119     B         A          119           GLY        60.44         656  325  0  8.892  6.592  1.039   0.0803    0.0000    0.0000    0.0000
120     B         A          120           SER        51.88         656  325  0  8.892  6.592  1.039   0.0806    0.0000    0.0000    0.0000
121     B         A          121           GLY        52.52         656  325  0  8.892  6.592  1.039   0.0801    0.0000    0.0000    0.0000
122     B         A          122           GLY        50.59         656  325  0  8.892  6.592  1.039   0.0796    0.0000    0.0000    0.0000
123     B         A          123           GLY        52.12         656  325  0  8.892  6.592  1.039   0.0796    0.0000    0.0000    0.0000
124     B         A          124           SER        46.76         656  325  0  8.892  6.592  1.039   0.0803    0.0000    0.0000    0.0000
125     B         A          125           GLY        45.84         656  325  0  8.892  6.592  1.039   0.0802    0.0000    0.0000    0.0000
126     B         A          126           GLY        44.09         656  325  0  8.892  6.592  1.039   0.0812    0.0000    0.0000    0.0000
127     B         A          127           GLY        48.12         656  325  0  8.892  6.592  1.039   0.0834    0.0000    0.0000    0.0000
128     B         A          128           SER        46.01         656  325  0  8.892  6.592  1.039   0.0861    0.0000    0.0000    0.0000
129     B         A          129           GLY        49.09         656  325  0  8.892  6.592  1.039   0.0861    0.0000    0.0000    0.0000
130     B         A          130           GLY        48.31         656  325  0  8.892  6.592  1.039   0.0873    0.0000    0.0000    0.0000
131     B         A          131           GLY        53.29         656  325  0  8.892  6.592  1.039   0.0921    0.0000    0.0000    0.0000
132     B         A          132           SER        57.67         656  325  0  8.892  6.592  1.039   0.1096    0.0000    0.0000    0.0000
133     B         A          133           TYR        69.42         656  325  0  8.892  6.592  1.039   0.1416    0.0000    0.0000    0.0000
134     B         A          134           THR        77.31         656  325  0  8.892  6.592  1.039   0.1619    0.0000    0.0000    0.0000
135     B         A          135           LEU        87.67         656  325  42  8.892  6.592  1.920   0.1898    0.2855    0.1802    0.0183
136     B         A          136           THR        88.49         656  325  38  8.892  6.592  1.726   0.1893    0.2826    0.1781    0.0147
137     B         A          137           GLN        91.45         656  325  35  8.892  6.592  1.566   0.1852    0.2826    0.1781    0.0121
138     B         A          138           ALA        87.81         656  325  20  8.892  6.592  1.039   0.1805    0.2769    0.1739    0.0052
139     B         A          139           PRO        84.12         656  325  7  8.892  6.592  1.039   0.1730    0.2752    0.1727    0.0052
140     B         A          140           SER        83.52         656  325  0  8.892  6.592  1.039   0.1607    0.0000    0.0000    0.0000
141     B         A          141           VAL        81.02         656  325  0  8.892  6.592  1.039   0.1591    0.0000    0.0000    0.0000
142     B         A          142           SER        79.82         656  325  0  8.892  6.592  1.039   0.1486    0.0000    0.0000    0.0000
143     B         A          143           ALA        81.41         656  325  0  8.892  6.592  1.039   0.1536    0.0000    0.0000    0.0000
144     B         A          144           SER        80.31         656  325  0  8.892  6.592  1.039   0.1585    0.0000    0.0000    0.0000
145     B         A          145           GLY        83.91         656  325  0  8.892  6.592  1.039   0.1650    0.0000    0.0000    0.0000
146     B         A          146           GLN        81.79         656  325  6  8.892  6.592  1.039   0.1690    0.2703    0.1692    0.0050
147     B         A          147           SER        84.93         656  325  32  8.892  6.592  1.388   0.1831    0.2841    0.1792    0.0096
148     B         A          148           VAL        90.27         656  325  58  8.892  6.592  2.544   0.1950    0.2916    0.1848    0.0327
149     B         A          149           THR        89.45         656  325  70  8.892  6.592  2.916   0.2014    0.2959    0.1880    0.0434
150     B         A          150           ILE        94.32         656  325  66  8.892  6.592  2.798   0.2007    0.2964    0.1884    0.0403
151     B         A          151           SER        92.58         656  325  65  8.892  6.592  2.768   0.2017    0.2979    0.1894    0.0397
152     B         A          152           CYS        93.67         656  325  70  8.892  6.592  2.916   0.2039    0.2946    0.1870    0.0432
153     B         A          153           THR        90.04         656  325  55  8.892  6.592  2.441   0.1966    0.2929    0.1857    0.0304
154     B         A          154           GLY        86.01         656  325  31  8.892  6.592  1.325   0.1821    0.2794    0.1758    0.0085
155     B         A          155           THR        75.68         656  325  21  8.892  6.592  1.039   0.1744    0.2719    0.1703    0.0051
156     B         A          156           SER        60.90         656  325  10  8.892  6.592  1.039   0.1674    0.2700    0.1689    0.0050
157     B         A          157           ARG        63.01         656  325  7  8.892  6.592  1.039   0.1680    0.2656    0.1658    0.0049
158     B         A          158           ASP        67.45         656  325  15  8.892  6.592  1.039   0.1738    0.2677    0.1674    0.0050
159     B         A          159           VAL        75.54         656  325  28  8.892  6.592  1.116   0.1848    0.2774    0.1743    0.0060
160     B         A          160           GLY        83.64         656  325  35  8.892  6.592  1.566   0.1881    0.2838    0.1789    0.0122
161     B         A          161           THR        75.54         656  325  52  8.892  6.592  2.332   0.1988    0.2900    0.1835    0.0274
162     B         A          162           TYR        88.02         656  325  81  8.892  6.592  3.211   0.2156    0.3012    0.1919    0.0535
163     B         A          163           TRP        94.84         656  325  95  8.892  6.592  3.543   0.2219    0.3098    0.1984    0.0670
164     B         A          164           TYR        97.15         656  325  111  8.892  6.592  3.878   0.2301    0.3123    0.2004    0.0801
165     B         A          165           GLN        97.10         656  325  81  8.892  6.592  3.211   0.2102    0.3037    0.1939    0.0542
166     B         A          166           GLN        97.75         656  325  77  8.892  6.592  3.108   0.2091    0.3025    0.1929    0.0506
167     B         A          167           ILE        94.92         656  325  75  8.892  6.592  3.054   0.2070    0.2988    0.1901    0.0481
168     B         A          168           PRO        88.67         656  325  54  8.892  6.592  2.405   0.1975    0.2907    0.1840    0.0292
169     B         A          169           GLY        92.17         656  325  35  8.892  6.592  1.566   0.1862    0.2845    0.1795    0.0122
170     B         A          170           ARG        95.34         656  325  64  8.892  6.592  2.738   0.1988    0.2958    0.1879    0.0385
171     B         A          171           ALA        97.62         656  325  89  8.892  6.592  3.406   0.2179    0.3084    0.1974    0.0618
172     B         A          172           PRO        97.53         656  325  78  8.892  6.592  3.134   0.2108    0.3035    0.1937    0.0517
173     B         A          173           LYS        94.08         656  325  81  8.892  6.592  3.211   0.2125    0.3005    0.1914    0.0533
174     B         A          174           LEU        92.68         656  325  88  8.892  6.592  3.382   0.2159    0.3040    0.1940    0.0598
175     B         A          175           LEU        93.62         656  325  82  8.892  6.592  3.236   0.2105    0.3056    0.1952    0.0554
176     B         A          176           ILE        87.28         656  325  74  8.892  6.592  3.027   0.2070    0.2971    0.1889    0.0469
177     B         A          177           HIS        77.39         656  325  65  8.892  6.592  2.768   0.2054    0.2921    0.1851    0.0386
178     B         A          178           ASP        64.48         656  325  34  8.892  6.592  1.509   0.1873    0.2804    0.1765    0.0111
179     B         A          179           LYS        57.26         656  325  27  8.892  6.592  1.039   0.1852    0.2777    0.1745    0.0052
180     B         A          180           SER        50.70         656  325  28  8.892  6.592  1.116   0.1818    0.2754    0.1729    0.0060
181     B         A          181           GLU        48.87         656  325  22  8.892  6.592  1.039   0.1843    0.2723    0.1706    0.0051
182     B         A          182           ASN        52.14         656  325  23  8.892  6.592  1.039   0.1884    0.2772    0.1742    0.0052
183     B         A          183           GLN        51.20         656  325  11  8.892  6.592  1.039   0.1765    0.2739    0.1718    0.0051
184     B         A          184           GLY        69.77         656  325  19  8.892  6.592  1.039   0.1782    0.2741    0.1719    0.0051
185     B         A          185           LYS        71.30         656  325  32  8.892  6.592  1.388   0.1832    0.2805    0.1765    0.0094
186     B         A          186           THR        80.77         656  325  53  8.892  6.592  2.369   0.1986    0.2875    0.1817    0.0279
187     B         A          187           PRO        72.85         656  325  35  8.892  6.592  1.566   0.1865    0.2835    0.1787    0.0121
188     B         A          188           GLY        84.19         656  325  32  8.892  6.592  1.388   0.1832    0.2844    0.1794    0.0096
189     B         A          189           ILE        88.90         656  325  48  8.892  6.592  2.177   0.1899    0.2883    0.1823    0.0238
190     B         A          190           PRO        87.88         656  325  36  8.892  6.592  1.621   0.1846    0.2867    0.1811    0.0132
191     B         A          191           ASP        76.61         656  325  39  8.892  6.592  1.777   0.1872    0.2830    0.1784    0.0155
192     B         A          192           ARG        86.24         656  325  46  8.892  6.592  2.095   0.1868    0.2875    0.1817    0.0220
193     B         A          193           PHE        90.89         656  325  57  8.892  6.592  2.510   0.1928    0.2932    0.1859    0.0321
194     B         A          194           SER        80.99         656  325  66  8.892  6.592  2.798   0.2012    0.2961    0.1881    0.0402
195     B         A          195           GLY        83.34         656  325  52  8.892  6.592  2.332   0.1953    0.2932    0.1859    0.0278
196     B         A          196           SER        75.83         656  325  48  8.892  6.592  2.177   0.1914    0.2902    0.1837    0.0240
197     B         A          197           LYS        71.85         656  325  51  8.892  6.592  2.294   0.1960    0.2922    0.1852    0.0268
198     B         A          198           SER        70.36         656  325  48  8.892  6.592  2.177   0.1903    0.2881    0.1821    0.0238
199     B         A          199           GLY        69.46         656  325  32  8.892  6.592  1.388   0.1828    0.2801    0.1763    0.0094
200     B         A          200           ASN        76.01         656  325  26  8.892  6.592  1.039   0.1819    0.2810    0.1769    0.0053
201     B         A          201           THR        84.32         656  325  49  8.892  6.592  2.217   0.1927    0.2892    0.1829    0.0247
202     B         A          202           ALA        85.64         656  325  60  8.892  6.592  2.611   0.1998    0.2895    0.1832    0.0340
203     B         A          203           SER        86.89         656  325  53  8.892  6.592  2.369   0.1950    0.2922    0.1852    0.0286
204     B         A          204           LEU        90.27         656  325  58  8.892  6.592  2.544   0.2016    0.2924    0.1853    0.0328
205     B         A          205           VAL        82.78         656  325  51  8.892  6.592  2.294   0.1962    0.2881    0.1822    0.0263
206     B         A          206           ILE        86.14         656  325  40  8.892  6.592  1.826   0.1900    0.2833    0.1786    0.0164
207     B         A          207           ILE        71.88         656  325  0  8.892  6.592  1.039   0.1613    0.0000    0.0000    0.0000
208     B         A          208           ARG        73.76         656  325  0  8.892  6.592  1.039   0.1537    0.0000    0.0000    0.0000
209     B         A          209           GLY        79.48         656  325  0  8.892  6.592  1.039   0.1519    0.0000    0.0000    0.0000
210     B         A          210           LEU        84.00         656  325  14  8.892  6.592  1.039   0.1733    0.2751    0.1726    0.0052
211     B         A          211           GLN        85.48         656  325  17  8.892  6.592  1.039   0.1753    0.2722    0.1706    0.0051
212     B         A          212           ALA        86.03         656  325  17  8.892  6.592  1.039   0.1793    0.2752    0.1728    0.0052
213     B         A          213           ASP        87.82         656  325  34  8.892  6.592  1.509   0.1840    0.2846    0.1795    0.0113
214     B         A          214           ASP        90.77         656  325  50  8.892  6.592  2.256   0.1904    0.2887    0.1826    0.0255
215     B         A          215           GLU        91.56         656  325  58  8.892  6.592  2.544   0.1980    0.2911    0.1843    0.0326
216     B         A          216           ALA        95.75         656  325  61  8.892  6.592  2.643   0.1997    0.2961    0.1881    0.0360
217     B         A          217           ASP        96.69         656  325  82  8.892  6.592  3.236   0.2107    0.3030    0.1933    0.0548
218     B         A          218           TYR        97.34         656  325  82  8.892  6.592  3.236   0.2115    0.3057    0.1953    0.0555
219     B         A          219           TYR        97.20         656  325  91  8.892  6.592  3.452   0.2169    0.3057    0.1953    0.0626
220     B         A          220           CYS        94.03         656  325  93  8.892  6.592  3.498   0.2180    0.3044    0.1944    0.0638
221     B         A          221           ASN        92.26         656  325  74  8.892  6.592  3.027   0.2105    0.2976    0.1892    0.0470
222     B         A          222           SER        86.76         656  325  73  8.892  6.592  3.000   0.2079    0.2993    0.1905    0.0466
223     B         A          223           TYR        76.10         656  325  57  8.892  6.592  2.510   0.1960    0.2948    0.1871    0.0324
224     B         A          224           HIS        74.39         656  325  33  8.892  6.592  1.450   0.1788    0.2775    0.1744    0.0101
225     B         A          225           GLY        65.14         656  325  14  8.892  6.592  1.039   0.1692    0.2711    0.1698    0.0051
226     B         A          226           SER        69.67         656  325  22  8.892  6.592  1.039   0.1694    0.2747    0.1723    0.0051
227     B         A          227           GLY        73.42         656  325  22  8.892  6.592  1.039   0.1732    0.2747    0.1723    0.0051
228     B         A          228           SER        80.35         656  325  37  8.892  6.592  1.675   0.1825    0.2831    0.1784    0.0138
229     B         A          229           ASN        87.31         656  325  63  8.892  6.592  2.706   0.2039    0.2970    0.1887    0.0378
230     B         A          230           ILE        88.02         656  325  71  8.892  6.592  2.944   0.2085    0.2968    0.1886    0.0444
231     B         A          231           PHE        93.82         656  325  81  8.892  6.592  3.211   0.2142    0.3035    0.1936    0.0541
232     B         A          232           GLY        92.79         656  325  74  8.892  6.592  3.027   0.2074    0.3045    0.1943    0.0485
233     B         A          233           GLY        91.42         656  325  61  8.892  6.592  2.643   0.2012    0.3002    0.1911    0.0367
234     B         A          234           GLY        94.72         656  325  55  8.892  6.592  2.441   0.1952    0.2935    0.1861    0.0305
235     B         A          235           THR        94.80         656  325  78  8.892  6.592  3.134   0.2083    0.3028    0.1931    0.0515
236     B         A          236           LYS        93.62         656  325  66  8.892  6.592  2.798   0.2048    0.2960    0.1879    0.0401
237     B         A          237           LEU        93.53         656  325  63  8.892  6.592  2.706   0.1998    0.2983    0.1897    0.0381
238     B         A          238           THR        88.40         656  325  40  8.892  6.592  1.826   0.1876    0.2835    0.1787    0.0164
239     B         A          239           VAL        85.41         656  325  6  8.892  6.592  1.039   0.1678    0.2707    0.1694    0.0050
240     B         A          240           ASP        72.80         656  325  0  8.892  6.592  1.039   0.1232    0.0000    0.0000    0.0000
