i,AlignChn,ScoredChain,AlignResNum,AlignResType,AlignRespLDDT,n0chn,n0dom,n0res,d0chn,d0dom,d0res,ipTM_pae,ipSAE_d0chn,ipSAE_d0dom,ipSAE 
239     A         B            1           ILE        93.04         654  0  0  8.880  1.039  1.039   0.0982    0.0000    0.0000    0.0000
240     A         B            2           CYS        95.28         654  0  0  8.880  1.039  1.039   0.1018    0.0000    0.0000    0.0000
241     A         B            3           LEU        93.69         654  0  0  8.880  1.039  1.039   0.1031    0.0000    0.0000    0.0000
242     A         B            4           GLN        93.95         654  0  0  8.880  1.039  1.039   0.1032    0.0000    0.0000    0.0000
243     A         B            5           LYS        94.96         654  0  0  8.880  1.039  1.039   0.1034    0.0000    0.0000    0.0000
244     A         B            6           THR        93.91         654  0  0  8.880  1.039  1.039   0.1012    0.0000    0.0000    0.0000
245     A         B            7           SER        90.09         654  0  0  8.880  1.039  1.039   0.0998    0.0000    0.0000    0.0000
246     A         B            8           ASN        89.41         654  0  0  8.880  1.039  1.039   0.0973    0.0000    0.0000    0.0000
247     A         B            9           GLN        89.32         654  0  0  8.880  1.039  1.039   0.0979    0.0000    0.0000    0.0000
248     A         B           10           ILE        93.87         654  0  0  8.880  1.039  1.039   0.1021    0.0000    0.0000    0.0000
249     A         B           11           LEU        96.65         654  0  0  8.880  1.039  1.039   0.1078    0.0000    0.0000    0.0000
250     A         B           12           LYS        91.89         654  0  0  8.880  1.039  1.039   0.1071    0.0000    0.0000    0.0000
251     A         B           13           PRO        95.48         654  0  0  8.880  1.039  1.039   0.1096    0.0000    0.0000    0.0000
252     A         B           14           LYS        89.16         654  0  0  8.880  1.039  1.039   0.1087    0.0000    0.0000    0.0000
253     A         B           15           LEU        86.64         654  0  0  8.880  1.039  1.039   0.1106    0.0000    0.0000    0.0000
254     A         B           16           ILE        84.80         654  0  0  8.880  1.039  1.039   0.1113    0.0000    0.0000    0.0000
255     A         B           17           SER        64.79         654  0  0  8.880  1.039  1.039   0.1088    0.0000    0.0000    0.0000
256     A         B           18           TYR        62.21         654  0  0  8.880  1.039  1.039   0.1059    0.0000    0.0000    0.0000
257     A         B           19           THR        62.12         654  0  0  8.880  1.039  1.039   0.1097    0.0000    0.0000    0.0000
258     A         B           20           LEU        67.38         654  0  0  8.880  1.039  1.039   0.1102    0.0000    0.0000    0.0000
259     A         B           21           PRO        57.41         654  0  0  8.880  1.039  1.039   0.1081    0.0000    0.0000    0.0000
260     A         B           22           VAL        62.93         654  0  0  8.880  1.039  1.039   0.1084    0.0000    0.0000    0.0000
261     A         B           23           VAL        61.07         654  0  0  8.880  1.039  1.039   0.1090    0.0000    0.0000    0.0000
262     A         B           24           GLY        62.22         654  0  0  8.880  1.039  1.039   0.1063    0.0000    0.0000    0.0000
263     A         B           25           GLN        62.71         654  0  0  8.880  1.039  1.039   0.1068    0.0000    0.0000    0.0000
264     A         B           26           SER        65.12         654  0  0  8.880  1.039  1.039   0.1079    0.0000    0.0000    0.0000
265     A         B           27           GLY        72.29         654  0  0  8.880  1.039  1.039   0.1090    0.0000    0.0000    0.0000
266     A         B           28           THR        77.81         654  0  0  8.880  1.039  1.039   0.1093    0.0000    0.0000    0.0000
267     A         B           29           CYS        77.35         654  0  0  8.880  1.039  1.039   0.1098    0.0000    0.0000    0.0000
268     A         B           30           ILE        86.00         654  0  0  8.880  1.039  1.039   0.1120    0.0000    0.0000    0.0000
269     A         B           31           THR        86.44         654  0  0  8.880  1.039  1.039   0.1113    0.0000    0.0000    0.0000
270     A         B           32           ASP        93.03         654  0  0  8.880  1.039  1.039   0.1125    0.0000    0.0000    0.0000
271     A         B           33           PRO        94.27         654  0  0  8.880  1.039  1.039   0.1131    0.0000    0.0000    0.0000
272     A         B           34           LEU        96.13         654  0  0  8.880  1.039  1.039   0.1134    0.0000    0.0000    0.0000
273     A         B           35           LEU        97.16         654  0  0  8.880  1.039  1.039   0.1134    0.0000    0.0000    0.0000
274     A         B           36           ALA        98.41         654  0  0  8.880  1.039  1.039   0.1146    0.0000    0.0000    0.0000
275     A         B           37           MET        96.92         654  0  0  8.880  1.039  1.039   0.1119    0.0000    0.0000    0.0000
276     A         B           38           ASP        95.83         654  0  0  8.880  1.039  1.039   0.1136    0.0000    0.0000    0.0000
277     A         B           39           GLU        93.85         654  0  0  8.880  1.039  1.039   0.1114    0.0000    0.0000    0.0000
278     A         B           40           GLY        93.26         654  0  0  8.880  1.039  1.039   0.1104    0.0000    0.0000    0.0000
279     A         B           41           TYR        95.50         654  0  0  8.880  1.039  1.039   0.1099    0.0000    0.0000    0.0000
280     A         B           42           PHE        95.91         654  0  0  8.880  1.039  1.039   0.1108    0.0000    0.0000    0.0000
281     A         B           43           ALA        97.91         654  0  0  8.880  1.039  1.039   0.1123    0.0000    0.0000    0.0000
282     A         B           44           TYR        94.10         654  0  0  8.880  1.039  1.039   0.1109    0.0000    0.0000    0.0000
283     A         B           45           SER        96.52         654  0  0  8.880  1.039  1.039   0.1114    0.0000    0.0000    0.0000
284     A         B           46           HIS        92.43         654  0  0  8.880  1.039  1.039   0.1116    0.0000    0.0000    0.0000
285     A         B           47           LEU        92.46         654  0  0  8.880  1.039  1.039   0.1112    0.0000    0.0000    0.0000
286     A         B           48           GLU        86.35         654  0  0  8.880  1.039  1.039   0.1113    0.0000    0.0000    0.0000
287     A         B           49           ARG        83.38         654  0  0  8.880  1.039  1.039   0.1085    0.0000    0.0000    0.0000
288     A         B           50           ILE        80.50         654  0  0  8.880  1.039  1.039   0.1108    0.0000    0.0000    0.0000
289     A         B           51           GLY        72.15         654  0  0  8.880  1.039  1.039   0.1097    0.0000    0.0000    0.0000
290     A         B           52           SER        66.15         654  0  0  8.880  1.039  1.039   0.1111    0.0000    0.0000    0.0000
291     A         B           53           CYS        69.83         654  0  0  8.880  1.039  1.039   0.1129    0.0000    0.0000    0.0000
292     A         B           54           SER        62.61         654  0  0  8.880  1.039  1.039   0.1103    0.0000    0.0000    0.0000
293     A         B           55           ARG        67.17         654  0  0  8.880  1.039  1.039   0.1098    0.0000    0.0000    0.0000
294     A         B           56           GLY        76.33         654  0  0  8.880  1.039  1.039   0.1090    0.0000    0.0000    0.0000
295     A         B           57           VAL        84.62         654  0  0  8.880  1.039  1.039   0.1101    0.0000    0.0000    0.0000
296     A         B           58           SER        88.01         654  0  0  8.880  1.039  1.039   0.1100    0.0000    0.0000    0.0000
297     A         B           59           LYS        86.87         654  0  0  8.880  1.039  1.039   0.1092    0.0000    0.0000    0.0000
298     A         B           60           GLN        86.35         654  0  0  8.880  1.039  1.039   0.1096    0.0000    0.0000    0.0000
299     A         B           61           ARG        93.75         654  0  0  8.880  1.039  1.039   0.1104    0.0000    0.0000    0.0000
300     A         B           62           ILE        90.42         654  0  0  8.880  1.039  1.039   0.1112    0.0000    0.0000    0.0000
301     A         B           63           ILE        95.75         654  0  0  8.880  1.039  1.039   0.1118    0.0000    0.0000    0.0000
302     A         B           64           GLY        93.00         654  0  0  8.880  1.039  1.039   0.1118    0.0000    0.0000    0.0000
303     A         B           65           VAL        94.32         654  0  0  8.880  1.039  1.039   0.1107    0.0000    0.0000    0.0000
304     A         B           66           GLY        91.01         654  0  0  8.880  1.039  1.039   0.1114    0.0000    0.0000    0.0000
305     A         B           67           GLU        84.71         654  0  0  8.880  1.039  1.039   0.1098    0.0000    0.0000    0.0000
306     A         B           68           VAL        91.87         654  0  0  8.880  1.039  1.039   0.1123    0.0000    0.0000    0.0000
307     A         B           69           LEU        79.99         654  0  0  8.880  1.039  1.039   0.1093    0.0000    0.0000    0.0000
308     A         B           70           ASP        81.73         654  0  0  8.880  1.039  1.039   0.1077    0.0000    0.0000    0.0000
309     A         B           71           ARG        68.90         654  0  0  8.880  1.039  1.039   0.1032    0.0000    0.0000    0.0000
310     A         B           72           GLY        72.48         654  0  0  8.880  1.039  1.039   0.1022    0.0000    0.0000    0.0000
311     A         B           73           ASP        76.74         654  0  0  8.880  1.039  1.039   0.1045    0.0000    0.0000    0.0000
312     A         B           74           GLU        85.71         654  0  0  8.880  1.039  1.039   0.1075    0.0000    0.0000    0.0000
313     A         B           75           VAL        88.65         654  0  0  8.880  1.039  1.039   0.1094    0.0000    0.0000    0.0000
314     A         B           76           PRO        92.67         654  0  0  8.880  1.039  1.039   0.1112    0.0000    0.0000    0.0000
315     A         B           77           SER        84.38         654  0  0  8.880  1.039  1.039   0.1097    0.0000    0.0000    0.0000
316     A         B           78           LEU        88.20         654  0  0  8.880  1.039  1.039   0.1121    0.0000    0.0000    0.0000
317     A         B           79           PHE        81.46         654  0  0  8.880  1.039  1.039   0.1131    0.0000    0.0000    0.0000
318     A         B           80           MET        83.70         654  0  0  8.880  1.039  1.039   0.1122    0.0000    0.0000    0.0000
319     A         B           81           THR        84.29         654  0  0  8.880  1.039  1.039   0.1109    0.0000    0.0000    0.0000
320     A         B           82           ASN        87.11         654  0  0  8.880  1.039  1.039   0.1108    0.0000    0.0000    0.0000
321     A         B           83           VAL        85.74         654  0  0  8.880  1.039  1.039   0.1117    0.0000    0.0000    0.0000
322     A         B           84           TRP        91.26         654  0  0  8.880  1.039  1.039   0.1097    0.0000    0.0000    0.0000
323     A         B           85           THR        87.89         654  0  0  8.880  1.039  1.039   0.1104    0.0000    0.0000    0.0000
324     A         B           86           PRO        92.00         654  0  0  8.880  1.039  1.039   0.1109    0.0000    0.0000    0.0000
325     A         B           87           PRO        87.54         654  0  0  8.880  1.039  1.039   0.1083    0.0000    0.0000    0.0000
326     A         B           88           ASN        89.57         654  0  0  8.880  1.039  1.039   0.1101    0.0000    0.0000    0.0000
327     A         B           89           PRO        90.74         654  0  0  8.880  1.039  1.039   0.1109    0.0000    0.0000    0.0000
328     A         B           90           ASN        90.00         654  0  0  8.880  1.039  1.039   0.1116    0.0000    0.0000    0.0000
329     A         B           91           THR        93.12         654  0  0  8.880  1.039  1.039   0.1102    0.0000    0.0000    0.0000
330     A         B           92           VAL        96.23         654  0  0  8.880  1.039  1.039   0.1135    0.0000    0.0000    0.0000
331     A         B           93           TYR        96.73         654  0  0  8.880  1.039  1.039   0.1097    0.0000    0.0000    0.0000
332     A         B           94           HIS        97.96         654  0  0  8.880  1.039  1.039   0.1123    0.0000    0.0000    0.0000
333     A         B           95           CYS        98.24         654  0  0  8.880  1.039  1.039   0.1122    0.0000    0.0000    0.0000
334     A         B           96           SER        98.86         654  0  0  8.880  1.039  1.039   0.1117    0.0000    0.0000    0.0000
335     A         B           97           ALA        98.74         654  0  0  8.880  1.039  1.039   0.1126    0.0000    0.0000    0.0000
336     A         B           98           VAL        98.62         654  0  0  8.880  1.039  1.039   0.1119    0.0000    0.0000    0.0000
337     A         B           99           TYR        97.58         654  0  0  8.880  1.039  1.039   0.1129    0.0000    0.0000    0.0000
338     A         B          100           ASN        95.15         654  0  0  8.880  1.039  1.039   0.1109    0.0000    0.0000    0.0000
339     A         B          101           ASN        88.31         654  0  0  8.880  1.039  1.039   0.1078    0.0000    0.0000    0.0000
340     A         B          102           GLU        86.81         654  0  0  8.880  1.039  1.039   0.1088    0.0000    0.0000    0.0000
341     A         B          103           PHE        93.77         654  0  0  8.880  1.039  1.039   0.1099    0.0000    0.0000    0.0000
342     A         B          104           TYR        97.28         654  0  0  8.880  1.039  1.039   0.1113    0.0000    0.0000    0.0000
343     A         B          105           TYR        97.33         654  0  0  8.880  1.039  1.039   0.1102    0.0000    0.0000    0.0000
344     A         B          106           VAL        98.23         654  0  0  8.880  1.039  1.039   0.1126    0.0000    0.0000    0.0000
345     A         B          107           LEU        98.51         654  0  0  8.880  1.039  1.039   0.1118    0.0000    0.0000    0.0000
346     A         B          108           CYS        98.13         654  0  0  8.880  1.039  1.039   0.1125    0.0000    0.0000    0.0000
347     A         B          109           ALA        98.15         654  0  0  8.880  1.039  1.039   0.1117    0.0000    0.0000    0.0000
348     A         B          110           VAL        96.20         654  0  0  8.880  1.039  1.039   0.1117    0.0000    0.0000    0.0000
349     A         B          111           SER        95.48         654  0  0  8.880  1.039  1.039   0.1120    0.0000    0.0000    0.0000
350     A         B          112           THR        89.69         654  0  0  8.880  1.039  1.039   0.1106    0.0000    0.0000    0.0000
351     A         B          113           VAL        87.81         654  0  0  8.880  1.039  1.039   0.1126    0.0000    0.0000    0.0000
352     A         B          114           GLY        90.26         654  0  0  8.880  1.039  1.039   0.1113    0.0000    0.0000    0.0000
353     A         B          115           ASP        92.67         654  0  0  8.880  1.039  1.039   0.1128    0.0000    0.0000    0.0000
354     A         B          116           PRO        97.09         654  0  0  8.880  1.039  1.039   0.1117    0.0000    0.0000    0.0000
355     A         B          117           ILE        96.76         654  0  0  8.880  1.039  1.039   0.1120    0.0000    0.0000    0.0000
356     A         B          118           LEU        91.54         654  0  0  8.880  1.039  1.039   0.1125    0.0000    0.0000    0.0000
357     A         B          119           ASN        90.69         654  0  0  8.880  1.039  1.039   0.1106    0.0000    0.0000    0.0000
358     A         B          120           SER        93.75         654  0  0  8.880  1.039  1.039   0.1115    0.0000    0.0000    0.0000
359     A         B          121           THR        89.60         654  0  0  8.880  1.039  1.039   0.1119    0.0000    0.0000    0.0000
360     A         B          122           TYR        88.14         654  0  0  8.880  1.039  1.039   0.1103    0.0000    0.0000    0.0000
361     A         B          123           TRP        95.62         654  0  0  8.880  1.039  1.039   0.1107    0.0000    0.0000    0.0000
362     A         B          124           SER        92.17         654  0  0  8.880  1.039  1.039   0.1089    0.0000    0.0000    0.0000
363     A         B          125           GLY        95.50         654  0  0  8.880  1.039  1.039   0.1103    0.0000    0.0000    0.0000
364     A         B          126           SER        94.34         654  0  0  8.880  1.039  1.039   0.1109    0.0000    0.0000    0.0000
365     A         B          127           LEU        97.19         654  0  0  8.880  1.039  1.039   0.1119    0.0000    0.0000    0.0000
366     A         B          128           MET        94.57         654  0  0  8.880  1.039  1.039   0.1097    0.0000    0.0000    0.0000
367     A         B          129           MET        95.63         654  0  0  8.880  1.039  1.039   0.1104    0.0000    0.0000    0.0000
368     A         B          130           THR        95.00         654  0  0  8.880  1.039  1.039   0.1129    0.0000    0.0000    0.0000
369     A         B          131           ARG        92.57         654  0  0  8.880  1.039  1.039   0.1087    0.0000    0.0000    0.0000
370     A         B          132           LEU        94.21         654  0  0  8.880  1.039  1.039   0.1108    0.0000    0.0000    0.0000
371     A         B          133           ALA        89.65         654  0  0  8.880  1.039  1.039   0.1116    0.0000    0.0000    0.0000
372     A         B          134           VAL        90.01         654  0  0  8.880  1.039  1.039   0.1113    0.0000    0.0000    0.0000
373     A         B          135           LYS        79.49         654  0  0  8.880  1.039  1.039   0.1081    0.0000    0.0000    0.0000
374     A         B          136           PRO        76.28         654  0  0  8.880  1.039  1.039   0.1055    0.0000    0.0000    0.0000
375     A         B          137           LYS        68.68         654  0  0  8.880  1.039  1.039   0.1032    0.0000    0.0000    0.0000
376     A         B          138           SER        59.25         654  0  0  8.880  1.039  1.039   0.0958    0.0000    0.0000    0.0000
377     A         B          139           ASN        59.92         654  0  0  8.880  1.039  1.039   0.0923    0.0000    0.0000    0.0000
378     A         B          140           GLY        62.33         654  0  0  8.880  1.039  1.039   0.0949    0.0000    0.0000    0.0000
379     A         B          141           GLY        62.51         654  0  0  8.880  1.039  1.039   0.0965    0.0000    0.0000    0.0000
380     A         B          142           GLY        65.76         654  0  0  8.880  1.039  1.039   0.0990    0.0000    0.0000    0.0000
381     A         B          143           TYR        67.52         654  0  0  8.880  1.039  1.039   0.1027    0.0000    0.0000    0.0000
382     A         B          144           ASN        78.94         654  0  0  8.880  1.039  1.039   0.1063    0.0000    0.0000    0.0000
383     A         B          145           GLN        79.39         654  0  0  8.880  1.039  1.039   0.1071    0.0000    0.0000    0.0000
384     A         B          146           HIS        84.13         654  0  0  8.880  1.039  1.039   0.1090    0.0000    0.0000    0.0000
385     A         B          147           GLN        85.33         654  0  0  8.880  1.039  1.039   0.1083    0.0000    0.0000    0.0000
386     A         B          148           LEU        89.55         654  0  0  8.880  1.039  1.039   0.1093    0.0000    0.0000    0.0000
387     A         B          149           ALA        81.83         654  0  0  8.880  1.039  1.039   0.1069    0.0000    0.0000    0.0000
388     A         B          150           LEU        91.58         654  0  0  8.880  1.039  1.039   0.1094    0.0000    0.0000    0.0000
389     A         B          151           ARG        85.54         654  0  0  8.880  1.039  1.039   0.1049    0.0000    0.0000    0.0000
390     A         B          152           SER        89.72         654  0  0  8.880  1.039  1.039   0.1072    0.0000    0.0000    0.0000
391     A         B          153           ILE        96.04         654  0  0  8.880  1.039  1.039   0.1109    0.0000    0.0000    0.0000
392     A         B          154           GLU        96.02         654  0  0  8.880  1.039  1.039   0.1103    0.0000    0.0000    0.0000
393     A         B          155           LYS        95.76         654  0  0  8.880  1.039  1.039   0.1104    0.0000    0.0000    0.0000
394     A         B          156           GLY        96.46         654  0  0  8.880  1.039  1.039   0.1106    0.0000    0.0000    0.0000
395     A         B          157           ARG        93.62         654  0  0  8.880  1.039  1.039   0.1086    0.0000    0.0000    0.0000
396     A         B          158           TYR        98.22         654  0  0  8.880  1.039  1.039   0.1121    0.0000    0.0000    0.0000
397     A         B          159           ASP        95.88         654  0  0  8.880  1.039  1.039   0.1113    0.0000    0.0000    0.0000
398     A         B          160           LYS        97.50         654  0  0  8.880  1.039  1.039   0.1106    0.0000    0.0000    0.0000
399     A         B          161           VAL        98.56         654  0  0  8.880  1.039  1.039   0.1113    0.0000    0.0000    0.0000
400     A         B          162           MET        98.08         654  0  0  8.880  1.039  1.039   0.1083    0.0000    0.0000    0.0000
401     A         B          163           PRO        98.84         654  0  0  8.880  1.039  1.039   0.1111    0.0000    0.0000    0.0000
402     A         B          164           TYR        98.81         654  0  0  8.880  1.039  1.039   0.1104    0.0000    0.0000    0.0000
403     A         B          165           GLY        98.84         654  0  0  8.880  1.039  1.039   0.1115    0.0000    0.0000    0.0000
404     A         B          166           PRO        98.19         654  0  0  8.880  1.039  1.039   0.1139    0.0000    0.0000    0.0000
405     A         B          167           SER        98.30         654  0  0  8.880  1.039  1.039   0.1143    0.0000    0.0000    0.0000
406     A         B          168           GLY        98.80         654  0  0  8.880  1.039  1.039   0.1150    0.0000    0.0000    0.0000
407     A         B          169           ILE        98.10         654  0  0  8.880  1.039  1.039   0.1137    0.0000    0.0000    0.0000
408     A         B          170           LYS        96.17         654  0  0  8.880  1.039  1.039   0.1122    0.0000    0.0000    0.0000
409     A         B          171           GLN        92.33         654  0  0  8.880  1.039  1.039   0.1110    0.0000    0.0000    0.0000
410     A         B          172           GLY        91.48         654  0  0  8.880  1.039  1.039   0.1108    0.0000    0.0000    0.0000
411     A         B          173           ASP        89.36         654  0  0  8.880  1.039  1.039   0.1090    0.0000    0.0000    0.0000
412     A         B          174           THR        96.79         654  0  0  8.880  1.039  1.039   0.1110    0.0000    0.0000    0.0000
413     A         B          175           LEU        97.88         654  0  0  8.880  1.039  1.039   0.1113    0.0000    0.0000    0.0000
414     A         B          176           TYR        98.60         654  0  0  8.880  1.039  1.039   0.1112    0.0000    0.0000    0.0000
415     A         B          177           PHE        98.92         654  0  0  8.880  1.039  1.039   0.1125    0.0000    0.0000    0.0000
416     A         B          178           PRO        98.95         654  0  0  8.880  1.039  1.039   0.1123    0.0000    0.0000    0.0000
417     A         B          179           ALA        98.91         654  0  0  8.880  1.039  1.039   0.1112    0.0000    0.0000    0.0000
418     A         B          180           VAL        98.85         654  0  0  8.880  1.039  1.039   0.1109    0.0000    0.0000    0.0000
419     A         B          181           GLY        98.78         654  0  0  8.880  1.039  1.039   0.1109    0.0000    0.0000    0.0000
420     A         B          182           PHE        98.02         654  0  0  8.880  1.039  1.039   0.1111    0.0000    0.0000    0.0000
421     A         B          183           LEU        97.71         654  0  0  8.880  1.039  1.039   0.1123    0.0000    0.0000    0.0000
422     A         B          184           VAL        96.16         654  0  0  8.880  1.039  1.039   0.1108    0.0000    0.0000    0.0000
423     A         B          185           ARG        93.63         654  0  0  8.880  1.039  1.039   0.1104    0.0000    0.0000    0.0000
424     A         B          186           THR        92.19         654  0  0  8.880  1.039  1.039   0.1114    0.0000    0.0000    0.0000
425     A         B          187           GLU        94.21         654  0  0  8.880  1.039  1.039   0.1107    0.0000    0.0000    0.0000
426     A         B          188           PHE        96.59         654  0  0  8.880  1.039  1.039   0.1122    0.0000    0.0000    0.0000
427     A         B          189           LYS        91.92         654  0  0  8.880  1.039  1.039   0.1081    0.0000    0.0000    0.0000
428     A         B          190           TYR        95.59         654  0  0  8.880  1.039  1.039   0.1099    0.0000    0.0000    0.0000
429     A         B          191           ASN        93.38         654  0  0  8.880  1.039  1.039   0.1072    0.0000    0.0000    0.0000
430     A         B          192           ASP        91.03         654  0  0  8.880  1.039  1.039   0.1078    0.0000    0.0000    0.0000
431     A         B          193           SER        92.53         654  0  0  8.880  1.039  1.039   0.1077    0.0000    0.0000    0.0000
432     A         B          194           ASN        93.35         654  0  0  8.880  1.039  1.039   0.1095    0.0000    0.0000    0.0000
433     A         B          195           CYS        95.06         654  0  0  8.880  1.039  1.039   0.1098    0.0000    0.0000    0.0000
434     A         B          196           PRO        90.78         654  0  0  8.880  1.039  1.039   0.1076    0.0000    0.0000    0.0000
435     A         B          197           ILE        92.52         654  0  0  8.880  1.039  1.039   0.1082    0.0000    0.0000    0.0000
436     A         B          198           THR        88.98         654  0  0  8.880  1.039  1.039   0.1050    0.0000    0.0000    0.0000
437     A         B          199           LYS        85.34         654  0  0  8.880  1.039  1.039   0.1058    0.0000    0.0000    0.0000
438     A         B          200           CYS        90.15         654  0  0  8.880  1.039  1.039   0.1096    0.0000    0.0000    0.0000
439     A         B          201           GLN        82.44         654  0  0  8.880  1.039  1.039   0.1060    0.0000    0.0000    0.0000
440     A         B          202           TYR        84.43         654  0  0  8.880  1.039  1.039   0.1094    0.0000    0.0000    0.0000
441     A         B          203           SER        91.37         654  0  0  8.880  1.039  1.039   0.1095    0.0000    0.0000    0.0000
442     A         B          204           LYS        91.66         654  0  0  8.880  1.039  1.039   0.1099    0.0000    0.0000    0.0000
443     A         B          205           PRO        94.44         654  0  0  8.880  1.039  1.039   0.1084    0.0000    0.0000    0.0000
444     A         B          206           GLU        93.41         654  0  0  8.880  1.039  1.039   0.1105    0.0000    0.0000    0.0000
445     A         B          207           ASN        94.50         654  0  0  8.880  1.039  1.039   0.1112    0.0000    0.0000    0.0000
446     A         B          208           CYS        96.27         654  0  0  8.880  1.039  1.039   0.1136    0.0000    0.0000    0.0000
447     A         B          209           ARG        95.72         654  0  0  8.880  1.039  1.039   0.1100    0.0000    0.0000    0.0000
448     A         B          210           LEU        94.62         654  0  0  8.880  1.039  1.039   0.1118    0.0000    0.0000    0.0000
449     A         B          211           SER        95.70         654  0  0  8.880  1.039  1.039   0.1116    0.0000    0.0000    0.0000
450     A         B          212           MET        97.09         654  0  0  8.880  1.039  1.039   0.1121    0.0000    0.0000    0.0000
451     A         B          213           GLY        96.10         654  0  0  8.880  1.039  1.039   0.1104    0.0000    0.0000    0.0000
452     A         B          214           ILE        93.77         654  0  0  8.880  1.039  1.039   0.1120    0.0000    0.0000    0.0000
453     A         B          215           ARG        88.37         654  0  0  8.880  1.039  1.039   0.1095    0.0000    0.0000    0.0000
454     A         B          216           PRO        87.48         654  0  0  8.880  1.039  1.039   0.1106    0.0000    0.0000    0.0000
455     A         B          217           ASN        84.22         654  0  0  8.880  1.039  1.039   0.1097    0.0000    0.0000    0.0000
456     A         B          218           SER        92.36         654  0  0  8.880  1.039  1.039   0.1102    0.0000    0.0000    0.0000
457     A         B          219           HIS        93.85         654  0  0  8.880  1.039  1.039   0.1117    0.0000    0.0000    0.0000
458     A         B          220           TYR        97.04         654  0  0  8.880  1.039  1.039   0.1103    0.0000    0.0000    0.0000
459     A         B          221           ILE        97.69         654  0  0  8.880  1.039  1.039   0.1109    0.0000    0.0000    0.0000
460     A         B          222           LEU        98.28         654  0  0  8.880  1.039  1.039   0.1105    0.0000    0.0000    0.0000
461     A         B          223           ARG        98.53         654  0  0  8.880  1.039  1.039   0.1098    0.0000    0.0000    0.0000
462     A         B          224           SER        98.63         654  0  0  8.880  1.039  1.039   0.1114    0.0000    0.0000    0.0000
463     A         B          225           GLY        98.82         654  0  0  8.880  1.039  1.039   0.1112    0.0000    0.0000    0.0000
464     A         B          226           LEU        98.69         654  0  0  8.880  1.039  1.039   0.1121    0.0000    0.0000    0.0000
465     A         B          227           LEU        98.77         654  0  0  8.880  1.039  1.039   0.1129    0.0000    0.0000    0.0000
466     A         B          228           LYS        97.76         654  0  0  8.880  1.039  1.039   0.1099    0.0000    0.0000    0.0000
467     A         B          229           TYR        96.84         654  0  0  8.880  1.039  1.039   0.1111    0.0000    0.0000    0.0000
468     A         B          230           ASN        94.11         654  0  0  8.880  1.039  1.039   0.1102    0.0000    0.0000    0.0000
469     A         B          231           LEU        91.35         654  0  0  8.880  1.039  1.039   0.1099    0.0000    0.0000    0.0000
470     A         B          232           SER        87.97         654  0  0  8.880  1.039  1.039   0.1079    0.0000    0.0000    0.0000
471     A         B          233           ASP        78.35         654  0  0  8.880  1.039  1.039   0.1047    0.0000    0.0000    0.0000
472     A         B          234           GLY        75.58         654  0  0  8.880  1.039  1.039   0.0972    0.0000    0.0000    0.0000
473     A         B          235           GLU        68.59         654  0  0  8.880  1.039  1.039   0.1006    0.0000    0.0000    0.0000
474     A         B          236           ASN        73.61         654  0  0  8.880  1.039  1.039   0.1032    0.0000    0.0000    0.0000
475     A         B          237           PRO        84.98         654  0  0  8.880  1.039  1.039   0.1073    0.0000    0.0000    0.0000
476     A         B          238           LYS        91.36         654  0  0  8.880  1.039  1.039   0.1098    0.0000    0.0000    0.0000
477     A         B          239           VAL        96.84         654  0  0  8.880  1.039  1.039   0.1120    0.0000    0.0000    0.0000
478     A         B          240           VAL        97.48         654  0  0  8.880  1.039  1.039   0.1104    0.0000    0.0000    0.0000
479     A         B          241           PHE        98.44         654  0  0  8.880  1.039  1.039   0.1130    0.0000    0.0000    0.0000
480     A         B          242           ILE        98.39         654  0  0  8.880  1.039  1.039   0.1114    0.0000    0.0000    0.0000
481     A         B          243           GLU        97.75         654  0  0  8.880  1.039  1.039   0.1133    0.0000    0.0000    0.0000
482     A         B          244           ILE        98.00         654  0  0  8.880  1.039  1.039   0.1127    0.0000    0.0000    0.0000
483     A         B          245           SER        94.28         654  0  0  8.880  1.039  1.039   0.1082    0.0000    0.0000    0.0000
484     A         B          246           ASP        91.00         654  0  0  8.880  1.039  1.039   0.1094    0.0000    0.0000    0.0000
485     A         B          247           GLN        91.46         654  0  0  8.880  1.039  1.039   0.1106    0.0000    0.0000    0.0000
486     A         B          248           ARG        92.15         654  0  0  8.880  1.039  1.039   0.1097    0.0000    0.0000    0.0000
487     A         B          249           LEU        95.50         654  0  0  8.880  1.039  1.039   0.1112    0.0000    0.0000    0.0000
488     A         B          250           SER        97.28         654  0  0  8.880  1.039  1.039   0.1115    0.0000    0.0000    0.0000
489     A         B          251           ILE        97.90         654  0  0  8.880  1.039  1.039   0.1110    0.0000    0.0000    0.0000
490     A         B          252           GLY        98.60         654  0  0  8.880  1.039  1.039   0.1098    0.0000    0.0000    0.0000
491     A         B          253           SER        98.45         654  0  0  8.880  1.039  1.039   0.1100    0.0000    0.0000    0.0000
492     A         B          254           PRO        98.58         654  0  0  8.880  1.039  1.039   0.1129    0.0000    0.0000    0.0000
493     A         B          255           SER        98.82         654  0  0  8.880  1.039  1.039   0.1125    0.0000    0.0000    0.0000
494     A         B          256           LYS        98.90         654  0  0  8.880  1.039  1.039   0.1132    0.0000    0.0000    0.0000
495     A         B          257           ILE        98.85         654  0  0  8.880  1.039  1.039   0.1134    0.0000    0.0000    0.0000
496     A         B          258           TYR        98.63         654  0  0  8.880  1.039  1.039   0.1126    0.0000    0.0000    0.0000
497     A         B          259           ASP        96.09         654  0  0  8.880  1.039  1.039   0.1123    0.0000    0.0000    0.0000
498     A         B          260           SER        97.49         654  0  0  8.880  1.039  1.039   0.1118    0.0000    0.0000    0.0000
499     A         B          261           LEU        94.62         654  0  0  8.880  1.039  1.039   0.1135    0.0000    0.0000    0.0000
500     A         B          262           GLY        95.13         654  0  0  8.880  1.039  1.039   0.1092    0.0000    0.0000    0.0000
501     A         B          263           GLN        94.28         654  0  0  8.880  1.039  1.039   0.1105    0.0000    0.0000    0.0000
502     A         B          264           PRO        97.48         654  0  0  8.880  1.039  1.039   0.1137    0.0000    0.0000    0.0000
503     A         B          265           VAL        98.48         654  0  0  8.880  1.039  1.039   0.1134    0.0000    0.0000    0.0000
504     A         B          266           PHE        98.74         654  0  0  8.880  1.039  1.039   0.1111    0.0000    0.0000    0.0000
505     A         B          267           TYR        98.93         654  0  0  8.880  1.039  1.039   0.1117    0.0000    0.0000    0.0000
506     A         B          268           GLN        98.84         654  0  0  8.880  1.039  1.039   0.1098    0.0000    0.0000    0.0000
507     A         B          269           ALA        98.59         654  0  0  8.880  1.039  1.039   0.1113    0.0000    0.0000    0.0000
508     A         B          270           SER        97.85         654  0  0  8.880  1.039  1.039   0.1102    0.0000    0.0000    0.0000
509     A         B          271           PHE        97.41         654  0  0  8.880  1.039  1.039   0.1110    0.0000    0.0000    0.0000
510     A         B          272           SER        96.43         654  0  0  8.880  1.039  1.039   0.1090    0.0000    0.0000    0.0000
511     A         B          273           TRP        96.10         654  0  0  8.880  1.039  1.039   0.1109    0.0000    0.0000    0.0000
512     A         B          274           ASP        97.20         654  0  0  8.880  1.039  1.039   0.1119    0.0000    0.0000    0.0000
513     A         B          275           THR        95.24         654  0  0  8.880  1.039  1.039   0.1105    0.0000    0.0000    0.0000
514     A         B          276           MET        95.84         654  0  0  8.880  1.039  1.039   0.1092    0.0000    0.0000    0.0000
515     A         B          277           ILE        98.57         654  0  0  8.880  1.039  1.039   0.1109    0.0000    0.0000    0.0000
516     A         B          278           LYS        98.29         654  0  0  8.880  1.039  1.039   0.1103    0.0000    0.0000    0.0000
517     A         B          279           PHE        98.67         654  0  0  8.880  1.039  1.039   0.1136    0.0000    0.0000    0.0000
518     A         B          280           GLY        97.97         654  0  0  8.880  1.039  1.039   0.1139    0.0000    0.0000    0.0000
519     A         B          281           ASP        96.66         654  0  0  8.880  1.039  1.039   0.1125    0.0000    0.0000    0.0000
520     A         B          282           VAL        97.20         654  0  0  8.880  1.039  1.039   0.1135    0.0000    0.0000    0.0000
521     A         B          283           LEU        93.54         654  0  0  8.880  1.039  1.039   0.1131    0.0000    0.0000    0.0000
522     A         B          284           THR        94.66         654  0  0  8.880  1.039  1.039   0.1098    0.0000    0.0000    0.0000
523     A         B          285           VAL        95.61         654  0  0  8.880  1.039  1.039   0.1134    0.0000    0.0000    0.0000
524     A         B          286           ASN        94.61         654  0  0  8.880  1.039  1.039   0.1116    0.0000    0.0000    0.0000
525     A         B          287           PRO        94.99         654  0  0  8.880  1.039  1.039   0.1109    0.0000    0.0000    0.0000
526     A         B          288           LEU        97.79         654  0  0  8.880  1.039  1.039   0.1139    0.0000    0.0000    0.0000
527     A         B          289           VAL        96.15         654  0  0  8.880  1.039  1.039   0.1117    0.0000    0.0000    0.0000
528     A         B          290           VAL        97.86         654  0  0  8.880  1.039  1.039   0.1133    0.0000    0.0000    0.0000
529     A         B          291           ASN        96.51         654  0  0  8.880  1.039  1.039   0.1117    0.0000    0.0000    0.0000
530     A         B          292           TRP        97.70         654  0  0  8.880  1.039  1.039   0.1132    0.0000    0.0000    0.0000
531     A         B          293           ARG        97.79         654  0  0  8.880  1.039  1.039   0.1112    0.0000    0.0000    0.0000
532     A         B          294           ASN        94.21         654  0  0  8.880  1.039  1.039   0.1092    0.0000    0.0000    0.0000
533     A         B          295           ASN        97.11         654  0  0  8.880  1.039  1.039   0.1110    0.0000    0.0000    0.0000
534     A         B          296           THR        92.92         654  0  0  8.880  1.039  1.039   0.1102    0.0000    0.0000    0.0000
535     A         B          297           VAL        95.55         654  0  0  8.880  1.039  1.039   0.1110    0.0000    0.0000    0.0000
536     A         B          298           ILE        97.91         654  0  0  8.880  1.039  1.039   0.1122    0.0000    0.0000    0.0000
537     A         B          299           SER        96.25         654  0  0  8.880  1.039  1.039   0.1104    0.0000    0.0000    0.0000
538     A         B          300           ARG        97.48         654  0  0  8.880  1.039  1.039   0.1119    0.0000    0.0000    0.0000
539     A         B          301           PRO        92.88         654  0  0  8.880  1.039  1.039   0.1124    0.0000    0.0000    0.0000
540     A         B          302           GLY        89.42         654  0  0  8.880  1.039  1.039   0.1100    0.0000    0.0000    0.0000
541     A         B          303           GLN        77.89         654  0  0  8.880  1.039  1.039   0.1100    0.0000    0.0000    0.0000
542     A         B          304           SER        71.51         654  0  0  8.880  1.039  1.039   0.1104    0.0000    0.0000    0.0000
543     A         B          305           GLN        80.03         654  0  0  8.880  1.039  1.039   0.1108    0.0000    0.0000    0.0000
544     A         B          306           CYS        91.28         654  0  0  8.880  1.039  1.039   0.1120    0.0000    0.0000    0.0000
545     A         B          307           PRO        88.39         654  0  0  8.880  1.039  1.039   0.1092    0.0000    0.0000    0.0000
546     A         B          308           ARG        92.29         654  0  0  8.880  1.039  1.039   0.1108    0.0000    0.0000    0.0000
547     A         B          309           PHE        90.48         654  0  0  8.880  1.039  1.039   0.1107    0.0000    0.0000    0.0000
548     A         B          310           ASN        89.44         654  0  0  8.880  1.039  1.039   0.1094    0.0000    0.0000    0.0000
549     A         B          311           THR        91.04         654  0  0  8.880  1.039  1.039   0.1098    0.0000    0.0000    0.0000
550     A         B          312           CYS        93.37         654  0  0  8.880  1.039  1.039   0.1113    0.0000    0.0000    0.0000
551     A         B          313           PRO        95.40         654  0  0  8.880  1.039  1.039   0.1122    0.0000    0.0000    0.0000
552     A         B          314           GLU        89.88         654  0  0  8.880  1.039  1.039   0.1109    0.0000    0.0000    0.0000
553     A         B          315           ILE        90.80         654  0  0  8.880  1.039  1.039   0.1114    0.0000    0.0000    0.0000
554     A         B          316           CYS        90.61         654  0  0  8.880  1.039  1.039   0.1115    0.0000    0.0000    0.0000
555     A         B          317           TRP        93.11         654  0  0  8.880  1.039  1.039   0.1114    0.0000    0.0000    0.0000
556     A         B          318           GLU        92.30         654  0  0  8.880  1.039  1.039   0.1118    0.0000    0.0000    0.0000
557     A         B          319           GLY        95.39         654  0  0  8.880  1.039  1.039   0.1096    0.0000    0.0000    0.0000
558     A         B          320           VAL        95.56         654  0  0  8.880  1.039  1.039   0.1113    0.0000    0.0000    0.0000
559     A         B          321           TYR        98.13         654  0  0  8.880  1.039  1.039   0.1097    0.0000    0.0000    0.0000
560     A         B          322           ASN        98.66         654  0  0  8.880  1.039  1.039   0.1096    0.0000    0.0000    0.0000
561     A         B          323           ASP        98.41         654  0  0  8.880  1.039  1.039   0.1139    0.0000    0.0000    0.0000
562     A         B          324           ALA        98.69         654  0  0  8.880  1.039  1.039   0.1106    0.0000    0.0000    0.0000
563     A         B          325           PHE        98.86         654  0  0  8.880  1.039  1.039   0.1125    0.0000    0.0000    0.0000
564     A         B          326           LEU        98.41         654  0  0  8.880  1.039  1.039   0.1114    0.0000    0.0000    0.0000
565     A         B          327           ILE        98.24         654  0  0  8.880  1.039  1.039   0.1121    0.0000    0.0000    0.0000
566     A         B          328           ASP        96.92         654  0  0  8.880  1.039  1.039   0.1126    0.0000    0.0000    0.0000
567     A         B          329           ARG        95.85         654  0  0  8.880  1.039  1.039   0.1106    0.0000    0.0000    0.0000
568     A         B          330           ILE        93.86         654  0  0  8.880  1.039  1.039   0.1112    0.0000    0.0000    0.0000
569     A         B          331           ASN        96.21         654  0  0  8.880  1.039  1.039   0.1113    0.0000    0.0000    0.0000
570     A         B          332           TRP        97.86         654  0  0  8.880  1.039  1.039   0.1115    0.0000    0.0000    0.0000
571     A         B          333           ILE        98.32         654  0  0  8.880  1.039  1.039   0.1120    0.0000    0.0000    0.0000
572     A         B          334           SER        98.77         654  0  0  8.880  1.039  1.039   0.1111    0.0000    0.0000    0.0000
573     A         B          335           ALA        98.82         654  0  0  8.880  1.039  1.039   0.1104    0.0000    0.0000    0.0000
574     A         B          336           GLY        98.90         654  0  0  8.880  1.039  1.039   0.1120    0.0000    0.0000    0.0000
575     A         B          337           VAL        98.76         654  0  0  8.880  1.039  1.039   0.1110    0.0000    0.0000    0.0000
576     A         B          338           PHE        98.18         654  0  0  8.880  1.039  1.039   0.1105    0.0000    0.0000    0.0000
577     A         B          339           LEU        95.13         654  0  0  8.880  1.039  1.039   0.1117    0.0000    0.0000    0.0000
578     A         B          340           ASP        92.12         654  0  0  8.880  1.039  1.039   0.1104    0.0000    0.0000    0.0000
579     A         B          341           SER        87.67         654  0  0  8.880  1.039  1.039   0.1100    0.0000    0.0000    0.0000
580     A         B          342           ASN        84.60         654  0  0  8.880  1.039  1.039   0.1105    0.0000    0.0000    0.0000
581     A         B          343           GLN        79.54         654  0  0  8.880  1.039  1.039   0.1108    0.0000    0.0000    0.0000
582     A         B          344           THR        82.78         654  0  0  8.880  1.039  1.039   0.1117    0.0000    0.0000    0.0000
583     A         B          345           ALA        88.01         654  0  0  8.880  1.039  1.039   0.1113    0.0000    0.0000    0.0000
584     A         B          346           GLU        84.65         654  0  0  8.880  1.039  1.039   0.1108    0.0000    0.0000    0.0000
585     A         B          347           ASN        92.28         654  0  0  8.880  1.039  1.039   0.1114    0.0000    0.0000    0.0000
586     A         B          348           PRO        95.92         654  0  0  8.880  1.039  1.039   0.1131    0.0000    0.0000    0.0000
587     A         B          349           VAL        97.30         654  0  0  8.880  1.039  1.039   0.1118    0.0000    0.0000    0.0000
588     A         B          350           PHE        98.58         654  0  0  8.880  1.039  1.039   0.1117    0.0000    0.0000    0.0000
589     A         B          351           THR        97.76         654  0  0  8.880  1.039  1.039   0.1118    0.0000    0.0000    0.0000
590     A         B          352           VAL        98.61         654  0  0  8.880  1.039  1.039   0.1119    0.0000    0.0000    0.0000
591     A         B          353           PHE        97.98         654  0  0  8.880  1.039  1.039   0.1116    0.0000    0.0000    0.0000
592     A         B          354           LYS        97.77         654  0  0  8.880  1.039  1.039   0.1106    0.0000    0.0000    0.0000
593     A         B          355           ASP        96.80         654  0  0  8.880  1.039  1.039   0.1121    0.0000    0.0000    0.0000
594     A         B          356           ASN        93.71         654  0  0  8.880  1.039  1.039   0.1091    0.0000    0.0000    0.0000
595     A         B          357           GLU        94.60         654  0  0  8.880  1.039  1.039   0.1086    0.0000    0.0000    0.0000
596     A         B          358           ILE        95.33         654  0  0  8.880  1.039  1.039   0.1105    0.0000    0.0000    0.0000
597     A         B          359           LEU        97.32         654  0  0  8.880  1.039  1.039   0.1118    0.0000    0.0000    0.0000
598     A         B          360           TYR        97.04         654  0  0  8.880  1.039  1.039   0.1094    0.0000    0.0000    0.0000
599     A         B          361           ARG        94.45         654  0  0  8.880  1.039  1.039   0.1074    0.0000    0.0000    0.0000
600     A         B          362           ALA        97.09         654  0  0  8.880  1.039  1.039   0.1112    0.0000    0.0000    0.0000
601     A         B          363           GLN        93.96         654  0  0  8.880  1.039  1.039   0.1084    0.0000    0.0000    0.0000
602     A         B          364           LEU        96.17         654  0  0  8.880  1.039  1.039   0.1125    0.0000    0.0000    0.0000
603     A         B          365           ALA        88.50         654  0  0  8.880  1.039  1.039   0.1107    0.0000    0.0000    0.0000
604     A         B          366           SER        81.92         654  0  0  8.880  1.039  1.039   0.1097    0.0000    0.0000    0.0000
605     A         B          367           GLU        80.87         654  0  0  8.880  1.039  1.039   0.1112    0.0000    0.0000    0.0000
606     A         B          368           ASP        73.89         654  0  0  8.880  1.039  1.039   0.1109    0.0000    0.0000    0.0000
607     A         B          369           THR        84.23         654  0  0  8.880  1.039  1.039   0.1104    0.0000    0.0000    0.0000
608     A         B          370           ASN        80.18         654  0  0  8.880  1.039  1.039   0.1099    0.0000    0.0000    0.0000
609     A         B          371           ALA        91.09         654  0  0  8.880  1.039  1.039   0.1115    0.0000    0.0000    0.0000
610     A         B          372           GLN        89.95         654  0  0  8.880  1.039  1.039   0.1106    0.0000    0.0000    0.0000
611     A         B          373           LYS        94.84         654  0  0  8.880  1.039  1.039   0.1121    0.0000    0.0000    0.0000
612     A         B          374           THR        98.23         654  0  0  8.880  1.039  1.039   0.1126    0.0000    0.0000    0.0000
613     A         B          375           ILE        98.67         654  0  0  8.880  1.039  1.039   0.1124    0.0000    0.0000    0.0000
614     A         B          376           THR        98.90         654  0  0  8.880  1.039  1.039   0.1126    0.0000    0.0000    0.0000
615     A         B          377           ASN        98.51         654  0  0  8.880  1.039  1.039   0.1129    0.0000    0.0000    0.0000
616     A         B          378           CYS        98.58         654  0  0  8.880  1.039  1.039   0.1129    0.0000    0.0000    0.0000
617     A         B          379           PHE        97.37         654  0  0  8.880  1.039  1.039   0.1120    0.0000    0.0000    0.0000
618     A         B          380           LEU        95.79         654  0  0  8.880  1.039  1.039   0.1104    0.0000    0.0000    0.0000
619     A         B          381           LEU        93.36         654  0  0  8.880  1.039  1.039   0.1108    0.0000    0.0000    0.0000
620     A         B          382           LYS        88.01         654  0  0  8.880  1.039  1.039   0.1084    0.0000    0.0000    0.0000
621     A         B          383           ASN        92.61         654  0  0  8.880  1.039  1.039   0.1074    0.0000    0.0000    0.0000
622     A         B          384           LYS        94.11         654  0  0  8.880  1.039  1.039   0.1097    0.0000    0.0000    0.0000
623     A         B          385           ILE        97.48         654  0  0  8.880  1.039  1.039   0.1110    0.0000    0.0000    0.0000
624     A         B          386           TRP        97.22         654  0  0  8.880  1.039  1.039   0.1110    0.0000    0.0000    0.0000
625     A         B          387           CYS        98.57         654  0  0  8.880  1.039  1.039   0.1124    0.0000    0.0000    0.0000
626     A         B          388           ILE        96.86         654  0  0  8.880  1.039  1.039   0.1106    0.0000    0.0000    0.0000
627     A         B          389           SER        98.23         654  0  0  8.880  1.039  1.039   0.1106    0.0000    0.0000    0.0000
628     A         B          390           LEU        96.24         654  0  0  8.880  1.039  1.039   0.1127    0.0000    0.0000    0.0000
629     A         B          391           VAL        96.15         654  0  0  8.880  1.039  1.039   0.1117    0.0000    0.0000    0.0000
630     A         B          392           GLU        90.34         654  0  0  8.880  1.039  1.039   0.1133    0.0000    0.0000    0.0000
631     A         B          393           ILE        88.91         654  0  0  8.880  1.039  1.039   0.1109    0.0000    0.0000    0.0000
632     A         B          394           TYR        72.91         654  0  0  8.880  1.039  1.039   0.1101    0.0000    0.0000    0.0000
633     A         B          395           ASP        62.13         654  0  0  8.880  1.039  1.039   0.1098    0.0000    0.0000    0.0000
634     A         B          396           THR        53.74         654  0  0  8.880  1.039  1.039   0.1068    0.0000    0.0000    0.0000
635     A         B          397           GLY        53.56         654  0  0  8.880  1.039  1.039   0.1069    0.0000    0.0000    0.0000
636     A         B          398           ASP        53.67         654  0  0  8.880  1.039  1.039   0.1086    0.0000    0.0000    0.0000
637     A         B          399           ASN        56.89         654  0  0  8.880  1.039  1.039   0.1086    0.0000    0.0000    0.0000
638     A         B          400           VAL        65.97         654  0  0  8.880  1.039  1.039   0.1091    0.0000    0.0000    0.0000
639     A         B          401           ILE        71.94         654  0  0  8.880  1.039  1.039   0.1100    0.0000    0.0000    0.0000
640     A         B          402           ARG        79.35         654  0  0  8.880  1.039  1.039   0.1098    0.0000    0.0000    0.0000
641     A         B          403           PRO        88.99         654  0  0  8.880  1.039  1.039   0.1131    0.0000    0.0000    0.0000
642     A         B          404           LYS        90.51         654  0  0  8.880  1.039  1.039   0.1106    0.0000    0.0000    0.0000
643     A         B          405           LEU        92.55         654  0  0  8.880  1.039  1.039   0.1119    0.0000    0.0000    0.0000
644     A         B          406           PHE        96.32         654  0  0  8.880  1.039  1.039   0.1105    0.0000    0.0000    0.0000
645     A         B          407           ALA        95.19         654  0  0  8.880  1.039  1.039   0.1119    0.0000    0.0000    0.0000
646     A         B          408           VAL        97.92         654  0  0  8.880  1.039  1.039   0.1114    0.0000    0.0000    0.0000
647     A         B          409           LYS        96.13         654  0  0  8.880  1.039  1.039   0.1100    0.0000    0.0000    0.0000
648     A         B          410           ILE        97.89         654  0  0  8.880  1.039  1.039   0.1121    0.0000    0.0000    0.0000
649     A         B          411           PRO        95.14         654  0  0  8.880  1.039  1.039   0.1098    0.0000    0.0000    0.0000
650     A         B          412           GLU        91.41         654  0  0  8.880  1.039  1.039   0.1054    0.0000    0.0000    0.0000
651     A         B          413           GLN        89.22         654  0  0  8.880  1.039  1.039   0.0972    0.0000    0.0000    0.0000
652     A         B          414           CYS        91.26         654  0  0  8.880  1.039  1.039   0.0971    0.0000    0.0000    0.0000
653     A         B          415           THR        80.75         654  0  0  8.880  1.039  1.039   0.0863    0.0000    0.0000    0.0000
654     A         B          416           HIS        62.59         654  0  0  8.880  1.039  1.039   0.0809    0.0000    0.0000    0.0000
1       B         A            1           GLU        83.23         654  148  0  8.880  4.530  1.039   0.1052    0.0000    0.0000    0.0000
2       B         A            2           VAL        92.37         654  148  0  8.880  4.530  1.039   0.1318    0.0000    0.0000    0.0000
3       B         A            3           GLN        95.96         654  148  0  8.880  4.530  1.039   0.1330    0.0000    0.0000    0.0000
4       B         A            4           LEU        98.53         654  148  2  8.880  4.530  1.039   0.1394    0.2673    0.0867    0.0050
5       B         A            5           VAL        98.60         654  148  2  8.880  4.530  1.039   0.1433    0.2729    0.0890    0.0051
6       B         A            6           GLU        98.31         654  148  0  8.880  4.530  1.039   0.1386    0.0000    0.0000    0.0000
7       B         A            7           SER        98.58         654  148  2  8.880  4.530  1.039   0.1411    0.2653    0.0859    0.0049
8       B         A            8           GLY        98.72         654  148  0  8.880  4.530  1.039   0.1379    0.0000    0.0000    0.0000
9       B         A            9           GLY        98.22         654  148  0  8.880  4.530  1.039   0.1350    0.0000    0.0000    0.0000
10      B         A           10           GLY        96.71         654  148  0  8.880  4.530  1.039   0.1375    0.0000    0.0000    0.0000
11      B         A           11           LEU        93.81         654  148  0  8.880  4.530  1.039   0.1357    0.0000    0.0000    0.0000
12      B         A           12           VAL        94.21         654  148  0  8.880  4.530  1.039   0.1342    0.0000    0.0000    0.0000
13      B         A           13           GLN        91.65         654  148  0  8.880  4.530  1.039   0.1323    0.0000    0.0000    0.0000
14      B         A           14           PRO        92.26         654  148  0  8.880  4.530  1.039   0.1374    0.0000    0.0000    0.0000
15      B         A           15           GLY        95.38         654  148  0  8.880  4.530  1.039   0.1397    0.0000    0.0000    0.0000
16      B         A           16           GLY        96.99         654  148  1  8.880  4.530  1.039   0.1415    0.2615    0.0843    0.0048
17      B         A           17           SER        97.99         654  148  0  8.880  4.530  1.039   0.1383    0.0000    0.0000    0.0000
18      B         A           18           LEU        98.40         654  148  4  8.880  4.530  1.039   0.1441    0.2650    0.0858    0.0049
19      B         A           19           ARG        98.71         654  148  4  8.880  4.530  1.039   0.1433    0.2735    0.0892    0.0051
20      B         A           20           LEU        98.96         654  148  5  8.880  4.530  1.039   0.1437    0.2699    0.0878    0.0050
21      B         A           21           SER        98.39         654  148  7  8.880  4.530  1.039   0.1439    0.2729    0.0890    0.0051
22      B         A           22           CYS        98.76         654  148  2  8.880  4.530  1.039   0.1420    0.2725    0.0888    0.0051
23      B         A           23           ALA        98.71         654  148  5  8.880  4.530  1.039   0.1435    0.2708    0.0881    0.0051
24      B         A           24           ALA        97.43         654  148  2  8.880  4.530  1.039   0.1369    0.2689    0.0873    0.0050
25      B         A           25           SER        97.05         654  148  5  8.880  4.530  1.039   0.1426    0.2746    0.0897    0.0052
26      B         A           26           GLY        91.54         654  148  4  8.880  4.530  1.039   0.1413    0.2684    0.0872    0.0050
27      B         A           27           PHE        88.75         654  148  3  8.880  4.530  1.039   0.1386    0.2764    0.0904    0.0052
28      B         A           28           THR        74.18         654  148  4  8.880  4.530  1.039   0.1385    0.2740    0.0894    0.0051
29      B         A           29           PHE        91.28         654  148  5  8.880  4.530  1.039   0.1386    0.2735    0.0893    0.0051
30      B         A           30           SER        78.59         654  148  3  8.880  4.530  1.039   0.1358    0.2746    0.0897    0.0052
31      B         A           31           SER        64.89         654  148  3  8.880  4.530  1.039   0.1366    0.2674    0.0867    0.0050
32      B         A           32           TYR        81.98         654  148  4  8.880  4.530  1.039   0.1389    0.2742    0.0895    0.0051
33      B         A           33           TRP        80.31         654  148  5  8.880  4.530  1.039   0.1389    0.2752    0.0899    0.0052
34      B         A           34           MET        95.13         654  148  3  8.880  4.530  1.039   0.1375    0.2667    0.0865    0.0050
35      B         A           35           ASN        95.77         654  148  3  8.880  4.530  1.039   0.1395    0.2687    0.0873    0.0050
36      B         A           36           TRP        98.86         654  148  5  8.880  4.530  1.039   0.1457    0.2704    0.0880    0.0050
37      B         A           37           VAL        98.20         654  148  5  8.880  4.530  1.039   0.1451    0.2704    0.0880    0.0050
38      B         A           38           ARG        97.61         654  148  5  8.880  4.530  1.039   0.1453    0.2695    0.0876    0.0050
39      B         A           39           GLN        97.53         654  148  3  8.880  4.530  1.039   0.1443    0.2677    0.0868    0.0050
40      B         A           40           ALA        93.43         654  148  3  8.880  4.530  1.039   0.1464    0.2670    0.0866    0.0050
41      B         A           41           PRO        90.83         654  148  0  8.880  4.530  1.039   0.1377    0.0000    0.0000    0.0000
42      B         A           42           GLY        93.13         654  148  0  8.880  4.530  1.039   0.1341    0.0000    0.0000    0.0000
43      B         A           43           LYS        93.05         654  148  0  8.880  4.530  1.039   0.1406    0.0000    0.0000    0.0000
44      B         A           44           GLY        96.50         654  148  4  8.880  4.530  1.039   0.1433    0.2652    0.0858    0.0049
45      B         A           45           LEU        97.58         654  148  3  8.880  4.530  1.039   0.1432    0.2677    0.0868    0.0050
46      B         A           46           GLU        93.84         654  148  3  8.880  4.530  1.039   0.1440    0.2695    0.0876    0.0050
47      B         A           47           TRP        94.76         654  148  3  8.880  4.530  1.039   0.1423    0.2676    0.0868    0.0050
48      B         A           48           VAL        97.41         654  148  2  8.880  4.530  1.039   0.1435    0.2691    0.0874    0.0050
49      B         A           49           ALA        96.49         654  148  4  8.880  4.530  1.039   0.1403    0.2680    0.0870    0.0050
50      B         A           50           ASN        85.34         654  148  3  8.880  4.530  1.039   0.1401    0.2677    0.0868    0.0050
51      B         A           51           ILE        92.58         654  148  3  8.880  4.530  1.039   0.1363    0.2693    0.0875    0.0050
52      B         A           52           ASN        74.83         654  148  0  8.880  4.530  1.039   0.1338    0.0000    0.0000    0.0000
53      B         A           53           GLN        74.51         654  148  0  8.880  4.530  1.039   0.1336    0.0000    0.0000    0.0000
54      B         A           54           ASP        67.47         654  148  0  8.880  4.530  1.039   0.1334    0.0000    0.0000    0.0000
55      B         A           55           GLY        84.25         654  148  0  8.880  4.530  1.039   0.1327    0.0000    0.0000    0.0000
56      B         A           56           GLY        76.81         654  148  0  8.880  4.530  1.039   0.1359    0.0000    0.0000    0.0000
57      B         A           57           GLU        70.82         654  148  4  8.880  4.530  1.039   0.1403    0.2678    0.0869    0.0050
58      B         A           58           LYS        87.82         654  148  1  8.880  4.530  1.039   0.1351    0.2633    0.0851    0.0049
59      B         A           59           TYR        83.56         654  148  5  8.880  4.530  1.039   0.1397    0.2674    0.0867    0.0050
60      B         A           60           TYR        93.81         654  148  4  8.880  4.530  1.039   0.1392    0.2674    0.0867    0.0050
61      B         A           61           VAL        89.75         654  148  2  8.880  4.530  1.039   0.1416    0.2671    0.0866    0.0050
62      B         A           62           ASP        83.84         654  148  2  8.880  4.530  1.039   0.1402    0.2662    0.0862    0.0049
63      B         A           63           SER        90.00         654  148  0  8.880  4.530  1.039   0.1389    0.0000    0.0000    0.0000
64      B         A           64           VAL        95.55         654  148  0  8.880  4.530  1.039   0.1386    0.0000    0.0000    0.0000
65      B         A           65           LYS        89.25         654  148  0  8.880  4.530  1.039   0.1347    0.0000    0.0000    0.0000
66      B         A           66           GLY        95.82         654  148  2  8.880  4.530  1.039   0.1390    0.2627    0.0848    0.0049
67      B         A           67           ARG        97.17         654  148  2  8.880  4.530  1.039   0.1401    0.2637    0.0853    0.0049
68      B         A           68           PHE        98.49         654  148  5  8.880  4.530  1.039   0.1433    0.2693    0.0875    0.0050
69      B         A           69           THR        98.33         654  148  4  8.880  4.530  1.039   0.1408    0.2775    0.0909    0.0052
70      B         A           70           ILE        98.18         654  148  5  8.880  4.530  1.039   0.1394    0.2721    0.0887    0.0051
71      B         A           71           SER        97.53         654  148  6  8.880  4.530  1.039   0.1395    0.2751    0.0899    0.0052
72      B         A           72           ARG        95.18         654  148  2  8.880  4.530  1.039   0.1344    0.2702    0.0878    0.0050
73      B         A           73           ASP        97.48         654  148  5  8.880  4.530  1.039   0.1396    0.2730    0.0891    0.0051
74      B         A           74           ASN        90.25         654  148  1  8.880  4.530  1.039   0.1327    0.2715    0.0884    0.0051
75      B         A           75           ALA        92.23         654  148  8  8.880  4.530  1.039   0.1413    0.2818    0.0927    0.0053
76      B         A           76           LYS        96.94         654  148  2  8.880  4.530  1.039   0.1386    0.2755    0.0900    0.0052
77      B         A           77           ASN        96.05         654  148  3  8.880  4.530  1.039   0.1370    0.2740    0.0894    0.0051
78      B         A           78           SER        98.38         654  148  4  8.880  4.530  1.039   0.1401    0.2720    0.0886    0.0051
79      B         A           79           LEU        98.76         654  148  2  8.880  4.530  1.039   0.1388    0.2765    0.0904    0.0052
80      B         A           80           TYR        98.90         654  148  6  8.880  4.530  1.039   0.1414    0.2723    0.0888    0.0051
81      B         A           81           LEU        98.95         654  148  4  8.880  4.530  1.039   0.1425    0.2703    0.0879    0.0050
82      B         A           82           GLN        98.75         654  148  5  8.880  4.530  1.039   0.1427    0.2775    0.0909    0.0052
83      B         A           83           MET        98.82         654  148  3  8.880  4.530  1.039   0.1411    0.2670    0.0866    0.0050
84      B         A           84           ASN        97.73         654  148  4  8.880  4.530  1.039   0.1427    0.2698    0.0877    0.0050
85      B         A           85           SER        96.67         654  148  2  8.880  4.530  1.039   0.1413    0.2651    0.0858    0.0049
86      B         A           86           LEU        96.98         654  148  2  8.880  4.530  1.039   0.1414    0.2662    0.0862    0.0049
87      B         A           87           ARG        90.51         654  148  0  8.880  4.530  1.039   0.1383    0.0000    0.0000    0.0000
88      B         A           88           ALA        88.82         654  148  0  8.880  4.530  1.039   0.1384    0.0000    0.0000    0.0000
89      B         A           89           GLU        87.99         654  148  0  8.880  4.530  1.039   0.1384    0.0000    0.0000    0.0000
90      B         A           90           ASP        96.15         654  148  1  8.880  4.530  1.039   0.1392    0.2600    0.0838    0.0048
91      B         A           91           THR        94.41         654  148  1  8.880  4.530  1.039   0.1425    0.2630    0.0850    0.0049
92      B         A           92           ALA        96.81         654  148  1  8.880  4.530  1.039   0.1435    0.2599    0.0837    0.0048
93      B         A           93           ILE        98.41         654  148  5  8.880  4.530  1.039   0.1483    0.2720    0.0886    0.0051
94      B         A           94           TYR        98.92         654  148  5  8.880  4.530  1.039   0.1469    0.2698    0.0877    0.0050
95      B         A           95           TYR        98.87         654  148  5  8.880  4.530  1.039   0.1464    0.2706    0.0880    0.0051
96      B         A           96           CYS        96.39         654  148  3  8.880  4.530  1.039   0.1423    0.2680    0.0870    0.0050
97      B         A           97           ALA        97.48         654  148  3  8.880  4.530  1.039   0.1422    0.2703    0.0879    0.0050
98      B         A           98           ARG        90.95         654  148  5  8.880  4.530  1.039   0.1410    0.2731    0.0891    0.0051
99      B         A           99           ASP        81.66         654  148  0  8.880  4.530  1.039   0.1362    0.0000    0.0000    0.0000
100     B         A          100           VAL        68.56         654  148  0  8.880  4.530  1.039   0.1333    0.0000    0.0000    0.0000
101     B         A          101           GLY        62.08         654  148  0  8.880  4.530  1.039   0.1252    0.0000    0.0000    0.0000
102     B         A          102           GLY        62.63         654  148  0  8.880  4.530  1.039   0.1216    0.0000    0.0000    0.0000
103     B         A          103           GLY        83.35         654  148  0  8.880  4.530  1.039   0.1297    0.0000    0.0000    0.0000
104     B         A          104           MET        92.78         654  148  2  8.880  4.530  1.039   0.1386    0.2616    0.0844    0.0048
105     B         A          105           ASP        88.28         654  148  2  8.880  4.530  1.039   0.1387    0.2647    0.0856    0.0049
106     B         A          106           VAL        95.00         654  148  3  8.880  4.530  1.039   0.1410    0.2694    0.0875    0.0050
107     B         A          107           TRP        98.64         654  148  3  8.880  4.530  1.039   0.1437    0.2698    0.0877    0.0050
108     B         A          108           GLY        98.57         654  148  4  8.880  4.530  1.039   0.1438    0.2689    0.0873    0.0050
109     B         A          109           GLN        96.37         654  148  1  8.880  4.530  1.039   0.1406    0.2601    0.0838    0.0048
110     B         A          110           GLY        98.51         654  148  0  8.880  4.530  1.039   0.1381    0.0000    0.0000    0.0000
111     B         A          111           THR        98.52         654  148  3  8.880  4.530  1.039   0.1440    0.2686    0.0872    0.0050
112     B         A          112           THR        97.60         654  148  2  8.880  4.530  1.039   0.1443    0.2653    0.0859    0.0049
113     B         A          113           VAL        98.12         654  148  2  8.880  4.530  1.039   0.1427    0.2660    0.0862    0.0049
114     B         A          114           THR        94.87         654  148  0  8.880  4.530  1.039   0.1415    0.0000    0.0000    0.0000
115     B         A          115           VAL        94.02         654  148  0  8.880  4.530  1.039   0.1371    0.0000    0.0000    0.0000
116     B         A          116           SER        84.33         654  148  0  8.880  4.530  1.039   0.1207    0.0000    0.0000    0.0000
117     B         A          117           SER        77.72         654  148  0  8.880  4.530  1.039   0.1034    0.0000    0.0000    0.0000
118     B         A          118           GLY        65.82         654  148  0  8.880  4.530  1.039   0.0843    0.0000    0.0000    0.0000
119     B         A          119           GLY        51.46         654  148  0  8.880  4.530  1.039   0.0788    0.0000    0.0000    0.0000
120     B         A          120           GLY        51.43         654  148  0  8.880  4.530  1.039   0.0780    0.0000    0.0000    0.0000
121     B         A          121           SER        44.90         654  148  0  8.880  4.530  1.039   0.0783    0.0000    0.0000    0.0000
122     B         A          122           GLY        45.86         654  148  0  8.880  4.530  1.039   0.0787    0.0000    0.0000    0.0000
123     B         A          123           GLY        44.85         654  148  0  8.880  4.530  1.039   0.0791    0.0000    0.0000    0.0000
124     B         A          124           GLY        44.54         654  148  0  8.880  4.530  1.039   0.0799    0.0000    0.0000    0.0000
125     B         A          125           SER        44.53         654  148  0  8.880  4.530  1.039   0.0810    0.0000    0.0000    0.0000
126     B         A          126           GLY        45.10         654  148  0  8.880  4.530  1.039   0.0815    0.0000    0.0000    0.0000
127     B         A          127           GLY        43.26         654  148  0  8.880  4.530  1.039   0.0816    0.0000    0.0000    0.0000
128     B         A          128           GLY        42.19         654  148  0  8.880  4.530  1.039   0.0829    0.0000    0.0000    0.0000
129     B         A          129           SER        42.61         654  148  0  8.880  4.530  1.039   0.0842    0.0000    0.0000    0.0000
130     B         A          130           GLY        48.42         654  148  0  8.880  4.530  1.039   0.0856    0.0000    0.0000    0.0000
131     B         A          131           GLY        55.77         654  148  0  8.880  4.530  1.039   0.0909    0.0000    0.0000    0.0000
132     B         A          132           GLY        63.04         654  148  0  8.880  4.530  1.039   0.0977    0.0000    0.0000    0.0000
133     B         A          133           SER        71.98         654  148  0  8.880  4.530  1.039   0.1097    0.0000    0.0000    0.0000
134     B         A          134           GLN        83.03         654  148  0  8.880  4.530  1.039   0.1210    0.0000    0.0000    0.0000
135     B         A          135           MET        92.52         654  148  0  8.880  4.530  1.039   0.1309    0.0000    0.0000    0.0000
136     B         A          136           THR        94.60         654  148  0  8.880  4.530  1.039   0.1385    0.0000    0.0000    0.0000
137     B         A          137           GLN        97.85         654  148  0  8.880  4.530  1.039   0.1347    0.0000    0.0000    0.0000
138     B         A          138           SER        97.31         654  148  0  8.880  4.530  1.039   0.1344    0.0000    0.0000    0.0000
139     B         A          139           PRO        97.17         654  148  0  8.880  4.530  1.039   0.1326    0.0000    0.0000    0.0000
140     B         A          140           SER        94.19         654  148  0  8.880  4.530  1.039   0.1340    0.0000    0.0000    0.0000
141     B         A          141           SER        94.98         654  148  0  8.880  4.530  1.039   0.1333    0.0000    0.0000    0.0000
142     B         A          142           LEU        93.81         654  148  0  8.880  4.530  1.039   0.1273    0.0000    0.0000    0.0000
143     B         A          143           SER        96.15         654  148  0  8.880  4.530  1.039   0.1335    0.0000    0.0000    0.0000
144     B         A          144           ALA        96.58         654  148  0  8.880  4.530  1.039   0.1336    0.0000    0.0000    0.0000
145     B         A          145           SER        97.04         654  148  0  8.880  4.530  1.039   0.1353    0.0000    0.0000    0.0000
146     B         A          146           VAL        97.10         654  148  1  8.880  4.530  1.039   0.1399    0.2645    0.0856    0.0049
147     B         A          147           GLY        97.68         654  148  0  8.880  4.530  1.039   0.1388    0.0000    0.0000    0.0000
148     B         A          148           ASP        97.12         654  148  2  8.880  4.530  1.039   0.1403    0.2659    0.0861    0.0049
149     B         A          149           ARG        97.67         654  148  4  8.880  4.530  1.039   0.1409    0.2705    0.0880    0.0051
150     B         A          150           VAL        96.08         654  148  0  8.880  4.530  1.039   0.1379    0.0000    0.0000    0.0000
151     B         A          151           THR        97.62         654  148  3  8.880  4.530  1.039   0.1410    0.2680    0.0870    0.0050
152     B         A          152           ILE        98.63         654  148  3  8.880  4.530  1.039   0.1419    0.2644    0.0855    0.0049
153     B         A          153           THR        98.02         654  148  3  8.880  4.530  1.039   0.1406    0.2692    0.0875    0.0050
154     B         A          154           CYS        97.93         654  148  1  8.880  4.530  1.039   0.1383    0.2651    0.0858    0.0049
155     B         A          155           ARG        95.79         654  148  2  8.880  4.530  1.039   0.1369    0.2638    0.0853    0.0049
156     B         A          156           ALA        87.97         654  148  1  8.880  4.530  1.039   0.1337    0.2615    0.0843    0.0048
157     B         A          157           SER        82.58         654  148  0  8.880  4.530  1.039   0.1354    0.0000    0.0000    0.0000
158     B         A          158           GLN        68.26         654  148  0  8.880  4.530  1.039   0.1287    0.0000    0.0000    0.0000
159     B         A          159           SER        61.95         654  148  0  8.880  4.530  1.039   0.1305    0.0000    0.0000    0.0000
160     B         A          160           VAL        72.66         654  148  0  8.880  4.530  1.039   0.1333    0.0000    0.0000    0.0000
161     B         A          161           SER        55.22         654  148  0  8.880  4.530  1.039   0.1335    0.0000    0.0000    0.0000
162     B         A          162           SER        59.51         654  148  0  8.880  4.530  1.039   0.1326    0.0000    0.0000    0.0000
163     B         A          163           ALA        72.09         654  148  0  8.880  4.530  1.039   0.1360    0.0000    0.0000    0.0000
164     B         A          164           VAL        89.47         654  148  1  8.880  4.530  1.039   0.1365    0.2675    0.0868    0.0050
165     B         A          165           ALA        92.46         654  148  1  8.880  4.530  1.039   0.1365    0.2638    0.0853    0.0049
166     B         A          166           TRP        97.98         654  148  3  8.880  4.530  1.039   0.1414    0.2696    0.0876    0.0050
167     B         A          167           TYR        98.75         654  148  3  8.880  4.530  1.039   0.1420    0.2709    0.0881    0.0051
168     B         A          168           GLN        98.69         654  148  6  8.880  4.530  1.039   0.1441    0.2717    0.0885    0.0051
169     B         A          169           GLN        98.78         654  148  2  8.880  4.530  1.039   0.1423    0.2669    0.0865    0.0050
170     B         A          170           LYS        97.33         654  148  4  8.880  4.530  1.039   0.1441    0.2699    0.0877    0.0050
171     B         A          171           PRO        94.80         654  148  0  8.880  4.530  1.039   0.1365    0.0000    0.0000    0.0000
172     B         A          172           GLY        95.93         654  148  0  8.880  4.530  1.039   0.1382    0.0000    0.0000    0.0000
173     B         A          173           LYS        97.11         654  148  3  8.880  4.530  1.039   0.1447    0.2711    0.0882    0.0051
174     B         A          174           ALA        97.48         654  148  2  8.880  4.530  1.039   0.1422    0.2723    0.0887    0.0051
175     B         A          175           PRO        98.38         654  148  2  8.880  4.530  1.039   0.1393    0.2633    0.0851    0.0049
176     B         A          176           LYS        96.60         654  148  1  8.880  4.530  1.039   0.1413    0.2672    0.0866    0.0050
177     B         A          177           LEU        94.66         654  148  3  8.880  4.530  1.039   0.1402    0.2666    0.0864    0.0050
178     B         A          178           LEU        97.42         654  148  3  8.880  4.530  1.039   0.1407    0.2646    0.0856    0.0049
179     B         A          179           ILE        92.37         654  148  6  8.880  4.530  1.039   0.1417    0.2690    0.0874    0.0050
180     B         A          180           TYR        80.84         654  148  3  8.880  4.530  1.039   0.1382    0.2667    0.0864    0.0050
181     B         A          181           SER        68.90         654  148  1  8.880  4.530  1.039   0.1359    0.2596    0.0836    0.0048
182     B         A          182           ALA        80.53         654  148  2  8.880  4.530  1.039   0.1357    0.2641    0.0854    0.0049
183     B         A          183           SER        77.30         654  148  3  8.880  4.530  1.039   0.1363    0.2681    0.0870    0.0050
184     B         A          184           SER        70.91         654  148  3  8.880  4.530  1.039   0.1372    0.2611    0.0842    0.0048
185     B         A          185           LEU        86.11         654  148  3  8.880  4.530  1.039   0.1393    0.2737    0.0893    0.0051
186     B         A          186           TYR        88.47         654  148  2  8.880  4.530  1.039   0.1373    0.2636    0.0852    0.0049
187     B         A          187           SER        77.31         654  148  0  8.880  4.530  1.039   0.1349    0.0000    0.0000    0.0000
188     B         A          188           GLY        90.49         654  148  0  8.880  4.530  1.039   0.1372    0.0000    0.0000    0.0000
189     B         A          189           VAL        94.65         654  148  3  8.880  4.530  1.039   0.1386    0.2669    0.0865    0.0050
190     B         A          190           PRO        96.23         654  148  1  8.880  4.530  1.039   0.1383    0.2620    0.0846    0.0048
191     B         A          191           SER        91.75         654  148  1  8.880  4.530  1.039   0.1375    0.2607    0.0840    0.0048
192     B         A          192           ARG        97.03         654  148  0  8.880  4.530  1.039   0.1381    0.0000    0.0000    0.0000
193     B         A          193           PHE        97.79         654  148  4  8.880  4.530  1.039   0.1404    0.2705    0.0880    0.0050
194     B         A          194           SER        94.83         654  148  7  8.880  4.530  1.039   0.1414    0.2733    0.0892    0.0051
195     B         A          195           GLY        93.78         654  148  3  8.880  4.530  1.039   0.1369    0.2708    0.0881    0.0051
196     B         A          196           SER        90.84         654  148  3  8.880  4.530  1.039   0.1380    0.2722    0.0887    0.0051
197     B         A          197           ARG        80.75         654  148  0  8.880  4.530  1.039   0.1326    0.0000    0.0000    0.0000
198     B         A          198           SER        81.09         654  148  2  8.880  4.530  1.039   0.1351    0.2646    0.0856    0.0049
199     B         A          199           GLY        72.43         654  148  0  8.880  4.530  1.039   0.1299    0.0000    0.0000    0.0000
200     B         A          200           THR        83.97         654  148  0  8.880  4.530  1.039   0.1311    0.0000    0.0000    0.0000
201     B         A          201           ASP        94.13         654  148  2  8.880  4.530  1.039   0.1370    0.2661    0.0862    0.0049
202     B         A          202           PHE        94.88         654  148  3  8.880  4.530  1.039   0.1359    0.2660    0.0861    0.0049
203     B         A          203           THR        96.94         654  148  3  8.880  4.530  1.039   0.1404    0.2733    0.0891    0.0051
204     B         A          204           LEU        98.69         654  148  3  8.880  4.530  1.039   0.1409    0.2709    0.0882    0.0051
205     B         A          205           THR        98.14         654  148  7  8.880  4.530  1.039   0.1426    0.2730    0.0890    0.0051
206     B         A          206           ILE        98.33         654  148  3  8.880  4.530  1.039   0.1414    0.2708    0.0881    0.0051
207     B         A          207           SER        96.76         654  148  4  8.880  4.530  1.039   0.1406    0.2687    0.0873    0.0050
208     B         A          208           SER        97.24         654  148  1  8.880  4.530  1.039   0.1387    0.2661    0.0862    0.0049
209     B         A          209           LEU        97.36         654  148  1  8.880  4.530  1.039   0.1382    0.2598    0.0837    0.0048
210     B         A          210           GLN        97.58         654  148  1  8.880  4.530  1.039   0.1384    0.2625    0.0848    0.0048
211     B         A          211           PRO        96.21         654  148  0  8.880  4.530  1.039   0.1383    0.0000    0.0000    0.0000
212     B         A          212           GLU        95.73         654  148  0  8.880  4.530  1.039   0.1377    0.0000    0.0000    0.0000
213     B         A          213           ASP        97.90         654  148  1  8.880  4.530  1.039   0.1388    0.2605    0.0839    0.0048
214     B         A          214           PHE        97.48         654  148  0  8.880  4.530  1.039   0.1403    0.0000    0.0000    0.0000
215     B         A          215           ALA        98.44         654  148  1  8.880  4.530  1.039   0.1405    0.2613    0.0843    0.0048
216     B         A          216           THR        98.56         654  148  4  8.880  4.530  1.039   0.1447    0.2677    0.0869    0.0050
217     B         A          217           TYR        98.93         654  148  5  8.880  4.530  1.039   0.1447    0.2714    0.0884    0.0051
218     B         A          218           TYR        98.67         654  148  3  8.880  4.530  1.039   0.1432    0.2693    0.0875    0.0050
219     B         A          219           CYS        97.80         654  148  3  8.880  4.530  1.039   0.1393    0.2644    0.0855    0.0049
220     B         A          220           GLN        95.09         654  148  1  8.880  4.530  1.039   0.1375    0.2610    0.0841    0.0048
221     B         A          221           GLN        88.21         654  148  0  8.880  4.530  1.039   0.1351    0.0000    0.0000    0.0000
222     B         A          222           SER        78.37         654  148  0  8.880  4.530  1.039   0.1324    0.0000    0.0000    0.0000
223     B         A          223           SER        68.83         654  148  0  8.880  4.530  1.039   0.1305    0.0000    0.0000    0.0000
224     B         A          224           SER        63.12         654  148  0  8.880  4.530  1.039   0.1260    0.0000    0.0000    0.0000
225     B         A          225           SER        66.68         654  148  0  8.880  4.530  1.039   0.1299    0.0000    0.0000    0.0000
226     B         A          226           LEU        81.36         654  148  0  8.880  4.530  1.039   0.1339    0.0000    0.0000    0.0000
227     B         A          227           ILE        88.02         654  148  0  8.880  4.530  1.039   0.1374    0.0000    0.0000    0.0000
228     B         A          228           THR        88.97         654  148  0  8.880  4.530  1.039   0.1373    0.0000    0.0000    0.0000
229     B         A          229           PHE        96.21         654  148  1  8.880  4.530  1.039   0.1404    0.2613    0.0843    0.0048
230     B         A          230           GLY        96.57         654  148  2  8.880  4.530  1.039   0.1409    0.2702    0.0878    0.0050
231     B         A          231           GLN        95.07         654  148  0  8.880  4.530  1.039   0.1393    0.0000    0.0000    0.0000
232     B         A          232           GLY        98.21         654  148  0  8.880  4.530  1.039   0.1365    0.0000    0.0000    0.0000
233     B         A          233           THR        98.57         654  148  3  8.880  4.530  1.039   0.1433    0.2671    0.0866    0.0050
234     B         A          234           LYS        97.70         654  148  1  8.880  4.530  1.039   0.1414    0.2607    0.0840    0.0048
235     B         A          235           VAL        98.06         654  148  1  8.880  4.530  1.039   0.1400    0.2598    0.0837    0.0048
236     B         A          236           GLU        95.25         654  148  0  8.880  4.530  1.039   0.1353    0.0000    0.0000    0.0000
237     B         A          237           ILE        90.46         654  148  0  8.880  4.530  1.039   0.1270    0.0000    0.0000    0.0000
238     B         A          238           LYS        80.42         654  148  0  8.880  4.530  1.039   0.1059    0.0000    0.0000    0.0000
