i,AlignChn,ScoredChain,AlignResNum,AlignResType,AlignRespLDDT,n0chn,n0dom,n0res,d0chn,d0dom,d0res,ipTM_pae,ipSAE_d0chn,ipSAE_d0dom,ipSAE 
248     A         B            1           ILE        94.29         663  0  0  8.930  1.039  1.039   0.0997    0.0000    0.0000    0.0000
249     A         B            2           CYS        96.26         663  0  0  8.930  1.039  1.039   0.1025    0.0000    0.0000    0.0000
250     A         B            3           LEU        94.71         663  0  0  8.930  1.039  1.039   0.1020    0.0000    0.0000    0.0000
251     A         B            4           GLN        95.39         663  0  0  8.930  1.039  1.039   0.1018    0.0000    0.0000    0.0000
252     A         B            5           LYS        96.30         663  0  0  8.930  1.039  1.039   0.1043    0.0000    0.0000    0.0000
253     A         B            6           THR        95.73         663  0  0  8.930  1.039  1.039   0.1030    0.0000    0.0000    0.0000
254     A         B            7           SER        92.26         663  0  0  8.930  1.039  1.039   0.1004    0.0000    0.0000    0.0000
255     A         B            8           ASN        92.16         663  0  0  8.930  1.039  1.039   0.0982    0.0000    0.0000    0.0000
256     A         B            9           GLN        92.36         663  0  0  8.930  1.039  1.039   0.0988    0.0000    0.0000    0.0000
257     A         B           10           ILE        95.64         663  0  0  8.930  1.039  1.039   0.1019    0.0000    0.0000    0.0000
258     A         B           11           LEU        97.68         663  0  0  8.930  1.039  1.039   0.1084    0.0000    0.0000    0.0000
259     A         B           12           LYS        94.32         663  0  0  8.930  1.039  1.039   0.1084    0.0000    0.0000    0.0000
260     A         B           13           PRO        96.86         663  0  0  8.930  1.039  1.039   0.1116    0.0000    0.0000    0.0000
261     A         B           14           LYS        92.12         663  0  0  8.930  1.039  1.039   0.1111    0.0000    0.0000    0.0000
262     A         B           15           LEU        88.60         663  0  0  8.930  1.039  1.039   0.1130    0.0000    0.0000    0.0000
263     A         B           16           ILE        86.76         663  0  0  8.930  1.039  1.039   0.1122    0.0000    0.0000    0.0000
264     A         B           17           SER        66.94         663  0  0  8.930  1.039  1.039   0.1088    0.0000    0.0000    0.0000
265     A         B           18           TYR        64.88         663  0  0  8.930  1.039  1.039   0.1045    0.0000    0.0000    0.0000
266     A         B           19           THR        62.78         663  0  0  8.930  1.039  1.039   0.1083    0.0000    0.0000    0.0000
267     A         B           20           LEU        67.79         663  0  0  8.930  1.039  1.039   0.1107    0.0000    0.0000    0.0000
268     A         B           21           PRO        59.34         663  0  0  8.930  1.039  1.039   0.1041    0.0000    0.0000    0.0000
269     A         B           22           VAL        63.81         663  0  0  8.930  1.039  1.039   0.1060    0.0000    0.0000    0.0000
270     A         B           23           VAL        63.19         663  0  0  8.930  1.039  1.039   0.1077    0.0000    0.0000    0.0000
271     A         B           24           GLY        68.20         663  0  0  8.930  1.039  1.039   0.1026    0.0000    0.0000    0.0000
272     A         B           25           GLN        67.10         663  0  0  8.930  1.039  1.039   0.1014    0.0000    0.0000    0.0000
273     A         B           26           SER        68.95         663  0  0  8.930  1.039  1.039   0.1016    0.0000    0.0000    0.0000
274     A         B           27           GLY        77.88         663  0  0  8.930  1.039  1.039   0.1055    0.0000    0.0000    0.0000
275     A         B           28           THR        81.08         663  0  0  8.930  1.039  1.039   0.1097    0.0000    0.0000    0.0000
276     A         B           29           CYS        81.93         663  0  0  8.930  1.039  1.039   0.1094    0.0000    0.0000    0.0000
277     A         B           30           ILE        86.74         663  0  0  8.930  1.039  1.039   0.1146    0.0000    0.0000    0.0000
278     A         B           31           THR        88.43         663  0  0  8.930  1.039  1.039   0.1138    0.0000    0.0000    0.0000
279     A         B           32           ASP        93.93         663  0  0  8.930  1.039  1.039   0.1129    0.0000    0.0000    0.0000
280     A         B           33           PRO        94.48         663  0  0  8.930  1.039  1.039   0.1167    0.0000    0.0000    0.0000
281     A         B           34           LEU        96.96         663  0  0  8.930  1.039  1.039   0.1135    0.0000    0.0000    0.0000
282     A         B           35           LEU        97.33         663  0  0  8.930  1.039  1.039   0.1139    0.0000    0.0000    0.0000
283     A         B           36           ALA        98.64         663  0  0  8.930  1.039  1.039   0.1133    0.0000    0.0000    0.0000
284     A         B           37           MET        97.50         663  0  0  8.930  1.039  1.039   0.1123    0.0000    0.0000    0.0000
285     A         B           38           ASP        96.75         663  0  0  8.930  1.039  1.039   0.1116    0.0000    0.0000    0.0000
286     A         B           39           GLU        95.21         663  0  0  8.930  1.039  1.039   0.1126    0.0000    0.0000    0.0000
287     A         B           40           GLY        95.05         663  0  0  8.930  1.039  1.039   0.1114    0.0000    0.0000    0.0000
288     A         B           41           TYR        96.47         663  0  0  8.930  1.039  1.039   0.1108    0.0000    0.0000    0.0000
289     A         B           42           PHE        96.16         663  0  0  8.930  1.039  1.039   0.1115    0.0000    0.0000    0.0000
290     A         B           43           ALA        98.09         663  0  0  8.930  1.039  1.039   0.1124    0.0000    0.0000    0.0000
291     A         B           44           TYR        94.44         663  0  0  8.930  1.039  1.039   0.1119    0.0000    0.0000    0.0000
292     A         B           45           SER        96.36         663  0  0  8.930  1.039  1.039   0.1124    0.0000    0.0000    0.0000
293     A         B           46           HIS        92.20         663  0  0  8.930  1.039  1.039   0.1132    0.0000    0.0000    0.0000
294     A         B           47           LEU        92.63         663  0  0  8.930  1.039  1.039   0.1134    0.0000    0.0000    0.0000
295     A         B           48           GLU        87.12         663  0  0  8.930  1.039  1.039   0.1118    0.0000    0.0000    0.0000
296     A         B           49           ARG        85.85         663  0  0  8.930  1.039  1.039   0.1085    0.0000    0.0000    0.0000
297     A         B           50           ILE        83.82         663  0  0  8.930  1.039  1.039   0.1097    0.0000    0.0000    0.0000
298     A         B           51           GLY        78.98         663  0  0  8.930  1.039  1.039   0.1040    0.0000    0.0000    0.0000
299     A         B           52           SER        75.14         663  0  0  8.930  1.039  1.039   0.1060    0.0000    0.0000    0.0000
300     A         B           53           CYS        75.76         663  0  0  8.930  1.039  1.039   0.1070    0.0000    0.0000    0.0000
301     A         B           54           SER        70.26         663  0  0  8.930  1.039  1.039   0.1019    0.0000    0.0000    0.0000
302     A         B           55           ARG        75.39         663  0  0  8.930  1.039  1.039   0.1001    0.0000    0.0000    0.0000
303     A         B           56           GLY        82.05         663  0  0  8.930  1.039  1.039   0.1013    0.0000    0.0000    0.0000
304     A         B           57           VAL        86.40         663  0  0  8.930  1.039  1.039   0.1047    0.0000    0.0000    0.0000
305     A         B           58           SER        88.29         663  0  0  8.930  1.039  1.039   0.1050    0.0000    0.0000    0.0000
306     A         B           59           LYS        87.54         663  0  0  8.930  1.039  1.039   0.1049    0.0000    0.0000    0.0000
307     A         B           60           GLN        87.06         663  0  0  8.930  1.039  1.039   0.1081    0.0000    0.0000    0.0000
308     A         B           61           ARG        93.55         663  0  0  8.930  1.039  1.039   0.1107    0.0000    0.0000    0.0000
309     A         B           62           ILE        90.55         663  0  0  8.930  1.039  1.039   0.1114    0.0000    0.0000    0.0000
310     A         B           63           ILE        96.01         663  0  0  8.930  1.039  1.039   0.1133    0.0000    0.0000    0.0000
311     A         B           64           GLY        93.19         663  0  0  8.930  1.039  1.039   0.1111    0.0000    0.0000    0.0000
312     A         B           65           VAL        94.93         663  0  0  8.930  1.039  1.039   0.1116    0.0000    0.0000    0.0000
313     A         B           66           GLY        91.99         663  0  0  8.930  1.039  1.039   0.1118    0.0000    0.0000    0.0000
314     A         B           67           GLU        86.63         663  0  0  8.930  1.039  1.039   0.1103    0.0000    0.0000    0.0000
315     A         B           68           VAL        93.23         663  0  0  8.930  1.039  1.039   0.1133    0.0000    0.0000    0.0000
316     A         B           69           LEU        82.74         663  0  0  8.930  1.039  1.039   0.1087    0.0000    0.0000    0.0000
317     A         B           70           ASP        84.10         663  0  0  8.930  1.039  1.039   0.1096    0.0000    0.0000    0.0000
318     A         B           71           ARG        73.27         663  0  0  8.930  1.039  1.039   0.1040    0.0000    0.0000    0.0000
319     A         B           72           GLY        75.81         663  0  0  8.930  1.039  1.039   0.1025    0.0000    0.0000    0.0000
320     A         B           73           ASP        81.41         663  0  0  8.930  1.039  1.039   0.1037    0.0000    0.0000    0.0000
321     A         B           74           GLU        87.53         663  0  0  8.930  1.039  1.039   0.1069    0.0000    0.0000    0.0000
322     A         B           75           VAL        90.38         663  0  0  8.930  1.039  1.039   0.1097    0.0000    0.0000    0.0000
323     A         B           76           PRO        93.64         663  0  0  8.930  1.039  1.039   0.1110    0.0000    0.0000    0.0000
324     A         B           77           SER        85.97         663  0  0  8.930  1.039  1.039   0.1093    0.0000    0.0000    0.0000
325     A         B           78           LEU        89.96         663  0  0  8.930  1.039  1.039   0.1131    0.0000    0.0000    0.0000
326     A         B           79           PHE        84.31         663  0  0  8.930  1.039  1.039   0.1127    0.0000    0.0000    0.0000
327     A         B           80           MET        86.40         663  0  0  8.930  1.039  1.039   0.1121    0.0000    0.0000    0.0000
328     A         B           81           THR        85.85         663  0  0  8.930  1.039  1.039   0.1094    0.0000    0.0000    0.0000
329     A         B           82           ASN        89.02         663  0  0  8.930  1.039  1.039   0.1092    0.0000    0.0000    0.0000
330     A         B           83           VAL        87.25         663  0  0  8.930  1.039  1.039   0.1114    0.0000    0.0000    0.0000
331     A         B           84           TRP        91.40         663  0  0  8.930  1.039  1.039   0.1110    0.0000    0.0000    0.0000
332     A         B           85           THR        89.20         663  0  0  8.930  1.039  1.039   0.1099    0.0000    0.0000    0.0000
333     A         B           86           PRO        92.64         663  0  0  8.930  1.039  1.039   0.1100    0.0000    0.0000    0.0000
334     A         B           87           PRO        88.66         663  0  0  8.930  1.039  1.039   0.1078    0.0000    0.0000    0.0000
335     A         B           88           ASN        91.31         663  0  0  8.930  1.039  1.039   0.1110    0.0000    0.0000    0.0000
336     A         B           89           PRO        91.14         663  0  0  8.930  1.039  1.039   0.1125    0.0000    0.0000    0.0000
337     A         B           90           ASN        91.23         663  0  0  8.930  1.039  1.039   0.1129    0.0000    0.0000    0.0000
338     A         B           91           THR        95.24         663  0  0  8.930  1.039  1.039   0.1132    0.0000    0.0000    0.0000
339     A         B           92           VAL        96.68         663  0  0  8.930  1.039  1.039   0.1148    0.0000    0.0000    0.0000
340     A         B           93           TYR        97.03         663  0  0  8.930  1.039  1.039   0.1153    0.0000    0.0000    0.0000
341     A         B           94           HIS        98.14         663  0  0  8.930  1.039  1.039   0.1143    0.0000    0.0000    0.0000
342     A         B           95           CYS        98.41         663  0  0  8.930  1.039  1.039   0.1144    0.0000    0.0000    0.0000
343     A         B           96           SER        98.89         663  0  0  8.930  1.039  1.039   0.1120    0.0000    0.0000    0.0000
344     A         B           97           ALA        98.83         663  0  0  8.930  1.039  1.039   0.1128    0.0000    0.0000    0.0000
345     A         B           98           VAL        98.82         663  0  0  8.930  1.039  1.039   0.1115    0.0000    0.0000    0.0000
346     A         B           99           TYR        98.25         663  0  0  8.930  1.039  1.039   0.1136    0.0000    0.0000    0.0000
347     A         B          100           ASN        96.67         663  0  0  8.930  1.039  1.039   0.1104    0.0000    0.0000    0.0000
348     A         B          101           ASN        90.41         663  0  0  8.930  1.039  1.039   0.1098    0.0000    0.0000    0.0000
349     A         B          102           GLU        89.28         663  0  0  8.930  1.039  1.039   0.1094    0.0000    0.0000    0.0000
350     A         B          103           PHE        95.03         663  0  0  8.930  1.039  1.039   0.1116    0.0000    0.0000    0.0000
351     A         B          104           TYR        98.05         663  0  0  8.930  1.039  1.039   0.1128    0.0000    0.0000    0.0000
352     A         B          105           TYR        97.87         663  0  0  8.930  1.039  1.039   0.1137    0.0000    0.0000    0.0000
353     A         B          106           VAL        98.47         663  0  0  8.930  1.039  1.039   0.1140    0.0000    0.0000    0.0000
354     A         B          107           LEU        98.67         663  0  0  8.930  1.039  1.039   0.1140    0.0000    0.0000    0.0000
355     A         B          108           CYS        98.30         663  0  0  8.930  1.039  1.039   0.1148    0.0000    0.0000    0.0000
356     A         B          109           ALA        98.38         663  0  0  8.930  1.039  1.039   0.1120    0.0000    0.0000    0.0000
357     A         B          110           VAL        96.83         663  0  0  8.930  1.039  1.039   0.1135    0.0000    0.0000    0.0000
358     A         B          111           SER        97.26         663  0  0  8.930  1.039  1.039   0.1145    0.0000    0.0000    0.0000
359     A         B          112           THR        93.75         663  0  0  8.930  1.039  1.039   0.1133    0.0000    0.0000    0.0000
360     A         B          113           VAL        93.65         663  0  0  8.930  1.039  1.039   0.1126    0.0000    0.0000    0.0000
361     A         B          114           GLY        93.63         663  0  0  8.930  1.039  1.039   0.1144    0.0000    0.0000    0.0000
362     A         B          115           ASP        94.51         663  0  0  8.930  1.039  1.039   0.1172    0.0000    0.0000    0.0000
363     A         B          116           PRO        98.23         663  0  0  8.930  1.039  1.039   0.1150    0.0000    0.0000    0.0000
364     A         B          117           ILE        97.39         663  0  0  8.930  1.039  1.039   0.1163    0.0000    0.0000    0.0000
365     A         B          118           LEU        94.75         663  0  0  8.930  1.039  1.039   0.1161    0.0000    0.0000    0.0000
366     A         B          119           ASN        95.81         663  0  0  8.930  1.039  1.039   0.1122    0.0000    0.0000    0.0000
367     A         B          120           SER        97.01         663  0  0  8.930  1.039  1.039   0.1135    0.0000    0.0000    0.0000
368     A         B          121           THR        94.62         663  0  0  8.930  1.039  1.039   0.1132    0.0000    0.0000    0.0000
369     A         B          122           TYR        94.48         663  0  0  8.930  1.039  1.039   0.1140    0.0000    0.0000    0.0000
370     A         B          123           TRP        98.04         663  0  0  8.930  1.039  1.039   0.1138    0.0000    0.0000    0.0000
371     A         B          124           SER        95.14         663  0  0  8.930  1.039  1.039   0.1107    0.0000    0.0000    0.0000
372     A         B          125           GLY        97.68         663  0  0  8.930  1.039  1.039   0.1113    0.0000    0.0000    0.0000
373     A         B          126           SER        95.86         663  0  0  8.930  1.039  1.039   0.1123    0.0000    0.0000    0.0000
374     A         B          127           LEU        97.77         663  0  0  8.930  1.039  1.039   0.1133    0.0000    0.0000    0.0000
375     A         B          128           MET        95.16         663  0  0  8.930  1.039  1.039   0.1122    0.0000    0.0000    0.0000
376     A         B          129           MET        96.23         663  0  0  8.930  1.039  1.039   0.1132    0.0000    0.0000    0.0000
377     A         B          130           THR        95.47         663  0  0  8.930  1.039  1.039   0.1126    0.0000    0.0000    0.0000
378     A         B          131           ARG        93.47         663  0  0  8.930  1.039  1.039   0.1119    0.0000    0.0000    0.0000
379     A         B          132           LEU        94.93         663  0  0  8.930  1.039  1.039   0.1121    0.0000    0.0000    0.0000
380     A         B          133           ALA        91.10         663  0  0  8.930  1.039  1.039   0.1111    0.0000    0.0000    0.0000
381     A         B          134           VAL        92.30         663  0  0  8.930  1.039  1.039   0.1126    0.0000    0.0000    0.0000
382     A         B          135           LYS        81.86         663  0  0  8.930  1.039  1.039   0.1080    0.0000    0.0000    0.0000
383     A         B          136           PRO        78.81         663  0  0  8.930  1.039  1.039   0.1045    0.0000    0.0000    0.0000
384     A         B          137           LYS        71.03         663  0  0  8.930  1.039  1.039   0.0998    0.0000    0.0000    0.0000
385     A         B          138           SER        62.19         663  0  0  8.930  1.039  1.039   0.0954    0.0000    0.0000    0.0000
386     A         B          139           ASN        63.11         663  0  0  8.930  1.039  1.039   0.0913    0.0000    0.0000    0.0000
387     A         B          140           GLY        65.19         663  0  0  8.930  1.039  1.039   0.0927    0.0000    0.0000    0.0000
388     A         B          141           GLY        63.82         663  0  0  8.930  1.039  1.039   0.0958    0.0000    0.0000    0.0000
389     A         B          142           GLY        67.52         663  0  0  8.930  1.039  1.039   0.0979    0.0000    0.0000    0.0000
390     A         B          143           TYR        70.54         663  0  0  8.930  1.039  1.039   0.1012    0.0000    0.0000    0.0000
391     A         B          144           ASN        80.71         663  0  0  8.930  1.039  1.039   0.1061    0.0000    0.0000    0.0000
392     A         B          145           GLN        82.15         663  0  0  8.930  1.039  1.039   0.1087    0.0000    0.0000    0.0000
393     A         B          146           HIS        85.28         663  0  0  8.930  1.039  1.039   0.1116    0.0000    0.0000    0.0000
394     A         B          147           GLN        85.95         663  0  0  8.930  1.039  1.039   0.1103    0.0000    0.0000    0.0000
395     A         B          148           LEU        89.43         663  0  0  8.930  1.039  1.039   0.1126    0.0000    0.0000    0.0000
396     A         B          149           ALA        80.68         663  0  0  8.930  1.039  1.039   0.1112    0.0000    0.0000    0.0000
397     A         B          150           LEU        89.77         663  0  0  8.930  1.039  1.039   0.1122    0.0000    0.0000    0.0000
398     A         B          151           ARG        81.60         663  0  0  8.930  1.039  1.039   0.1103    0.0000    0.0000    0.0000
399     A         B          152           SER        85.70         663  0  0  8.930  1.039  1.039   0.1111    0.0000    0.0000    0.0000
400     A         B          153           ILE        94.62         663  0  0  8.930  1.039  1.039   0.1129    0.0000    0.0000    0.0000
401     A         B          154           GLU        94.10         663  0  0  8.930  1.039  1.039   0.1139    0.0000    0.0000    0.0000
402     A         B          155           LYS        95.22         663  0  0  8.930  1.039  1.039   0.1134    0.0000    0.0000    0.0000
403     A         B          156           GLY        93.75         663  0  0  8.930  1.039  1.039   0.1141    0.0000    0.0000    0.0000
404     A         B          157           ARG        92.41         663  0  0  8.930  1.039  1.039   0.1148    0.0000    0.0000    0.0000
405     A         B          158           TYR        97.88         663  0  0  8.930  1.039  1.039   0.1152    0.0000    0.0000    0.0000
406     A         B          159           ASP        97.14         663  0  0  8.930  1.039  1.039   0.1159    0.0000    0.0000    0.0000
407     A         B          160           LYS        98.46         663  0  0  8.930  1.039  1.039   0.1121    0.0000    0.0000    0.0000
408     A         B          161           VAL        98.48         663  0  0  8.930  1.039  1.039   0.1127    0.0000    0.0000    0.0000
409     A         B          162           MET        98.39         663  0  0  8.930  1.039  1.039   0.1120    0.0000    0.0000    0.0000
410     A         B          163           PRO        98.88         663  0  0  8.930  1.039  1.039   0.1129    0.0000    0.0000    0.0000
411     A         B          164           TYR        98.84         663  0  0  8.930  1.039  1.039   0.1125    0.0000    0.0000    0.0000
412     A         B          165           GLY        98.86         663  0  0  8.930  1.039  1.039   0.1139    0.0000    0.0000    0.0000
413     A         B          166           PRO        98.43         663  0  0  8.930  1.039  1.039   0.1162    0.0000    0.0000    0.0000
414     A         B          167           SER        98.48         663  0  0  8.930  1.039  1.039   0.1146    0.0000    0.0000    0.0000
415     A         B          168           GLY        98.89         663  0  0  8.930  1.039  1.039   0.1130    0.0000    0.0000    0.0000
416     A         B          169           ILE        98.61         663  0  0  8.930  1.039  1.039   0.1129    0.0000    0.0000    0.0000
417     A         B          170           LYS        97.17         663  0  0  8.930  1.039  1.039   0.1118    0.0000    0.0000    0.0000
418     A         B          171           GLN        94.87         663  0  0  8.930  1.039  1.039   0.1102    0.0000    0.0000    0.0000
419     A         B          172           GLY        93.70         663  0  0  8.930  1.039  1.039   0.1111    0.0000    0.0000    0.0000
420     A         B          173           ASP        90.53         663  0  0  8.930  1.039  1.039   0.1102    0.0000    0.0000    0.0000
421     A         B          174           THR        97.00         663  0  0  8.930  1.039  1.039   0.1120    0.0000    0.0000    0.0000
422     A         B          175           LEU        98.38         663  0  0  8.930  1.039  1.039   0.1128    0.0000    0.0000    0.0000
423     A         B          176           TYR        98.69         663  0  0  8.930  1.039  1.039   0.1126    0.0000    0.0000    0.0000
424     A         B          177           PHE        98.94         663  0  0  8.930  1.039  1.039   0.1149    0.0000    0.0000    0.0000
425     A         B          178           PRO        98.96         663  0  0  8.930  1.039  1.039   0.1149    0.0000    0.0000    0.0000
426     A         B          179           ALA        98.90         663  0  0  8.930  1.039  1.039   0.1127    0.0000    0.0000    0.0000
427     A         B          180           VAL        98.89         663  0  0  8.930  1.039  1.039   0.1127    0.0000    0.0000    0.0000
428     A         B          181           GLY        98.67         663  0  0  8.930  1.039  1.039   0.1126    0.0000    0.0000    0.0000
429     A         B          182           PHE        98.56         663  0  0  8.930  1.039  1.039   0.1149    0.0000    0.0000    0.0000
430     A         B          183           LEU        97.79         663  0  0  8.930  1.039  1.039   0.1153    0.0000    0.0000    0.0000
431     A         B          184           VAL        96.74         663  0  0  8.930  1.039  1.039   0.1163    0.0000    0.0000    0.0000
432     A         B          185           ARG        93.52         663  0  0  8.930  1.039  1.039   0.1160    0.0000    0.0000    0.0000
433     A         B          186           THR        91.07         663  0  0  8.930  1.039  1.039   0.1202    0.0000    0.0000    0.0000
434     A         B          187           GLU        90.60         663  0  0  8.930  1.039  1.039   0.1183    0.0000    0.0000    0.0000
435     A         B          188           PHE        94.72         663  0  0  8.930  1.039  1.039   0.1186    0.0000    0.0000    0.0000
436     A         B          189           LYS        88.10         663  0  0  8.930  1.039  1.039   0.1188    0.0000    0.0000    0.0000
437     A         B          190           TYR        92.60         663  0  0  8.930  1.039  1.039   0.1193    0.0000    0.0000    0.0000
438     A         B          191           ASN        86.47         663  0  0  8.930  1.039  1.039   0.1195    0.0000    0.0000    0.0000
439     A         B          192           ASP        86.50         663  0  0  8.930  1.039  1.039   0.1192    0.0000    0.0000    0.0000
440     A         B          193           SER        87.26         663  0  0  8.930  1.039  1.039   0.1168    0.0000    0.0000    0.0000
441     A         B          194           ASN        90.26         663  0  0  8.930  1.039  1.039   0.1168    0.0000    0.0000    0.0000
442     A         B          195           CYS        93.65         663  0  0  8.930  1.039  1.039   0.1160    0.0000    0.0000    0.0000
443     A         B          196           PRO        89.17         663  0  0  8.930  1.039  1.039   0.1146    0.0000    0.0000    0.0000
444     A         B          197           ILE        91.12         663  0  0  8.930  1.039  1.039   0.1140    0.0000    0.0000    0.0000
445     A         B          198           THR        86.18         663  0  0  8.930  1.039  1.039   0.1125    0.0000    0.0000    0.0000
446     A         B          199           LYS        85.08         663  0  0  8.930  1.039  1.039   0.1106    0.0000    0.0000    0.0000
447     A         B          200           CYS        91.03         663  0  0  8.930  1.039  1.039   0.1126    0.0000    0.0000    0.0000
448     A         B          201           GLN        86.92         663  0  0  8.930  1.039  1.039   0.1085    0.0000    0.0000    0.0000
449     A         B          202           TYR        86.55         663  0  0  8.930  1.039  1.039   0.1124    0.0000    0.0000    0.0000
450     A         B          203           SER        92.56         663  0  0  8.930  1.039  1.039   0.1130    0.0000    0.0000    0.0000
451     A         B          204           LYS        91.00         663  0  0  8.930  1.039  1.039   0.1152    0.0000    0.0000    0.0000
452     A         B          205           PRO        92.80         663  0  0  8.930  1.039  1.039   0.1127    0.0000    0.0000    0.0000
453     A         B          206           GLU        91.73         663  0  0  8.930  1.039  1.039   0.1168    0.0000    0.0000    0.0000
454     A         B          207           ASN        94.88         663  0  0  8.930  1.039  1.039   0.1152    0.0000    0.0000    0.0000
455     A         B          208           CYS        95.48         663  0  0  8.930  1.039  1.039   0.1182    0.0000    0.0000    0.0000
456     A         B          209           ARG        94.58         663  0  0  8.930  1.039  1.039   0.1159    0.0000    0.0000    0.0000
457     A         B          210           LEU        94.25         663  0  0  8.930  1.039  1.039   0.1163    0.0000    0.0000    0.0000
458     A         B          211           SER        96.44         663  0  0  8.930  1.039  1.039   0.1160    0.0000    0.0000    0.0000
459     A         B          212           MET        96.60         663  0  0  8.930  1.039  1.039   0.1154    0.0000    0.0000    0.0000
460     A         B          213           GLY        96.48         663  0  0  8.930  1.039  1.039   0.1155    0.0000    0.0000    0.0000
461     A         B          214           ILE        95.69         663  0  0  8.930  1.039  1.039   0.1191    0.0000    0.0000    0.0000
462     A         B          215           ARG        93.57         663  0  0  8.930  1.039  1.039   0.1134    0.0000    0.0000    0.0000
463     A         B          216           PRO        92.14         663  0  0  8.930  1.039  1.039   0.1136    0.0000    0.0000    0.0000
464     A         B          217           ASN        91.01         663  0  0  8.930  1.039  1.039   0.1147    0.0000    0.0000    0.0000
465     A         B          218           SER        96.10         663  0  0  8.930  1.039  1.039   0.1148    0.0000    0.0000    0.0000
466     A         B          219           HIS        96.40         663  0  0  8.930  1.039  1.039   0.1161    0.0000    0.0000    0.0000
467     A         B          220           TYR        98.09         663  0  0  8.930  1.039  1.039   0.1141    0.0000    0.0000    0.0000
468     A         B          221           ILE        97.45         663  0  0  8.930  1.039  1.039   0.1153    0.0000    0.0000    0.0000
469     A         B          222           LEU        98.57         663  0  0  8.930  1.039  1.039   0.1144    0.0000    0.0000    0.0000
470     A         B          223           ARG        98.17         663  0  0  8.930  1.039  1.039   0.1146    0.0000    0.0000    0.0000
471     A         B          224           SER        98.62         663  0  0  8.930  1.039  1.039   0.1151    0.0000    0.0000    0.0000
472     A         B          225           GLY        98.53         663  0  0  8.930  1.039  1.039   0.1138    0.0000    0.0000    0.0000
473     A         B          226           LEU        98.43         663  0  0  8.930  1.039  1.039   0.1150    0.0000    0.0000    0.0000
474     A         B          227           LEU        98.68         663  0  0  8.930  1.039  1.039   0.1140    0.0000    0.0000    0.0000
475     A         B          228           LYS        97.16         663  0  0  8.930  1.039  1.039   0.1111    0.0000    0.0000    0.0000
476     A         B          229           TYR        97.48         663  0  0  8.930  1.039  1.039   0.1131    0.0000    0.0000    0.0000
477     A         B          230           ASN        94.40         663  0  0  8.930  1.039  1.039   0.1114    0.0000    0.0000    0.0000
478     A         B          231           LEU        92.58         663  0  0  8.930  1.039  1.039   0.1118    0.0000    0.0000    0.0000
479     A         B          232           SER        88.20         663  0  0  8.930  1.039  1.039   0.1086    0.0000    0.0000    0.0000
480     A         B          233           ASP        80.27         663  0  0  8.930  1.039  1.039   0.1079    0.0000    0.0000    0.0000
481     A         B          234           GLY        76.55         663  0  0  8.930  1.039  1.039   0.1048    0.0000    0.0000    0.0000
482     A         B          235           GLU        70.84         663  0  0  8.930  1.039  1.039   0.1051    0.0000    0.0000    0.0000
483     A         B          236           ASN        75.21         663  0  0  8.930  1.039  1.039   0.1074    0.0000    0.0000    0.0000
484     A         B          237           PRO        84.42         663  0  0  8.930  1.039  1.039   0.1098    0.0000    0.0000    0.0000
485     A         B          238           LYS        88.93         663  0  0  8.930  1.039  1.039   0.1110    0.0000    0.0000    0.0000
486     A         B          239           VAL        96.44         663  0  0  8.930  1.039  1.039   0.1127    0.0000    0.0000    0.0000
487     A         B          240           VAL        96.52         663  0  0  8.930  1.039  1.039   0.1123    0.0000    0.0000    0.0000
488     A         B          241           PHE        97.50         663  0  0  8.930  1.039  1.039   0.1142    0.0000    0.0000    0.0000
489     A         B          242           ILE        97.72         663  0  0  8.930  1.039  1.039   0.1148    0.0000    0.0000    0.0000
490     A         B          243           GLU        96.76         663  0  0  8.930  1.039  1.039   0.1161    0.0000    0.0000    0.0000
491     A         B          244           ILE        97.32         663  0  0  8.930  1.039  1.039   0.1176    0.0000    0.0000    0.0000
492     A         B          245           SER        93.58         663  0  0  8.930  1.039  1.039   0.1141    0.0000    0.0000    0.0000
493     A         B          246           ASP        89.38         663  0  0  8.930  1.039  1.039   0.1160    0.0000    0.0000    0.0000
494     A         B          247           GLN        90.93         663  0  0  8.930  1.039  1.039   0.1150    0.0000    0.0000    0.0000
495     A         B          248           ARG        92.19         663  0  0  8.930  1.039  1.039   0.1147    0.0000    0.0000    0.0000
496     A         B          249           LEU        94.42         663  0  0  8.930  1.039  1.039   0.1175    0.0000    0.0000    0.0000
497     A         B          250           SER        97.13         663  0  0  8.930  1.039  1.039   0.1160    0.0000    0.0000    0.0000
498     A         B          251           ILE        97.94         663  0  0  8.930  1.039  1.039   0.1170    0.0000    0.0000    0.0000
499     A         B          252           GLY        98.63         663  0  0  8.930  1.039  1.039   0.1120    0.0000    0.0000    0.0000
500     A         B          253           SER        98.39         663  0  0  8.930  1.039  1.039   0.1131    0.0000    0.0000    0.0000
501     A         B          254           PRO        98.60         663  0  0  8.930  1.039  1.039   0.1157    0.0000    0.0000    0.0000
502     A         B          255           SER        98.88         663  0  0  8.930  1.039  1.039   0.1124    0.0000    0.0000    0.0000
503     A         B          256           LYS        98.92         663  0  0  8.930  1.039  1.039   0.1140    0.0000    0.0000    0.0000
504     A         B          257           ILE        98.93         663  0  0  8.930  1.039  1.039   0.1140    0.0000    0.0000    0.0000
505     A         B          258           TYR        98.83         663  0  0  8.930  1.039  1.039   0.1130    0.0000    0.0000    0.0000
506     A         B          259           ASP        97.26         663  0  0  8.930  1.039  1.039   0.1128    0.0000    0.0000    0.0000
507     A         B          260           SER        98.15         663  0  0  8.930  1.039  1.039   0.1133    0.0000    0.0000    0.0000
508     A         B          261           LEU        96.27         663  0  0  8.930  1.039  1.039   0.1116    0.0000    0.0000    0.0000
509     A         B          262           GLY        96.82         663  0  0  8.930  1.039  1.039   0.1113    0.0000    0.0000    0.0000
510     A         B          263           GLN        97.05         663  0  0  8.930  1.039  1.039   0.1104    0.0000    0.0000    0.0000
511     A         B          264           PRO        98.40         663  0  0  8.930  1.039  1.039   0.1118    0.0000    0.0000    0.0000
512     A         B          265           VAL        98.84         663  0  0  8.930  1.039  1.039   0.1129    0.0000    0.0000    0.0000
513     A         B          266           PHE        98.88         663  0  0  8.930  1.039  1.039   0.1125    0.0000    0.0000    0.0000
514     A         B          267           TYR        98.95         663  0  0  8.930  1.039  1.039   0.1124    0.0000    0.0000    0.0000
515     A         B          268           GLN        98.85         663  0  0  8.930  1.039  1.039   0.1110    0.0000    0.0000    0.0000
516     A         B          269           ALA        98.45         663  0  0  8.930  1.039  1.039   0.1136    0.0000    0.0000    0.0000
517     A         B          270           SER        97.42         663  0  0  8.930  1.039  1.039   0.1138    0.0000    0.0000    0.0000
518     A         B          271           PHE        97.15         663  0  0  8.930  1.039  1.039   0.1166    0.0000    0.0000    0.0000
519     A         B          272           SER        96.56         663  0  0  8.930  1.039  1.039   0.1119    0.0000    0.0000    0.0000
520     A         B          273           TRP        96.27         663  0  0  8.930  1.039  1.039   0.1137    0.0000    0.0000    0.0000
521     A         B          274           ASP        97.05         663  0  0  8.930  1.039  1.039   0.1138    0.0000    0.0000    0.0000
522     A         B          275           THR        95.50         663  0  0  8.930  1.039  1.039   0.1136    0.0000    0.0000    0.0000
523     A         B          276           MET        96.26         663  0  0  8.930  1.039  1.039   0.1127    0.0000    0.0000    0.0000
524     A         B          277           ILE        98.57         663  0  0  8.930  1.039  1.039   0.1147    0.0000    0.0000    0.0000
525     A         B          278           LYS        98.38         663  0  0  8.930  1.039  1.039   0.1119    0.0000    0.0000    0.0000
526     A         B          279           PHE        98.81         663  0  0  8.930  1.039  1.039   0.1133    0.0000    0.0000    0.0000
527     A         B          280           GLY        98.51         663  0  0  8.930  1.039  1.039   0.1118    0.0000    0.0000    0.0000
528     A         B          281           ASP        98.02         663  0  0  8.930  1.039  1.039   0.1127    0.0000    0.0000    0.0000
529     A         B          282           VAL        98.42         663  0  0  8.930  1.039  1.039   0.1131    0.0000    0.0000    0.0000
530     A         B          283           LEU        96.52         663  0  0  8.930  1.039  1.039   0.1126    0.0000    0.0000    0.0000
531     A         B          284           THR        95.63         663  0  0  8.930  1.039  1.039   0.1109    0.0000    0.0000    0.0000
532     A         B          285           VAL        96.37         663  0  0  8.930  1.039  1.039   0.1131    0.0000    0.0000    0.0000
533     A         B          286           ASN        93.27         663  0  0  8.930  1.039  1.039   0.1120    0.0000    0.0000    0.0000
534     A         B          287           PRO        93.73         663  0  0  8.930  1.039  1.039   0.1111    0.0000    0.0000    0.0000
535     A         B          288           LEU        97.25         663  0  0  8.930  1.039  1.039   0.1142    0.0000    0.0000    0.0000
536     A         B          289           VAL        96.67         663  0  0  8.930  1.039  1.039   0.1118    0.0000    0.0000    0.0000
537     A         B          290           VAL        98.12         663  0  0  8.930  1.039  1.039   0.1131    0.0000    0.0000    0.0000
538     A         B          291           ASN        97.60         663  0  0  8.930  1.039  1.039   0.1120    0.0000    0.0000    0.0000
539     A         B          292           TRP        98.14         663  0  0  8.930  1.039  1.039   0.1141    0.0000    0.0000    0.0000
540     A         B          293           ARG        98.38         663  0  0  8.930  1.039  1.039   0.1128    0.0000    0.0000    0.0000
541     A         B          294           ASN        95.42         663  0  0  8.930  1.039  1.039   0.1099    0.0000    0.0000    0.0000
542     A         B          295           ASN        98.05         663  0  0  8.930  1.039  1.039   0.1125    0.0000    0.0000    0.0000
543     A         B          296           THR        94.75         663  0  0  8.930  1.039  1.039   0.1106    0.0000    0.0000    0.0000
544     A         B          297           VAL        96.49         663  0  0  8.930  1.039  1.039   0.1114    0.0000    0.0000    0.0000
545     A         B          298           ILE        98.32         663  0  0  8.930  1.039  1.039   0.1146    0.0000    0.0000    0.0000
546     A         B          299           SER        96.77         663  0  0  8.930  1.039  1.039   0.1155    0.0000    0.0000    0.0000
547     A         B          300           ARG        97.13         663  0  0  8.930  1.039  1.039   0.1154    0.0000    0.0000    0.0000
548     A         B          301           PRO        93.25         663  0  0  8.930  1.039  1.039   0.1170    0.0000    0.0000    0.0000
549     A         B          302           GLY        88.99         663  0  0  8.930  1.039  1.039   0.1122    0.0000    0.0000    0.0000
550     A         B          303           GLN        78.61         663  0  0  8.930  1.039  1.039   0.1107    0.0000    0.0000    0.0000
551     A         B          304           SER        75.75         663  0  0  8.930  1.039  1.039   0.1110    0.0000    0.0000    0.0000
552     A         B          305           GLN        82.93         663  0  0  8.930  1.039  1.039   0.1127    0.0000    0.0000    0.0000
553     A         B          306           CYS        91.97         663  0  0  8.930  1.039  1.039   0.1153    0.0000    0.0000    0.0000
554     A         B          307           PRO        88.67         663  0  0  8.930  1.039  1.039   0.1117    0.0000    0.0000    0.0000
555     A         B          308           ARG        91.74         663  0  0  8.930  1.039  1.039   0.1155    0.0000    0.0000    0.0000
556     A         B          309           PHE        86.98         663  0  0  8.930  1.039  1.039   0.1128    0.0000    0.0000    0.0000
557     A         B          310           ASN        91.28         663  0  0  8.930  1.039  1.039   0.1129    0.0000    0.0000    0.0000
558     A         B          311           THR        92.05         663  0  0  8.930  1.039  1.039   0.1114    0.0000    0.0000    0.0000
559     A         B          312           CYS        94.32         663  0  0  8.930  1.039  1.039   0.1117    0.0000    0.0000    0.0000
560     A         B          313           PRO        96.04         663  0  0  8.930  1.039  1.039   0.1125    0.0000    0.0000    0.0000
561     A         B          314           GLU        93.58         663  0  0  8.930  1.039  1.039   0.1147    0.0000    0.0000    0.0000
562     A         B          315           ILE        94.60         663  0  0  8.930  1.039  1.039   0.1133    0.0000    0.0000    0.0000
563     A         B          316           CYS        94.29         663  0  0  8.930  1.039  1.039   0.1140    0.0000    0.0000    0.0000
564     A         B          317           TRP        94.74         663  0  0  8.930  1.039  1.039   0.1145    0.0000    0.0000    0.0000
565     A         B          318           GLU        93.13         663  0  0  8.930  1.039  1.039   0.1167    0.0000    0.0000    0.0000
566     A         B          319           GLY        95.28         663  0  0  8.930  1.039  1.039   0.1138    0.0000    0.0000    0.0000
567     A         B          320           VAL        96.08         663  0  0  8.930  1.039  1.039   0.1166    0.0000    0.0000    0.0000
568     A         B          321           TYR        98.18         663  0  0  8.930  1.039  1.039   0.1151    0.0000    0.0000    0.0000
569     A         B          322           ASN        98.68         663  0  0  8.930  1.039  1.039   0.1139    0.0000    0.0000    0.0000
570     A         B          323           ASP        98.18         663  0  0  8.930  1.039  1.039   0.1122    0.0000    0.0000    0.0000
571     A         B          324           ALA        98.76         663  0  0  8.930  1.039  1.039   0.1111    0.0000    0.0000    0.0000
572     A         B          325           PHE        98.89         663  0  0  8.930  1.039  1.039   0.1118    0.0000    0.0000    0.0000
573     A         B          326           LEU        98.68         663  0  0  8.930  1.039  1.039   0.1111    0.0000    0.0000    0.0000
574     A         B          327           ILE        98.51         663  0  0  8.930  1.039  1.039   0.1129    0.0000    0.0000    0.0000
575     A         B          328           ASP        97.66         663  0  0  8.930  1.039  1.039   0.1116    0.0000    0.0000    0.0000
576     A         B          329           ARG        97.05         663  0  0  8.930  1.039  1.039   0.1101    0.0000    0.0000    0.0000
577     A         B          330           ILE        95.14         663  0  0  8.930  1.039  1.039   0.1111    0.0000    0.0000    0.0000
578     A         B          331           ASN        97.16         663  0  0  8.930  1.039  1.039   0.1094    0.0000    0.0000    0.0000
579     A         B          332           TRP        98.35         663  0  0  8.930  1.039  1.039   0.1117    0.0000    0.0000    0.0000
580     A         B          333           ILE        98.52         663  0  0  8.930  1.039  1.039   0.1132    0.0000    0.0000    0.0000
581     A         B          334           SER        98.87         663  0  0  8.930  1.039  1.039   0.1120    0.0000    0.0000    0.0000
582     A         B          335           ALA        98.87         663  0  0  8.930  1.039  1.039   0.1114    0.0000    0.0000    0.0000
583     A         B          336           GLY        98.94         663  0  0  8.930  1.039  1.039   0.1128    0.0000    0.0000    0.0000
584     A         B          337           VAL        98.83         663  0  0  8.930  1.039  1.039   0.1140    0.0000    0.0000    0.0000
585     A         B          338           PHE        98.28         663  0  0  8.930  1.039  1.039   0.1143    0.0000    0.0000    0.0000
586     A         B          339           LEU        96.26         663  0  0  8.930  1.039  1.039   0.1162    0.0000    0.0000    0.0000
587     A         B          340           ASP        94.53         663  0  0  8.930  1.039  1.039   0.1117    0.0000    0.0000    0.0000
588     A         B          341           SER        91.06         663  0  0  8.930  1.039  1.039   0.1128    0.0000    0.0000    0.0000
589     A         B          342           ASN        86.99         663  0  0  8.930  1.039  1.039   0.1110    0.0000    0.0000    0.0000
590     A         B          343           GLN        79.55         663  0  0  8.930  1.039  1.039   0.1112    0.0000    0.0000    0.0000
591     A         B          344           THR        87.49         663  0  0  8.930  1.039  1.039   0.1114    0.0000    0.0000    0.0000
592     A         B          345           ALA        90.73         663  0  0  8.930  1.039  1.039   0.1158    0.0000    0.0000    0.0000
593     A         B          346           GLU        88.72         663  0  0  8.930  1.039  1.039   0.1143    0.0000    0.0000    0.0000
594     A         B          347           ASN        94.70         663  0  0  8.930  1.039  1.039   0.1143    0.0000    0.0000    0.0000
595     A         B          348           PRO        96.83         663  0  0  8.930  1.039  1.039   0.1161    0.0000    0.0000    0.0000
596     A         B          349           VAL        98.04         663  0  0  8.930  1.039  1.039   0.1145    0.0000    0.0000    0.0000
597     A         B          350           PHE        98.78         663  0  0  8.930  1.039  1.039   0.1126    0.0000    0.0000    0.0000
598     A         B          351           THR        98.39         663  0  0  8.930  1.039  1.039   0.1132    0.0000    0.0000    0.0000
599     A         B          352           VAL        98.75         663  0  0  8.930  1.039  1.039   0.1130    0.0000    0.0000    0.0000
600     A         B          353           PHE        98.55         663  0  0  8.930  1.039  1.039   0.1127    0.0000    0.0000    0.0000
601     A         B          354           LYS        98.30         663  0  0  8.930  1.039  1.039   0.1111    0.0000    0.0000    0.0000
602     A         B          355           ASP        97.72         663  0  0  8.930  1.039  1.039   0.1124    0.0000    0.0000    0.0000
603     A         B          356           ASN        95.81         663  0  0  8.930  1.039  1.039   0.1097    0.0000    0.0000    0.0000
604     A         B          357           GLU        95.83         663  0  0  8.930  1.039  1.039   0.1098    0.0000    0.0000    0.0000
605     A         B          358           ILE        96.96         663  0  0  8.930  1.039  1.039   0.1125    0.0000    0.0000    0.0000
606     A         B          359           LEU        98.20         663  0  0  8.930  1.039  1.039   0.1105    0.0000    0.0000    0.0000
607     A         B          360           TYR        97.60         663  0  0  8.930  1.039  1.039   0.1075    0.0000    0.0000    0.0000
608     A         B          361           ARG        95.28         663  0  0  8.930  1.039  1.039   0.1078    0.0000    0.0000    0.0000
609     A         B          362           ALA        97.71         663  0  0  8.930  1.039  1.039   0.1117    0.0000    0.0000    0.0000
610     A         B          363           GLN        95.47         663  0  0  8.930  1.039  1.039   0.1078    0.0000    0.0000    0.0000
611     A         B          364           LEU        96.52         663  0  0  8.930  1.039  1.039   0.1135    0.0000    0.0000    0.0000
612     A         B          365           ALA        90.73         663  0  0  8.930  1.039  1.039   0.1121    0.0000    0.0000    0.0000
613     A         B          366           SER        87.58         663  0  0  8.930  1.039  1.039   0.1094    0.0000    0.0000    0.0000
614     A         B          367           GLU        86.21         663  0  0  8.930  1.039  1.039   0.1110    0.0000    0.0000    0.0000
615     A         B          368           ASP        81.70         663  0  0  8.930  1.039  1.039   0.1105    0.0000    0.0000    0.0000
616     A         B          369           THR        88.07         663  0  0  8.930  1.039  1.039   0.1143    0.0000    0.0000    0.0000
617     A         B          370           ASN        84.06         663  0  0  8.930  1.039  1.039   0.1112    0.0000    0.0000    0.0000
618     A         B          371           ALA        93.10         663  0  0  8.930  1.039  1.039   0.1165    0.0000    0.0000    0.0000
619     A         B          372           GLN        90.88         663  0  0  8.930  1.039  1.039   0.1138    0.0000    0.0000    0.0000
620     A         B          373           LYS        95.23         663  0  0  8.930  1.039  1.039   0.1162    0.0000    0.0000    0.0000
621     A         B          374           THR        98.36         663  0  0  8.930  1.039  1.039   0.1160    0.0000    0.0000    0.0000
622     A         B          375           ILE        98.73         663  0  0  8.930  1.039  1.039   0.1145    0.0000    0.0000    0.0000
623     A         B          376           THR        98.93         663  0  0  8.930  1.039  1.039   0.1139    0.0000    0.0000    0.0000
624     A         B          377           ASN        98.62         663  0  0  8.930  1.039  1.039   0.1119    0.0000    0.0000    0.0000
625     A         B          378           CYS        98.65         663  0  0  8.930  1.039  1.039   0.1144    0.0000    0.0000    0.0000
626     A         B          379           PHE        97.44         663  0  0  8.930  1.039  1.039   0.1119    0.0000    0.0000    0.0000
627     A         B          380           LEU        95.94         663  0  0  8.930  1.039  1.039   0.1109    0.0000    0.0000    0.0000
628     A         B          381           LEU        93.57         663  0  0  8.930  1.039  1.039   0.1105    0.0000    0.0000    0.0000
629     A         B          382           LYS        89.26         663  0  0  8.930  1.039  1.039   0.1071    0.0000    0.0000    0.0000
630     A         B          383           ASN        93.00         663  0  0  8.930  1.039  1.039   0.1074    0.0000    0.0000    0.0000
631     A         B          384           LYS        95.04         663  0  0  8.930  1.039  1.039   0.1094    0.0000    0.0000    0.0000
632     A         B          385           ILE        97.68         663  0  0  8.930  1.039  1.039   0.1116    0.0000    0.0000    0.0000
633     A         B          386           TRP        97.44         663  0  0  8.930  1.039  1.039   0.1115    0.0000    0.0000    0.0000
634     A         B          387           CYS        98.73         663  0  0  8.930  1.039  1.039   0.1142    0.0000    0.0000    0.0000
635     A         B          388           ILE        97.08         663  0  0  8.930  1.039  1.039   0.1138    0.0000    0.0000    0.0000
636     A         B          389           SER        98.45         663  0  0  8.930  1.039  1.039   0.1143    0.0000    0.0000    0.0000
637     A         B          390           LEU        96.35         663  0  0  8.930  1.039  1.039   0.1168    0.0000    0.0000    0.0000
638     A         B          391           VAL        96.31         663  0  0  8.930  1.039  1.039   0.1174    0.0000    0.0000    0.0000
639     A         B          392           GLU        91.50         663  0  0  8.930  1.039  1.039   0.1186    0.0000    0.0000    0.0000
640     A         B          393           ILE        89.63         663  0  0  8.930  1.039  1.039   0.1159    0.0000    0.0000    0.0000
641     A         B          394           TYR        76.68         663  0  0  8.930  1.039  1.039   0.1114    0.0000    0.0000    0.0000
642     A         B          395           ASP        64.43         663  0  0  8.930  1.039  1.039   0.1104    0.0000    0.0000    0.0000
643     A         B          396           THR        58.89         663  0  0  8.930  1.039  1.039   0.1039    0.0000    0.0000    0.0000
644     A         B          397           GLY        59.28         663  0  0  8.930  1.039  1.039   0.1025    0.0000    0.0000    0.0000
645     A         B          398           ASP        57.57         663  0  0  8.930  1.039  1.039   0.1058    0.0000    0.0000    0.0000
646     A         B          399           ASN        63.01         663  0  0  8.930  1.039  1.039   0.1053    0.0000    0.0000    0.0000
647     A         B          400           VAL        69.90         663  0  0  8.930  1.039  1.039   0.1104    0.0000    0.0000    0.0000
648     A         B          401           ILE        73.01         663  0  0  8.930  1.039  1.039   0.1115    0.0000    0.0000    0.0000
649     A         B          402           ARG        79.99         663  0  0  8.930  1.039  1.039   0.1118    0.0000    0.0000    0.0000
650     A         B          403           PRO        89.19         663  0  0  8.930  1.039  1.039   0.1159    0.0000    0.0000    0.0000
651     A         B          404           LYS        90.73         663  0  0  8.930  1.039  1.039   0.1130    0.0000    0.0000    0.0000
652     A         B          405           LEU        93.36         663  0  0  8.930  1.039  1.039   0.1148    0.0000    0.0000    0.0000
653     A         B          406           PHE        96.81         663  0  0  8.930  1.039  1.039   0.1121    0.0000    0.0000    0.0000
654     A         B          407           ALA        95.89         663  0  0  8.930  1.039  1.039   0.1119    0.0000    0.0000    0.0000
655     A         B          408           VAL        98.38         663  0  0  8.930  1.039  1.039   0.1121    0.0000    0.0000    0.0000
656     A         B          409           LYS        97.08         663  0  0  8.930  1.039  1.039   0.1107    0.0000    0.0000    0.0000
657     A         B          410           ILE        98.31         663  0  0  8.930  1.039  1.039   0.1122    0.0000    0.0000    0.0000
658     A         B          411           PRO        96.26         663  0  0  8.930  1.039  1.039   0.1074    0.0000    0.0000    0.0000
659     A         B          412           GLU        92.79         663  0  0  8.930  1.039  1.039   0.1018    0.0000    0.0000    0.0000
660     A         B          413           GLN        91.08         663  0  0  8.930  1.039  1.039   0.0971    0.0000    0.0000    0.0000
661     A         B          414           CYS        93.17         663  0  0  8.930  1.039  1.039   0.0985    0.0000    0.0000    0.0000
662     A         B          415           THR        81.60         663  0  0  8.930  1.039  1.039   0.0891    0.0000    0.0000    0.0000
663     A         B          416           HIS        65.50         663  0  0  8.930  1.039  1.039   0.0834    0.0000    0.0000    0.0000
1       B         A            1           GLN        78.71         663  260  0  8.930  5.959  1.039   0.1056    0.0000    0.0000    0.0000
2       B         A            2           VAL        93.60         663  260  12  8.930  5.959  1.039   0.1514    0.2943    0.1568    0.0056
3       B         A            3           GLN        96.21         663  260  12  8.930  5.959  1.039   0.1497    0.2860    0.1515    0.0054
4       B         A            4           LEU        98.41         663  260  24  8.930  5.959  1.039   0.1605    0.3019    0.1620    0.0059
5       B         A            5           VAL        98.59         663  260  25  8.930  5.959  1.039   0.1636    0.3037    0.1632    0.0059
6       B         A            6           GLU        98.22         663  260  17  8.930  5.959  1.039   0.1564    0.2958    0.1579    0.0057
7       B         A            7           SER        98.45         663  260  18  8.930  5.959  1.039   0.1570    0.2988    0.1599    0.0058
8       B         A            8           GLY        98.65         663  260  12  8.930  5.959  1.039   0.1520    0.2828    0.1495    0.0053
9       B         A            9           GLY        98.12         663  260  6  8.930  5.959  1.039   0.1491    0.2845    0.1505    0.0054
10      B         A           10           GLY        96.66         663  260  5  8.930  5.959  1.039   0.1496    0.2841    0.1502    0.0053
11      B         A           11           VAL        94.19         663  260  10  8.930  5.959  1.039   0.1516    0.2791    0.1472    0.0052
12      B         A           12           VAL        93.54         663  260  4  8.930  5.959  1.039   0.1452    0.2722    0.1428    0.0050
13      B         A           13           GLN        88.29         663  260  2  8.930  5.959  1.039   0.1451    0.2704    0.1417    0.0050
14      B         A           14           PRO        87.10         663  260  10  8.930  5.959  1.039   0.1514    0.2799    0.1476    0.0052
15      B         A           15           GLY        90.32         663  260  13  8.930  5.959  1.039   0.1556    0.2887    0.1532    0.0055
16      B         A           16           ARG        92.42         663  260  10  8.930  5.959  1.039   0.1508    0.2817    0.1488    0.0053
17      B         A           17           SER        97.13         663  260  18  8.930  5.959  1.039   0.1544    0.2945    0.1570    0.0056
18      B         A           18           LEU        97.65         663  260  18  8.930  5.959  1.039   0.1590    0.2947    0.1571    0.0056
19      B         A           19           ARG        98.66         663  260  21  8.930  5.959  1.039   0.1593    0.3003    0.1609    0.0058
20      B         A           20           LEU        98.97         663  260  23  8.930  5.959  1.039   0.1618    0.3064    0.1649    0.0060
21      B         A           21           SER        98.60         663  260  23  8.930  5.959  1.039   0.1608    0.3074    0.1657    0.0060
22      B         A           22           CYS        98.86         663  260  24  8.930  5.959  1.039   0.1611    0.3038    0.1633    0.0059
23      B         A           23           ALA        98.76         663  260  23  8.930  5.959  1.039   0.1626    0.3082    0.1662    0.0061
24      B         A           24           ALA        97.88         663  260  22  8.930  5.959  1.039   0.1578    0.3027    0.1626    0.0059
25      B         A           25           SER        97.67         663  260  25  8.930  5.959  1.039   0.1617    0.3061    0.1648    0.0060
26      B         A           26           GLY        93.31         663  260  24  8.930  5.959  1.039   0.1620    0.3028    0.1627    0.0059
27      B         A           27           PHE        91.32         663  260  24  8.930  5.959  1.039   0.1611    0.3066    0.1652    0.0060
28      B         A           28           THR        78.30         663  260  25  8.930  5.959  1.039   0.1608    0.3005    0.1611    0.0058
29      B         A           29           PHE        94.24         663  260  25  8.930  5.959  1.039   0.1632    0.3139    0.1700    0.0062
30      B         A           30           SER        83.54         663  260  24  8.930  5.959  1.039   0.1600    0.3061    0.1649    0.0060
31      B         A           31           SER        71.65         663  260  25  8.930  5.959  1.039   0.1590    0.3068    0.1655    0.0060
32      B         A           32           TYR        83.34         663  260  26  8.930  5.959  1.039   0.1641    0.3175    0.1725    0.0063
33      B         A           33           ALA        82.50         663  260  24  8.930  5.959  1.039   0.1601    0.3055    0.1646    0.0060
34      B         A           34           MET        94.64         663  260  25  8.930  5.959  1.039   0.1629    0.3113    0.1682    0.0061
35      B         A           35           SER        95.52         663  260  26  8.930  5.959  1.039   0.1652    0.3093    0.1669    0.0061
36      B         A           36           TRP        98.89         663  260  25  8.930  5.959  1.039   0.1656    0.3131    0.1693    0.0062
37      B         A           37           VAL        98.56         663  260  23  8.930  5.959  1.039   0.1641    0.3035    0.1630    0.0059
38      B         A           38           ARG        97.72         663  260  23  8.930  5.959  1.039   0.1657    0.3094    0.1669    0.0061
39      B         A           39           GLN        97.64         663  260  22  8.930  5.959  1.039   0.1618    0.2975    0.1591    0.0057
40      B         A           40           ALA        93.55         663  260  22  8.930  5.959  1.039   0.1626    0.2953    0.1576    0.0057
41      B         A           41           PRO        90.45         663  260  10  8.930  5.959  1.039   0.1495    0.2795    0.1474    0.0052
42      B         A           42           GLY        93.30         663  260  5  8.930  5.959  1.039   0.1468    0.2744    0.1442    0.0051
43      B         A           43           LYS        93.55         663  260  14  8.930  5.959  1.039   0.1559    0.2905    0.1544    0.0055
44      B         A           44           GLY        96.72         663  260  17  8.930  5.959  1.039   0.1590    0.2990    0.1599    0.0058
45      B         A           45           LEU        98.02         663  260  22  8.930  5.959  1.039   0.1601    0.2974    0.1590    0.0057
46      B         A           46           GLU        94.23         663  260  23  8.930  5.959  1.039   0.1617    0.2988    0.1599    0.0058
47      B         A           47           TRP        95.58         663  260  24  8.930  5.959  1.039   0.1645    0.3089    0.1665    0.0061
48      B         A           48           VAL        97.42         663  260  22  8.930  5.959  1.039   0.1619    0.3005    0.1610    0.0058
49      B         A           49           SER        96.88         663  260  22  8.930  5.959  1.039   0.1622    0.3070    0.1653    0.0060
50      B         A           50           ALA        90.20         663  260  25  8.930  5.959  1.039   0.1650    0.3062    0.1649    0.0060
51      B         A           51           ILE        91.88         663  260  27  8.930  5.959  1.039   0.1654    0.3198    0.1740    0.0064
52      B         A           52           TRP        72.56         663  260  27  8.930  5.959  1.039   0.1616    0.3152    0.1711    0.0063
53      B         A           53           SER        77.83         663  260  18  8.930  5.959  1.039   0.1543    0.3025    0.1624    0.0059
54      B         A           54           ASN        69.08         663  260  12  8.930  5.959  1.039   0.1466    0.2976    0.1590    0.0057
55      B         A           55           GLY        80.27         663  260  12  8.930  5.959  1.039   0.1521    0.3039    0.1631    0.0059
56      B         A           56           GLY        68.85         663  260  12  8.930  5.959  1.039   0.1489    0.2899    0.1541    0.0055
57      B         A           57           SER        68.28         663  260  18  8.930  5.959  1.039   0.1559    0.3040    0.1634    0.0059
58      B         A           58           THR        89.35         663  260  23  8.930  5.959  1.039   0.1600    0.3082    0.1663    0.0061
59      B         A           59           TYR        84.90         663  260  24  8.930  5.959  1.039   0.1617    0.3107    0.1679    0.0061
60      B         A           60           TYR        93.24         663  260  23  8.930  5.959  1.039   0.1626    0.3113    0.1682    0.0061
61      B         A           61           ALA        92.72         663  260  21  8.930  5.959  1.039   0.1607    0.2989    0.1600    0.0058
62      B         A           62           ASP        84.29         663  260  23  8.930  5.959  1.039   0.1579    0.2928    0.1561    0.0056
63      B         A           63           SER        86.36         663  260  21  8.930  5.959  1.039   0.1579    0.2927    0.1559    0.0056
64      B         A           64           VAL        95.13         663  260  20  8.930  5.959  1.039   0.1572    0.2975    0.1590    0.0057
65      B         A           65           LYS        89.62         663  260  14  8.930  5.959  1.039   0.1540    0.2979    0.1592    0.0057
66      B         A           66           GLY        94.95         663  260  20  8.930  5.959  1.039   0.1580    0.2961    0.1581    0.0057
67      B         A           67           ARG        95.02         663  260  22  8.930  5.959  1.039   0.1591    0.2975    0.1590    0.0057
68      B         A           68           PHE        98.31         663  260  23  8.930  5.959  1.039   0.1619    0.3035    0.1630    0.0059
69      B         A           69           THR        98.46         663  260  24  8.930  5.959  1.039   0.1625    0.3092    0.1669    0.0061
70      B         A           70           ILE        98.17         663  260  25  8.930  5.959  1.039   0.1637    0.3143    0.1702    0.0062
71      B         A           71           SER        98.13         663  260  25  8.930  5.959  1.039   0.1628    0.3153    0.1710    0.0063
72      B         A           72           ARG        95.83         663  260  24  8.930  5.959  1.039   0.1600    0.3129    0.1693    0.0062
73      B         A           73           ASP        98.09         663  260  23  8.930  5.959  1.039   0.1606    0.3049    0.1640    0.0060
74      B         A           74           ASN        93.35         663  260  20  8.930  5.959  1.039   0.1547    0.3034    0.1631    0.0059
75      B         A           75           ALA        96.38         663  260  22  8.930  5.959  1.039   0.1607    0.3100    0.1674    0.0061
76      B         A           76           LYS        98.09         663  260  19  8.930  5.959  1.039   0.1579    0.2973    0.1589    0.0057
77      B         A           77           ASN        97.47         663  260  24  8.930  5.959  1.039   0.1595    0.3087    0.1666    0.0061
78      B         A           78           SER        98.54         663  260  23  8.930  5.959  1.039   0.1602    0.3040    0.1634    0.0059
79      B         A           79           LEU        98.72         663  260  25  8.930  5.959  1.039   0.1597    0.3055    0.1645    0.0060
80      B         A           80           TYR        98.88         663  260  23  8.930  5.959  1.039   0.1625    0.3066    0.1651    0.0060
81      B         A           81           LEU        98.94         663  260  23  8.930  5.959  1.039   0.1623    0.3076    0.1657    0.0060
82      B         A           82           GLN        98.70         663  260  22  8.930  5.959  1.039   0.1609    0.3041    0.1635    0.0059
83      B         A           83           MET        98.70         663  260  21  8.930  5.959  1.039   0.1576    0.2953    0.1576    0.0057
84      B         A           84           ASN        96.64         663  260  22  8.930  5.959  1.039   0.1597    0.3001    0.1607    0.0058
85      B         A           85           SER        93.05         663  260  19  8.930  5.959  1.039   0.1572    0.2975    0.1590    0.0057
86      B         A           86           LEU        94.32         663  260  20  8.930  5.959  1.039   0.1580    0.2931    0.1562    0.0056
87      B         A           87           ARG        86.54         663  260  13  8.930  5.959  1.039   0.1540    0.2886    0.1531    0.0055
88      B         A           88           ALA        87.10         663  260  12  8.930  5.959  1.039   0.1556    0.2917    0.1551    0.0056
89      B         A           89           GLU        86.81         663  260  15  8.930  5.959  1.039   0.1557    0.2915    0.1550    0.0056
90      B         A           90           ASP        95.30         663  260  21  8.930  5.959  1.039   0.1576    0.2938    0.1566    0.0056
91      B         A           91           THR        94.51         663  260  20  8.930  5.959  1.039   0.1595    0.2952    0.1575    0.0057
92      B         A           92           ALA        97.14         663  260  20  8.930  5.959  1.039   0.1626    0.2964    0.1583    0.0057
93      B         A           93           VAL        98.60         663  260  25  8.930  5.959  1.039   0.1657    0.3029    0.1626    0.0059
94      B         A           94           TYR        98.92         663  260  24  8.930  5.959  1.039   0.1666    0.3086    0.1664    0.0061
95      B         A           95           TYR        98.94         663  260  27  8.930  5.959  1.039   0.1681    0.3066    0.1651    0.0060
96      B         A           96           CYS        97.14         663  260  27  8.930  5.959  1.039   0.1646    0.3068    0.1653    0.0060
97      B         A           97           ALA        97.86         663  260  24  8.930  5.959  1.039   0.1641    0.3028    0.1626    0.0059
98      B         A           98           ARG        93.40         663  260  27  8.930  5.959  1.039   0.1662    0.3145    0.1704    0.0062
99      B         A           99           ASP        88.03         663  260  26  8.930  5.959  1.039   0.1666    0.3045    0.1637    0.0059
100     B         A          100           TYR        75.14         663  260  18  8.930  5.959  1.039   0.1554    0.2993    0.1603    0.0058
101     B         A          101           GLY        68.90         663  260  10  8.930  5.959  1.039   0.1489    0.2946    0.1571    0.0056
102     B         A          102           SER        58.13         663  260  6  8.930  5.959  1.039   0.1439    0.2890    0.1533    0.0055
103     B         A          103           TYR        69.66         663  260  9  8.930  5.959  1.039   0.1486    0.3025    0.1620    0.0059
104     B         A          104           GLY        82.23         663  260  14  8.930  5.959  1.039   0.1548    0.2990    0.1599    0.0058
105     B         A          105           TYR        90.00         663  260  22  8.930  5.959  1.039   0.1601    0.3055    0.1643    0.0060
106     B         A          106           PHE        96.26         663  260  29  8.930  5.959  1.189   0.1687    0.3042    0.1636    0.0078
107     B         A          107           ASP        90.75         663  260  25  8.930  5.959  1.039   0.1644    0.3049    0.1639    0.0060
108     B         A          108           TYR        95.42         663  260  24  8.930  5.959  1.039   0.1618    0.2964    0.1584    0.0057
109     B         A          109           TRP        98.67         663  260  22  8.930  5.959  1.039   0.1631    0.3033    0.1629    0.0059
110     B         A          110           GLY        98.75         663  260  24  8.930  5.959  1.039   0.1644    0.3069    0.1653    0.0060
111     B         A          111           GLN        96.93         663  260  16  8.930  5.959  1.039   0.1578    0.2937    0.1565    0.0056
112     B         A          112           GLY        98.79         663  260  16  8.930  5.959  1.039   0.1581    0.2976    0.1590    0.0057
113     B         A          113           THR        98.29         663  260  21  8.930  5.959  1.039   0.1609    0.2990    0.1600    0.0058
114     B         A          114           LEU        97.92         663  260  20  8.930  5.959  1.039   0.1614    0.2949    0.1573    0.0057
115     B         A          115           VAL        98.11         663  260  19  8.930  5.959  1.039   0.1598    0.2966    0.1584    0.0057
116     B         A          116           THR        95.36         663  260  13  8.930  5.959  1.039   0.1569    0.2940    0.1566    0.0056
117     B         A          117           VAL        92.18         663  260  6  8.930  5.959  1.039   0.1483    0.2735    0.1436    0.0051
118     B         A          118           SER        83.81         663  260  0  8.930  5.959  1.039   0.1136    0.0000    0.0000    0.0000
119     B         A          119           SER        66.03         663  260  0  8.930  5.959  1.039   0.0885    0.0000    0.0000    0.0000
120     B         A          120           GLY        60.68         663  260  0  8.930  5.959  1.039   0.0818    0.0000    0.0000    0.0000
121     B         A          121           GLY        49.87         663  260  0  8.930  5.959  1.039   0.0790    0.0000    0.0000    0.0000
122     B         A          122           GLY        48.26         663  260  0  8.930  5.959  1.039   0.0787    0.0000    0.0000    0.0000
123     B         A          123           SER        43.82         663  260  0  8.930  5.959  1.039   0.0788    0.0000    0.0000    0.0000
124     B         A          124           GLY        45.99         663  260  0  8.930  5.959  1.039   0.0784    0.0000    0.0000    0.0000
125     B         A          125           GLY        45.10         663  260  0  8.930  5.959  1.039   0.0783    0.0000    0.0000    0.0000
126     B         A          126           GLY        43.97         663  260  0  8.930  5.959  1.039   0.0782    0.0000    0.0000    0.0000
127     B         A          127           SER        44.96         663  260  0  8.930  5.959  1.039   0.0793    0.0000    0.0000    0.0000
128     B         A          128           GLY        44.35         663  260  0  8.930  5.959  1.039   0.0796    0.0000    0.0000    0.0000
129     B         A          129           GLY        43.94         663  260  0  8.930  5.959  1.039   0.0802    0.0000    0.0000    0.0000
130     B         A          130           GLY        43.04         663  260  0  8.930  5.959  1.039   0.0809    0.0000    0.0000    0.0000
131     B         A          131           SER        44.61         663  260  0  8.930  5.959  1.039   0.0818    0.0000    0.0000    0.0000
132     B         A          132           GLY        49.14         663  260  0  8.930  5.959  1.039   0.0827    0.0000    0.0000    0.0000
133     B         A          133           GLY        51.21         663  260  0  8.930  5.959  1.039   0.0859    0.0000    0.0000    0.0000
134     B         A          134           GLY        62.26         663  260  0  8.930  5.959  1.039   0.0935    0.0000    0.0000    0.0000
135     B         A          135           SER        68.82         663  260  0  8.930  5.959  1.039   0.1083    0.0000    0.0000    0.0000
136     B         A          136           ASP        83.21         663  260  0  8.930  5.959  1.039   0.1291    0.0000    0.0000    0.0000
137     B         A          137           ILE        92.18         663  260  21  8.930  5.959  1.039   0.1567    0.2969    0.1586    0.0057
138     B         A          138           VAL        92.31         663  260  19  8.930  5.959  1.039   0.1604    0.2933    0.1563    0.0056
139     B         A          139           MET        97.08         663  260  22  8.930  5.959  1.039   0.1572    0.2949    0.1573    0.0057
140     B         A          140           THR        97.29         663  260  23  8.930  5.959  1.039   0.1625    0.2952    0.1576    0.0057
141     B         A          141           GLN        98.30         663  260  15  8.930  5.959  1.039   0.1543    0.2954    0.1576    0.0057
142     B         A          142           SER        97.55         663  260  11  8.930  5.959  1.039   0.1506    0.2863    0.1517    0.0054
143     B         A          143           PRO        97.79         663  260  9  8.930  5.959  1.039   0.1498    0.2870    0.1521    0.0054
144     B         A          144           LEU        94.96         663  260  7  8.930  5.959  1.039   0.1483    0.2773    0.1460    0.0052
145     B         A          145           SER        96.86         663  260  8  8.930  5.959  1.039   0.1487    0.2807    0.1481    0.0053
146     B         A          146           LEU        97.43         663  260  11  8.930  5.959  1.039   0.1510    0.2835    0.1499    0.0053
147     B         A          147           PRO        96.65         663  260  6  8.930  5.959  1.039   0.1492    0.2812    0.1484    0.0053
148     B         A          148           VAL        94.82         663  260  2  8.930  5.959  1.039   0.1420    0.2638    0.1376    0.0048
149     B         A          149           THR        95.43         663  260  4  8.930  5.959  1.039   0.1460    0.2728    0.1431    0.0051
150     B         A          150           PRO        94.19         663  260  5  8.930  5.959  1.039   0.1460    0.2767    0.1456    0.0052
151     B         A          151           GLY        97.29         663  260  12  8.930  5.959  1.039   0.1516    0.2801    0.1478    0.0052
152     B         A          152           GLU        95.89         663  260  14  8.930  5.959  1.039   0.1545    0.2840    0.1503    0.0054
153     B         A          153           PRO        98.14         663  260  18  8.930  5.959  1.039   0.1562    0.2909    0.1547    0.0055
154     B         A          154           ALA        98.05         663  260  19  8.930  5.959  1.039   0.1577    0.2920    0.1554    0.0056
155     B         A          155           SER        97.83         663  260  19  8.930  5.959  1.039   0.1571    0.2935    0.1564    0.0056
156     B         A          156           ILE        98.86         663  260  22  8.930  5.959  1.039   0.1606    0.2970    0.1587    0.0057
157     B         A          157           SER        98.66         663  260  23  8.930  5.959  1.039   0.1608    0.2971    0.1588    0.0057
158     B         A          158           CYS        98.77         663  260  23  8.930  5.959  1.039   0.1596    0.2963    0.1582    0.0057
159     B         A          159           ARG        98.36         663  260  23  8.930  5.959  1.039   0.1594    0.2975    0.1591    0.0057
160     B         A          160           SER        96.95         663  260  24  8.930  5.959  1.039   0.1596    0.3010    0.1613    0.0058
161     B         A          161           SER        91.91         663  260  23  8.930  5.959  1.039   0.1618    0.2962    0.1582    0.0057
162     B         A          162           GLN        89.32         663  260  23  8.930  5.959  1.039   0.1579    0.3049    0.1639    0.0059
163     B         A          163           SER        88.86         663  260  26  8.930  5.959  1.039   0.1607    0.3084    0.1663    0.0061
164     B         A          164           LEU        93.44         663  260  26  8.930  5.959  1.039   0.1633    0.3162    0.1714    0.0063
165     B         A          165           LEU        77.52         663  260  25  8.930  5.959  1.039   0.1594    0.3154    0.1710    0.0063
166     B         A          166           TYR        69.90         663  260  27  8.930  5.959  1.039   0.1617    0.3112    0.1683    0.0062
167     B         A          167           SER        53.35         663  260  24  8.930  5.959  1.039   0.1583    0.3024    0.1623    0.0059
168     B         A          168           ASN        53.62         663  260  34  8.930  5.959  1.509   0.1676    0.3132    0.1696    0.0130
169     B         A          169           GLY        57.22         663  260  24  8.930  5.959  1.039   0.1621    0.3031    0.1627    0.0059
170     B         A          170           ASN        69.15         663  260  19  8.930  5.959  1.039   0.1558    0.2996    0.1604    0.0058
171     B         A          171           THR        86.40         663  260  24  8.930  5.959  1.039   0.1599    0.3066    0.1650    0.0060
172     B         A          172           TYR        85.81         663  260  27  8.930  5.959  1.039   0.1646    0.3186    0.1732    0.0064
173     B         A          173           LEU        96.71         663  260  26  8.930  5.959  1.039   0.1630    0.3106    0.1676    0.0061
174     B         A          174           GLU        96.38         663  260  24  8.930  5.959  1.039   0.1640    0.3122    0.1687    0.0062
175     B         A          175           TRP        98.94         663  260  25  8.930  5.959  1.039   0.1651    0.3129    0.1692    0.0062
176     B         A          176           TYR        98.92         663  260  24  8.930  5.959  1.039   0.1650    0.3060    0.1646    0.0060
177     B         A          177           LEU        98.80         663  260  26  8.930  5.959  1.039   0.1650    0.3077    0.1658    0.0060
178     B         A          178           GLN        98.83         663  260  24  8.930  5.959  1.039   0.1644    0.3018    0.1619    0.0059
179     B         A          179           LYS        97.50         663  260  22  8.930  5.959  1.039   0.1619    0.2970    0.1587    0.0057
180     B         A          180           PRO        95.26         663  260  12  8.930  5.959  1.039   0.1542    0.2869    0.1520    0.0054
181     B         A          181           GLY        95.38         663  260  7  8.930  5.959  1.039   0.1486    0.2789    0.1470    0.0052
182     B         A          182           GLN        97.23         663  260  19  8.930  5.959  1.039   0.1587    0.2958    0.1579    0.0057
183     B         A          183           SER        98.25         663  260  24  8.930  5.959  1.039   0.1611    0.2973    0.1590    0.0057
184     B         A          184           PRO        98.79         663  260  20  8.930  5.959  1.039   0.1608    0.2967    0.1585    0.0057
185     B         A          185           GLN        96.95         663  260  22  8.930  5.959  1.039   0.1596    0.2981    0.1594    0.0058
186     B         A          186           LEU        96.82         663  260  28  8.930  5.959  1.116   0.1678    0.3057    0.1645    0.0069
187     B         A          187           LEU        98.60         663  260  23  8.930  5.959  1.039   0.1631    0.3054    0.1642    0.0060
188     B         A          188           ILE        97.87         663  260  28  8.930  5.959  1.116   0.1676    0.3106    0.1677    0.0071
189     B         A          189           TYR        88.66         663  260  24  8.930  5.959  1.039   0.1625    0.3086    0.1664    0.0061
190     B         A          190           LEU        82.50         663  260  26  8.930  5.959  1.039   0.1638    0.3122    0.1688    0.0062
191     B         A          191           VAL        93.27         663  260  21  8.930  5.959  1.039   0.1567    0.3028    0.1624    0.0059
192     B         A          192           SER        88.74         663  260  20  8.930  5.959  1.039   0.1562    0.3010    0.1614    0.0058
193     B         A          193           LYS        82.03         663  260  22  8.930  5.959  1.039   0.1604    0.3074    0.1656    0.0060
194     B         A          194           LEU        92.53         663  260  24  8.930  5.959  1.039   0.1607    0.3038    0.1632    0.0059
195     B         A          195           ASP        91.96         663  260  20  8.930  5.959  1.039   0.1598    0.3003    0.1609    0.0058
196     B         A          196           SER        78.82         663  260  16  8.930  5.959  1.039   0.1558    0.2968    0.1585    0.0057
197     B         A          197           GLY        90.62         663  260  16  8.930  5.959  1.039   0.1560    0.2941    0.1567    0.0056
198     B         A          198           VAL        97.13         663  260  21  8.930  5.959  1.039   0.1592    0.2972    0.1588    0.0057
199     B         A          199           PRO        96.64         663  260  15  8.930  5.959  1.039   0.1539    0.2896    0.1538    0.0055
200     B         A          200           ASP        90.97         663  260  8  8.930  5.959  1.039   0.1488    0.2816    0.1487    0.0053
201     B         A          201           ARG        97.19         663  260  15  8.930  5.959  1.039   0.1541    0.2903    0.1543    0.0055
202     B         A          202           PHE        98.57         663  260  25  8.930  5.959  1.039   0.1616    0.3019    0.1619    0.0059
203     B         A          203           SER        97.82         663  260  25  8.930  5.959  1.039   0.1615    0.3060    0.1646    0.0060
204     B         A          204           GLY        98.33         663  260  20  8.930  5.959  1.039   0.1578    0.3012    0.1614    0.0058
205     B         A          205           SER        97.53         663  260  23  8.930  5.959  1.039   0.1596    0.2989    0.1600    0.0058
206     B         A          206           GLY        96.71         663  260  15  8.930  5.959  1.039   0.1540    0.2937    0.1565    0.0056
207     B         A          207           SER        87.62         663  260  18  8.930  5.959  1.039   0.1535    0.2943    0.1569    0.0056
208     B         A          208           GLY        91.58         663  260  19  8.930  5.959  1.039   0.1544    0.2942    0.1569    0.0056
209     B         A          209           THR        96.59         663  260  24  8.930  5.959  1.039   0.1606    0.2985    0.1597    0.0058
210     B         A          210           ASP        98.21         663  260  23  8.930  5.959  1.039   0.1612    0.2974    0.1589    0.0057
211     B         A          211           PHE        98.78         663  260  26  8.930  5.959  1.039   0.1624    0.3051    0.1641    0.0060
212     B         A          212           THR        98.63         663  260  23  8.930  5.959  1.039   0.1615    0.3008    0.1612    0.0058
213     B         A          213           LEU        98.90         663  260  23  8.930  5.959  1.039   0.1620    0.3043    0.1635    0.0059
214     B         A          214           LYS        98.44         663  260  20  8.930  5.959  1.039   0.1608    0.3005    0.1609    0.0058
215     B         A          215           ILE        98.56         663  260  22  8.930  5.959  1.039   0.1607    0.3015    0.1616    0.0058
216     B         A          216           SER        98.01         663  260  20  8.930  5.959  1.039   0.1581    0.2963    0.1582    0.0057
217     B         A          217           ARG        96.51         663  260  16  8.930  5.959  1.039   0.1548    0.2911    0.1548    0.0055
218     B         A          218           VAL        97.84         663  260  17  8.930  5.959  1.039   0.1555    0.2907    0.1546    0.0055
219     B         A          219           GLU        96.22         663  260  14  8.930  5.959  1.039   0.1538    0.2872    0.1523    0.0054
220     B         A          220           ALA        93.75         663  260  9  8.930  5.959  1.039   0.1499    0.2829    0.1495    0.0053
221     B         A          221           GLU        94.07         663  260  12  8.930  5.959  1.039   0.1519    0.2838    0.1501    0.0053
222     B         A          222           ASP        97.61         663  260  15  8.930  5.959  1.039   0.1540    0.2900    0.1541    0.0055
223     B         A          223           LEU        94.26         663  260  9  8.930  5.959  1.039   0.1498    0.2787    0.1469    0.0052
224     B         A          224           GLY        98.28         663  260  16  8.930  5.959  1.039   0.1566    0.2907    0.1546    0.0055
225     B         A          225           ILE        98.69         663  260  25  8.930  5.959  1.039   0.1660    0.3027    0.1624    0.0059
226     B         A          226           TYR        98.96         663  260  25  8.930  5.959  1.039   0.1636    0.3018    0.1619    0.0059
227     B         A          227           TYR        98.91         663  260  25  8.930  5.959  1.039   0.1654    0.3022    0.1621    0.0059
228     B         A          228           CYS        98.49         663  260  27  8.930  5.959  1.039   0.1636    0.3022    0.1622    0.0059
229     B         A          229           GLN        98.00         663  260  23  8.930  5.959  1.039   0.1632    0.3076    0.1656    0.0060
230     B         A          230           GLN        95.55         663  260  23  8.930  5.959  1.039   0.1602    0.3092    0.1667    0.0061
231     B         A          231           SER        86.85         663  260  26  8.930  5.959  1.039   0.1611    0.3049    0.1640    0.0060
232     B         A          232           LYS        84.66         663  260  22  8.930  5.959  1.039   0.1583    0.3032    0.1628    0.0059
233     B         A          233           GLU        78.34         663  260  22  8.930  5.959  1.039   0.1565    0.2948    0.1574    0.0057
234     B         A          234           VAL        80.15         663  260  22  8.930  5.959  1.039   0.1586    0.3000    0.1608    0.0058
235     B         A          235           PRO        86.90         663  260  17  8.930  5.959  1.039   0.1571    0.2965    0.1583    0.0057
236     B         A          236           TYR        91.69         663  260  28  8.930  5.959  1.116   0.1699    0.3156    0.1711    0.0072
237     B         A          237           THR        94.37         663  260  23  8.930  5.959  1.039   0.1628    0.3023    0.1622    0.0059
238     B         A          238           PHE        97.71         663  260  23  8.930  5.959  1.039   0.1634    0.3024    0.1622    0.0059
239     B         A          239           GLY        97.65         663  260  22  8.930  5.959  1.039   0.1606    0.2997    0.1605    0.0058
240     B         A          240           ALA        96.44         663  260  23  8.930  5.959  1.039   0.1624    0.2923    0.1557    0.0056
241     B         A          241           GLY        98.46         663  260  16  8.930  5.959  1.039   0.1555    0.2919    0.1553    0.0056
242     B         A          242           THR        98.80         663  260  24  8.930  5.959  1.039   0.1625    0.2975    0.1591    0.0057
243     B         A          243           LYS        98.15         663  260  19  8.930  5.959  1.039   0.1610    0.2962    0.1581    0.0057
244     B         A          244           LEU        97.79         663  260  14  8.930  5.959  1.039   0.1538    0.2889    0.1534    0.0055
245     B         A          245           GLU        91.35         663  260  0  8.930  5.959  1.039   0.1412    0.0000    0.0000    0.0000
246     B         A          246           ILE        84.13         663  260  0  8.930  5.959  1.039   0.1224    0.0000    0.0000    0.0000
247     B         A          247           LYS        82.52         663  260  0  8.930  5.959  1.039   0.1043    0.0000    0.0000    0.0000
