i,AlignChn,ScoredChain,AlignResNum,AlignResType,AlignRespLDDT,n0chn,n0dom,n0res,d0chn,d0dom,d0res,ipTM_pae,ipSAE_d0chn,ipSAE_d0dom,ipSAE 
247     A         B            1           ILE        92.79         662  0  0  8.925  1.039  1.039   0.1056    0.0000    0.0000    0.0000
248     A         B            2           CYS        94.58         662  0  0  8.925  1.039  1.039   0.1130    0.0000    0.0000    0.0000
249     A         B            3           LEU        92.51         662  0  0  8.925  1.039  1.039   0.1126    0.0000    0.0000    0.0000
250     A         B            4           GLN        92.85         662  0  0  8.925  1.039  1.039   0.1153    0.0000    0.0000    0.0000
251     A         B            5           LYS        93.59         662  0  0  8.925  1.039  1.039   0.1160    0.0000    0.0000    0.0000
252     A         B            6           THR        93.06         662  0  0  8.925  1.039  1.039   0.1129    0.0000    0.0000    0.0000
253     A         B            7           SER        88.06         662  0  0  8.925  1.039  1.039   0.1106    0.0000    0.0000    0.0000
254     A         B            8           ASN        88.34         662  0  0  8.925  1.039  1.039   0.1078    0.0000    0.0000    0.0000
255     A         B            9           GLN        88.65         662  0  0  8.925  1.039  1.039   0.1079    0.0000    0.0000    0.0000
256     A         B           10           ILE        93.52         662  0  0  8.925  1.039  1.039   0.1142    0.0000    0.0000    0.0000
257     A         B           11           LEU        96.32         662  0  0  8.925  1.039  1.039   0.1263    0.0000    0.0000    0.0000
258     A         B           12           LYS        92.53         662  0  0  8.925  1.039  1.039   0.1267    0.0000    0.0000    0.0000
259     A         B           13           PRO        95.91         662  0  0  8.925  1.039  1.039   0.1282    0.0000    0.0000    0.0000
260     A         B           14           LYS        91.43         662  0  0  8.925  1.039  1.039   0.1301    0.0000    0.0000    0.0000
261     A         B           15           LEU        88.43         662  0  0  8.925  1.039  1.039   0.1303    0.0000    0.0000    0.0000
262     A         B           16           ILE        86.27         662  0  0  8.925  1.039  1.039   0.1308    0.0000    0.0000    0.0000
263     A         B           17           SER        62.52         662  0  0  8.925  1.039  1.039   0.1245    0.0000    0.0000    0.0000
264     A         B           18           TYR        62.49         662  0  0  8.925  1.039  1.039   0.1227    0.0000    0.0000    0.0000
265     A         B           19           THR        61.50         662  0  0  8.925  1.039  1.039   0.1254    0.0000    0.0000    0.0000
266     A         B           20           LEU        67.93         662  0  0  8.925  1.039  1.039   0.1248    0.0000    0.0000    0.0000
267     A         B           21           PRO        56.87         662  0  0  8.925  1.039  1.039   0.1211    0.0000    0.0000    0.0000
268     A         B           22           VAL        62.46         662  0  0  8.925  1.039  1.039   0.1200    0.0000    0.0000    0.0000
269     A         B           23           VAL        61.52         662  0  0  8.925  1.039  1.039   0.1210    0.0000    0.0000    0.0000
270     A         B           24           GLY        63.12         662  0  0  8.925  1.039  1.039   0.1171    0.0000    0.0000    0.0000
271     A         B           25           GLN        62.37         662  0  0  8.925  1.039  1.039   0.1208    0.0000    0.0000    0.0000
272     A         B           26           SER        66.69         662  0  0  8.925  1.039  1.039   0.1218    0.0000    0.0000    0.0000
273     A         B           27           GLY        71.93         662  0  0  8.925  1.039  1.039   0.1232    0.0000    0.0000    0.0000
274     A         B           28           THR        78.07         662  0  0  8.925  1.039  1.039   0.1247    0.0000    0.0000    0.0000
275     A         B           29           CYS        77.14         662  0  0  8.925  1.039  1.039   0.1263    0.0000    0.0000    0.0000
276     A         B           30           ILE        85.38         662  0  0  8.925  1.039  1.039   0.1303    0.0000    0.0000    0.0000
277     A         B           31           THR        86.05         662  0  0  8.925  1.039  1.039   0.1285    0.0000    0.0000    0.0000
278     A         B           32           ASP        92.28         662  0  0  8.925  1.039  1.039   0.1302    0.0000    0.0000    0.0000
279     A         B           33           PRO        93.65         662  0  0  8.925  1.039  1.039   0.1316    0.0000    0.0000    0.0000
280     A         B           34           LEU        96.50         662  0  0  8.925  1.039  1.039   0.1328    0.0000    0.0000    0.0000
281     A         B           35           LEU        96.75         662  0  0  8.925  1.039  1.039   0.1337    0.0000    0.0000    0.0000
282     A         B           36           ALA        98.25         662  0  0  8.925  1.039  1.039   0.1348    0.0000    0.0000    0.0000
283     A         B           37           MET        96.49         662  0  0  8.925  1.039  1.039   0.1316    0.0000    0.0000    0.0000
284     A         B           38           ASP        95.52         662  0  0  8.925  1.039  1.039   0.1317    0.0000    0.0000    0.0000
285     A         B           39           GLU        94.18         662  0  0  8.925  1.039  1.039   0.1269    0.0000    0.0000    0.0000
286     A         B           40           GLY        94.41         662  0  0  8.925  1.039  1.039   0.1280    0.0000    0.0000    0.0000
287     A         B           41           TYR        96.26         662  0  0  8.925  1.039  1.039   0.1291    0.0000    0.0000    0.0000
288     A         B           42           PHE        95.80         662  0  0  8.925  1.039  1.039   0.1303    0.0000    0.0000    0.0000
289     A         B           43           ALA        97.67         662  0  0  8.925  1.039  1.039   0.1325    0.0000    0.0000    0.0000
290     A         B           44           TYR        93.97         662  0  0  8.925  1.039  1.039   0.1297    0.0000    0.0000    0.0000
291     A         B           45           SER        95.89         662  0  0  8.925  1.039  1.039   0.1309    0.0000    0.0000    0.0000
292     A         B           46           HIS        91.65         662  0  0  8.925  1.039  1.039   0.1301    0.0000    0.0000    0.0000
293     A         B           47           LEU        91.75         662  0  0  8.925  1.039  1.039   0.1291    0.0000    0.0000    0.0000
294     A         B           48           GLU        86.26         662  0  0  8.925  1.039  1.039   0.1285    0.0000    0.0000    0.0000
295     A         B           49           ARG        82.47         662  0  0  8.925  1.039  1.039   0.1231    0.0000    0.0000    0.0000
296     A         B           50           ILE        79.31         662  0  0  8.925  1.039  1.039   0.1249    0.0000    0.0000    0.0000
297     A         B           51           GLY        71.78         662  0  0  8.925  1.039  1.039   0.1228    0.0000    0.0000    0.0000
298     A         B           52           SER        67.84         662  0  0  8.925  1.039  1.039   0.1241    0.0000    0.0000    0.0000
299     A         B           53           CYS        70.26         662  0  0  8.925  1.039  1.039   0.1265    0.0000    0.0000    0.0000
300     A         B           54           SER        61.46         662  0  0  8.925  1.039  1.039   0.1220    0.0000    0.0000    0.0000
301     A         B           55           ARG        63.51         662  0  0  8.925  1.039  1.039   0.1204    0.0000    0.0000    0.0000
302     A         B           56           GLY        73.13         662  0  0  8.925  1.039  1.039   0.1199    0.0000    0.0000    0.0000
303     A         B           57           VAL        80.23         662  0  0  8.925  1.039  1.039   0.1222    0.0000    0.0000    0.0000
304     A         B           58           SER        85.99         662  0  0  8.925  1.039  1.039   0.1238    0.0000    0.0000    0.0000
305     A         B           59           LYS        85.11         662  0  0  8.925  1.039  1.039   0.1247    0.0000    0.0000    0.0000
306     A         B           60           GLN        86.46         662  0  0  8.925  1.039  1.039   0.1249    0.0000    0.0000    0.0000
307     A         B           61           ARG        93.10         662  0  0  8.925  1.039  1.039   0.1272    0.0000    0.0000    0.0000
308     A         B           62           ILE        90.30         662  0  0  8.925  1.039  1.039   0.1279    0.0000    0.0000    0.0000
309     A         B           63           ILE        96.01         662  0  0  8.925  1.039  1.039   0.1298    0.0000    0.0000    0.0000
310     A         B           64           GLY        93.09         662  0  0  8.925  1.039  1.039   0.1312    0.0000    0.0000    0.0000
311     A         B           65           VAL        94.78         662  0  0  8.925  1.039  1.039   0.1309    0.0000    0.0000    0.0000
312     A         B           66           GLY        91.65         662  0  0  8.925  1.039  1.039   0.1300    0.0000    0.0000    0.0000
313     A         B           67           GLU        85.94         662  0  0  8.925  1.039  1.039   0.1280    0.0000    0.0000    0.0000
314     A         B           68           VAL        92.73         662  0  0  8.925  1.039  1.039   0.1315    0.0000    0.0000    0.0000
315     A         B           69           LEU        82.99         662  0  0  8.925  1.039  1.039   0.1262    0.0000    0.0000    0.0000
316     A         B           70           ASP        84.01         662  0  0  8.925  1.039  1.039   0.1242    0.0000    0.0000    0.0000
317     A         B           71           ARG        74.25         662  0  0  8.925  1.039  1.039   0.1159    0.0000    0.0000    0.0000
318     A         B           72           GLY        78.15         662  0  0  8.925  1.039  1.039   0.1157    0.0000    0.0000    0.0000
319     A         B           73           ASP        81.76         662  0  0  8.925  1.039  1.039   0.1198    0.0000    0.0000    0.0000
320     A         B           74           GLU        87.74         662  0  0  8.925  1.039  1.039   0.1241    0.0000    0.0000    0.0000
321     A         B           75           VAL        89.81         662  0  0  8.925  1.039  1.039   0.1284    0.0000    0.0000    0.0000
322     A         B           76           PRO        93.08         662  0  0  8.925  1.039  1.039   0.1297    0.0000    0.0000    0.0000
323     A         B           77           SER        85.14         662  0  0  8.925  1.039  1.039   0.1279    0.0000    0.0000    0.0000
324     A         B           78           LEU        88.89         662  0  0  8.925  1.039  1.039   0.1314    0.0000    0.0000    0.0000
325     A         B           79           PHE        84.40         662  0  0  8.925  1.039  1.039   0.1313    0.0000    0.0000    0.0000
326     A         B           80           MET        84.91         662  0  0  8.925  1.039  1.039   0.1296    0.0000    0.0000    0.0000
327     A         B           81           THR        87.00         662  0  0  8.925  1.039  1.039   0.1289    0.0000    0.0000    0.0000
328     A         B           82           ASN        89.05         662  0  0  8.925  1.039  1.039   0.1286    0.0000    0.0000    0.0000
329     A         B           83           VAL        87.68         662  0  0  8.925  1.039  1.039   0.1291    0.0000    0.0000    0.0000
330     A         B           84           TRP        92.61         662  0  0  8.925  1.039  1.039   0.1276    0.0000    0.0000    0.0000
331     A         B           85           THR        89.60         662  0  0  8.925  1.039  1.039   0.1257    0.0000    0.0000    0.0000
332     A         B           86           PRO        93.13         662  0  0  8.925  1.039  1.039   0.1248    0.0000    0.0000    0.0000
333     A         B           87           PRO        89.92         662  0  0  8.925  1.039  1.039   0.1202    0.0000    0.0000    0.0000
334     A         B           88           ASN        91.81         662  0  0  8.925  1.039  1.039   0.1234    0.0000    0.0000    0.0000
335     A         B           89           PRO        90.08         662  0  0  8.925  1.039  1.039   0.1224    0.0000    0.0000    0.0000
336     A         B           90           ASN        89.89         662  0  0  8.925  1.039  1.039   0.1239    0.0000    0.0000    0.0000
337     A         B           91           THR        94.86         662  0  0  8.925  1.039  1.039   0.1239    0.0000    0.0000    0.0000
338     A         B           92           VAL        96.30         662  0  0  8.925  1.039  1.039   0.1279    0.0000    0.0000    0.0000
339     A         B           93           TYR        96.70         662  0  0  8.925  1.039  1.039   0.1270    0.0000    0.0000    0.0000
340     A         B           94           HIS        97.82         662  0  0  8.925  1.039  1.039   0.1309    0.0000    0.0000    0.0000
341     A         B           95           CYS        98.12         662  0  0  8.925  1.039  1.039   0.1313    0.0000    0.0000    0.0000
342     A         B           96           SER        98.80         662  0  0  8.925  1.039  1.039   0.1320    0.0000    0.0000    0.0000
343     A         B           97           ALA        98.70         662  0  0  8.925  1.039  1.039   0.1325    0.0000    0.0000    0.0000
344     A         B           98           VAL        98.72         662  0  0  8.925  1.039  1.039   0.1308    0.0000    0.0000    0.0000
345     A         B           99           TYR        97.86         662  0  0  8.925  1.039  1.039   0.1318    0.0000    0.0000    0.0000
346     A         B          100           ASN        95.78         662  0  0  8.925  1.039  1.039   0.1295    0.0000    0.0000    0.0000
347     A         B          101           ASN        90.09         662  0  0  8.925  1.039  1.039   0.1218    0.0000    0.0000    0.0000
348     A         B          102           GLU        89.21         662  0  0  8.925  1.039  1.039   0.1244    0.0000    0.0000    0.0000
349     A         B          103           PHE        94.60         662  0  0  8.925  1.039  1.039   0.1294    0.0000    0.0000    0.0000
350     A         B          104           TYR        97.69         662  0  0  8.925  1.039  1.039   0.1291    0.0000    0.0000    0.0000
351     A         B          105           TYR        97.54         662  0  0  8.925  1.039  1.039   0.1306    0.0000    0.0000    0.0000
352     A         B          106           VAL        98.34         662  0  0  8.925  1.039  1.039   0.1298    0.0000    0.0000    0.0000
353     A         B          107           LEU        98.64         662  0  0  8.925  1.039  1.039   0.1306    0.0000    0.0000    0.0000
354     A         B          108           CYS        98.13         662  0  0  8.925  1.039  1.039   0.1302    0.0000    0.0000    0.0000
355     A         B          109           ALA        98.26         662  0  0  8.925  1.039  1.039   0.1302    0.0000    0.0000    0.0000
356     A         B          110           VAL        96.96         662  0  0  8.925  1.039  1.039   0.1275    0.0000    0.0000    0.0000
357     A         B          111           SER        96.89         662  0  0  8.925  1.039  1.039   0.1273    0.0000    0.0000    0.0000
358     A         B          112           THR        93.60         662  0  0  8.925  1.039  1.039   0.1249    0.0000    0.0000    0.0000
359     A         B          113           VAL        92.68         662  0  0  8.925  1.039  1.039   0.1273    0.0000    0.0000    0.0000
360     A         B          114           GLY        91.91         662  0  0  8.925  1.039  1.039   0.1255    0.0000    0.0000    0.0000
361     A         B          115           ASP        93.05         662  0  0  8.925  1.039  1.039   0.1290    0.0000    0.0000    0.0000
362     A         B          116           PRO        97.66         662  0  0  8.925  1.039  1.039   0.1293    0.0000    0.0000    0.0000
363     A         B          117           ILE        96.48         662  0  0  8.925  1.039  1.039   0.1291    0.0000    0.0000    0.0000
364     A         B          118           LEU        91.97         662  0  0  8.925  1.039  1.039   0.1281    0.0000    0.0000    0.0000
365     A         B          119           ASN        94.12         662  0  0  8.925  1.039  1.039   0.1249    0.0000    0.0000    0.0000
366     A         B          120           SER        95.70         662  0  0  8.925  1.039  1.039   0.1288    0.0000    0.0000    0.0000
367     A         B          121           THR        93.64         662  0  0  8.925  1.039  1.039   0.1264    0.0000    0.0000    0.0000
368     A         B          122           TYR        93.18         662  0  0  8.925  1.039  1.039   0.1255    0.0000    0.0000    0.0000
369     A         B          123           TRP        97.53         662  0  0  8.925  1.039  1.039   0.1269    0.0000    0.0000    0.0000
370     A         B          124           SER        94.94         662  0  0  8.925  1.039  1.039   0.1238    0.0000    0.0000    0.0000
371     A         B          125           GLY        97.53         662  0  0  8.925  1.039  1.039   0.1231    0.0000    0.0000    0.0000
372     A         B          126           SER        95.31         662  0  0  8.925  1.039  1.039   0.1242    0.0000    0.0000    0.0000
373     A         B          127           LEU        97.94         662  0  0  8.925  1.039  1.039   0.1291    0.0000    0.0000    0.0000
374     A         B          128           MET        95.43         662  0  0  8.925  1.039  1.039   0.1263    0.0000    0.0000    0.0000
375     A         B          129           MET        96.19         662  0  0  8.925  1.039  1.039   0.1284    0.0000    0.0000    0.0000
376     A         B          130           THR        95.95         662  0  0  8.925  1.039  1.039   0.1299    0.0000    0.0000    0.0000
377     A         B          131           ARG        93.97         662  0  0  8.925  1.039  1.039   0.1282    0.0000    0.0000    0.0000
378     A         B          132           LEU        95.04         662  0  0  8.925  1.039  1.039   0.1303    0.0000    0.0000    0.0000
379     A         B          133           ALA        91.70         662  0  0  8.925  1.039  1.039   0.1312    0.0000    0.0000    0.0000
380     A         B          134           VAL        92.33         662  0  0  8.925  1.039  1.039   0.1285    0.0000    0.0000    0.0000
381     A         B          135           LYS        83.89         662  0  0  8.925  1.039  1.039   0.1235    0.0000    0.0000    0.0000
382     A         B          136           PRO        79.37         662  0  0  8.925  1.039  1.039   0.1182    0.0000    0.0000    0.0000
383     A         B          137           LYS        73.02         662  0  0  8.925  1.039  1.039   0.1148    0.0000    0.0000    0.0000
384     A         B          138           SER        64.76         662  0  0  8.925  1.039  1.039   0.1028    0.0000    0.0000    0.0000
385     A         B          139           ASN        65.16         662  0  0  8.925  1.039  1.039   0.0973    0.0000    0.0000    0.0000
386     A         B          140           GLY        65.20         662  0  0  8.925  1.039  1.039   0.1004    0.0000    0.0000    0.0000
387     A         B          141           GLY        64.44         662  0  0  8.925  1.039  1.039   0.1036    0.0000    0.0000    0.0000
388     A         B          142           GLY        68.59         662  0  0  8.925  1.039  1.039   0.1079    0.0000    0.0000    0.0000
389     A         B          143           TYR        71.34         662  0  0  8.925  1.039  1.039   0.1159    0.0000    0.0000    0.0000
390     A         B          144           ASN        83.49         662  0  0  8.925  1.039  1.039   0.1212    0.0000    0.0000    0.0000
391     A         B          145           GLN        84.97         662  0  0  8.925  1.039  1.039   0.1226    0.0000    0.0000    0.0000
392     A         B          146           HIS        88.16         662  0  0  8.925  1.039  1.039   0.1257    0.0000    0.0000    0.0000
393     A         B          147           GLN        89.21         662  0  0  8.925  1.039  1.039   0.1242    0.0000    0.0000    0.0000
394     A         B          148           LEU        91.71         662  0  0  8.925  1.039  1.039   0.1252    0.0000    0.0000    0.0000
395     A         B          149           ALA        84.66         662  0  0  8.925  1.039  1.039   0.1198    0.0000    0.0000    0.0000
396     A         B          150           LEU        92.93         662  0  0  8.925  1.039  1.039   0.1223    0.0000    0.0000    0.0000
397     A         B          151           ARG        86.87         662  0  0  8.925  1.039  1.039   0.1173    0.0000    0.0000    0.0000
398     A         B          152           SER        91.35         662  0  0  8.925  1.039  1.039   0.1208    0.0000    0.0000    0.0000
399     A         B          153           ILE        96.88         662  0  0  8.925  1.039  1.039   0.1268    0.0000    0.0000    0.0000
400     A         B          154           GLU        96.44         662  0  0  8.925  1.039  1.039   0.1273    0.0000    0.0000    0.0000
401     A         B          155           LYS        97.05         662  0  0  8.925  1.039  1.039   0.1248    0.0000    0.0000    0.0000
402     A         B          156           GLY        96.97         662  0  0  8.925  1.039  1.039   0.1249    0.0000    0.0000    0.0000
403     A         B          157           ARG        94.89         662  0  0  8.925  1.039  1.039   0.1241    0.0000    0.0000    0.0000
404     A         B          158           TYR        98.67         662  0  0  8.925  1.039  1.039   0.1284    0.0000    0.0000    0.0000
405     A         B          159           ASP        97.43         662  0  0  8.925  1.039  1.039   0.1263    0.0000    0.0000    0.0000
406     A         B          160           LYS        98.46         662  0  0  8.925  1.039  1.039   0.1262    0.0000    0.0000    0.0000
407     A         B          161           VAL        98.80         662  0  0  8.925  1.039  1.039   0.1296    0.0000    0.0000    0.0000
408     A         B          162           MET        98.17         662  0  0  8.925  1.039  1.039   0.1267    0.0000    0.0000    0.0000
409     A         B          163           PRO        98.83         662  0  0  8.925  1.039  1.039   0.1306    0.0000    0.0000    0.0000
410     A         B          164           TYR        98.73         662  0  0  8.925  1.039  1.039   0.1304    0.0000    0.0000    0.0000
411     A         B          165           GLY        98.71         662  0  0  8.925  1.039  1.039   0.1293    0.0000    0.0000    0.0000
412     A         B          166           PRO        97.93         662  0  0  8.925  1.039  1.039   0.1325    0.0000    0.0000    0.0000
413     A         B          167           SER        98.04         662  0  0  8.925  1.039  1.039   0.1350    0.0000    0.0000    0.0000
414     A         B          168           GLY        98.76         662  0  0  8.925  1.039  1.039   0.1336    0.0000    0.0000    0.0000
415     A         B          169           ILE        98.35         662  0  0  8.925  1.039  1.039   0.1333    0.0000    0.0000    0.0000
416     A         B          170           LYS        96.89         662  0  0  8.925  1.039  1.039   0.1306    0.0000    0.0000    0.0000
417     A         B          171           GLN        94.08         662  0  0  8.925  1.039  1.039   0.1279    0.0000    0.0000    0.0000
418     A         B          172           GLY        93.44         662  0  0  8.925  1.039  1.039   0.1250    0.0000    0.0000    0.0000
419     A         B          173           ASP        89.77         662  0  0  8.925  1.039  1.039   0.1211    0.0000    0.0000    0.0000
420     A         B          174           THR        97.06         662  0  0  8.925  1.039  1.039   0.1293    0.0000    0.0000    0.0000
421     A         B          175           LEU        98.11         662  0  0  8.925  1.039  1.039   0.1299    0.0000    0.0000    0.0000
422     A         B          176           TYR        98.69         662  0  0  8.925  1.039  1.039   0.1306    0.0000    0.0000    0.0000
423     A         B          177           PHE        98.91         662  0  0  8.925  1.039  1.039   0.1309    0.0000    0.0000    0.0000
424     A         B          178           PRO        98.91         662  0  0  8.925  1.039  1.039   0.1323    0.0000    0.0000    0.0000
425     A         B          179           ALA        98.89         662  0  0  8.925  1.039  1.039   0.1309    0.0000    0.0000    0.0000
426     A         B          180           VAL        98.83         662  0  0  8.925  1.039  1.039   0.1305    0.0000    0.0000    0.0000
427     A         B          181           GLY        98.85         662  0  0  8.925  1.039  1.039   0.1300    0.0000    0.0000    0.0000
428     A         B          182           PHE        98.63         662  0  0  8.925  1.039  1.039   0.1304    0.0000    0.0000    0.0000
429     A         B          183           LEU        98.21         662  0  0  8.925  1.039  1.039   0.1308    0.0000    0.0000    0.0000
430     A         B          184           VAL        97.46         662  0  0  8.925  1.039  1.039   0.1268    0.0000    0.0000    0.0000
431     A         B          185           ARG        95.24         662  0  0  8.925  1.039  1.039   0.1260    0.0000    0.0000    0.0000
432     A         B          186           THR        94.58         662  0  0  8.925  1.039  1.039   0.1263    0.0000    0.0000    0.0000
433     A         B          187           GLU        95.44         662  0  0  8.925  1.039  1.039   0.1267    0.0000    0.0000    0.0000
434     A         B          188           PHE        96.53         662  0  0  8.925  1.039  1.039   0.1259    0.0000    0.0000    0.0000
435     A         B          189           LYS        92.16         662  0  0  8.925  1.039  1.039   0.1202    0.0000    0.0000    0.0000
436     A         B          190           TYR        94.87         662  0  0  8.925  1.039  1.039   0.1225    0.0000    0.0000    0.0000
437     A         B          191           ASN        93.13         662  0  0  8.925  1.039  1.039   0.1191    0.0000    0.0000    0.0000
438     A         B          192           ASP        91.15         662  0  0  8.925  1.039  1.039   0.1208    0.0000    0.0000    0.0000
439     A         B          193           SER        92.98         662  0  0  8.925  1.039  1.039   0.1203    0.0000    0.0000    0.0000
440     A         B          194           ASN        92.86         662  0  0  8.925  1.039  1.039   0.1213    0.0000    0.0000    0.0000
441     A         B          195           CYS        94.59         662  0  0  8.925  1.039  1.039   0.1225    0.0000    0.0000    0.0000
442     A         B          196           PRO        89.89         662  0  0  8.925  1.039  1.039   0.1203    0.0000    0.0000    0.0000
443     A         B          197           ILE        92.33         662  0  0  8.925  1.039  1.039   0.1224    0.0000    0.0000    0.0000
444     A         B          198           THR        89.09         662  0  0  8.925  1.039  1.039   0.1167    0.0000    0.0000    0.0000
445     A         B          199           LYS        85.45         662  0  0  8.925  1.039  1.039   0.1196    0.0000    0.0000    0.0000
446     A         B          200           CYS        92.25         662  0  0  8.925  1.039  1.039   0.1248    0.0000    0.0000    0.0000
447     A         B          201           GLN        82.83         662  0  0  8.925  1.039  1.039   0.1199    0.0000    0.0000    0.0000
448     A         B          202           TYR        85.21         662  0  0  8.925  1.039  1.039   0.1226    0.0000    0.0000    0.0000
449     A         B          203           SER        92.40         662  0  0  8.925  1.039  1.039   0.1242    0.0000    0.0000    0.0000
450     A         B          204           LYS        92.08         662  0  0  8.925  1.039  1.039   0.1269    0.0000    0.0000    0.0000
451     A         B          205           PRO        94.61         662  0  0  8.925  1.039  1.039   0.1248    0.0000    0.0000    0.0000
452     A         B          206           GLU        93.23         662  0  0  8.925  1.039  1.039   0.1282    0.0000    0.0000    0.0000
453     A         B          207           ASN        95.14         662  0  0  8.925  1.039  1.039   0.1284    0.0000    0.0000    0.0000
454     A         B          208           CYS        95.94         662  0  0  8.925  1.039  1.039   0.1294    0.0000    0.0000    0.0000
455     A         B          209           ARG        95.74         662  0  0  8.925  1.039  1.039   0.1280    0.0000    0.0000    0.0000
456     A         B          210           LEU        94.80         662  0  0  8.925  1.039  1.039   0.1290    0.0000    0.0000    0.0000
457     A         B          211           SER        95.33         662  0  0  8.925  1.039  1.039   0.1283    0.0000    0.0000    0.0000
458     A         B          212           MET        96.78         662  0  0  8.925  1.039  1.039   0.1288    0.0000    0.0000    0.0000
459     A         B          213           GLY        95.91         662  0  0  8.925  1.039  1.039   0.1280    0.0000    0.0000    0.0000
460     A         B          214           ILE        92.97         662  0  0  8.925  1.039  1.039   0.1271    0.0000    0.0000    0.0000
461     A         B          215           ARG        87.99         662  0  0  8.925  1.039  1.039   0.1246    0.0000    0.0000    0.0000
462     A         B          216           PRO        88.88         662  0  0  8.925  1.039  1.039   0.1261    0.0000    0.0000    0.0000
463     A         B          217           ASN        87.32         662  0  0  8.925  1.039  1.039   0.1244    0.0000    0.0000    0.0000
464     A         B          218           SER        93.79         662  0  0  8.925  1.039  1.039   0.1264    0.0000    0.0000    0.0000
465     A         B          219           HIS        95.97         662  0  0  8.925  1.039  1.039   0.1280    0.0000    0.0000    0.0000
466     A         B          220           TYR        97.94         662  0  0  8.925  1.039  1.039   0.1273    0.0000    0.0000    0.0000
467     A         B          221           ILE        97.66         662  0  0  8.925  1.039  1.039   0.1300    0.0000    0.0000    0.0000
468     A         B          222           LEU        98.20         662  0  0  8.925  1.039  1.039   0.1300    0.0000    0.0000    0.0000
469     A         B          223           ARG        98.34         662  0  0  8.925  1.039  1.039   0.1301    0.0000    0.0000    0.0000
470     A         B          224           SER        98.48         662  0  0  8.925  1.039  1.039   0.1322    0.0000    0.0000    0.0000
471     A         B          225           GLY        98.77         662  0  0  8.925  1.039  1.039   0.1304    0.0000    0.0000    0.0000
472     A         B          226           LEU        98.75         662  0  0  8.925  1.039  1.039   0.1313    0.0000    0.0000    0.0000
473     A         B          227           LEU        98.81         662  0  0  8.925  1.039  1.039   0.1319    0.0000    0.0000    0.0000
474     A         B          228           LYS        97.89         662  0  0  8.925  1.039  1.039   0.1290    0.0000    0.0000    0.0000
475     A         B          229           TYR        97.07         662  0  0  8.925  1.039  1.039   0.1283    0.0000    0.0000    0.0000
476     A         B          230           ASN        94.61         662  0  0  8.925  1.039  1.039   0.1263    0.0000    0.0000    0.0000
477     A         B          231           LEU        92.61         662  0  0  8.925  1.039  1.039   0.1257    0.0000    0.0000    0.0000
478     A         B          232           SER        88.18         662  0  0  8.925  1.039  1.039   0.1209    0.0000    0.0000    0.0000
479     A         B          233           ASP        80.92         662  0  0  8.925  1.039  1.039   0.1147    0.0000    0.0000    0.0000
480     A         B          234           GLY        78.94         662  0  0  8.925  1.039  1.039   0.1038    0.0000    0.0000    0.0000
481     A         B          235           GLU        72.52         662  0  0  8.925  1.039  1.039   0.1073    0.0000    0.0000    0.0000
482     A         B          236           ASN        77.35         662  0  0  8.925  1.039  1.039   0.1103    0.0000    0.0000    0.0000
483     A         B          237           PRO        87.02         662  0  0  8.925  1.039  1.039   0.1187    0.0000    0.0000    0.0000
484     A         B          238           LYS        92.19         662  0  0  8.925  1.039  1.039   0.1243    0.0000    0.0000    0.0000
485     A         B          239           VAL        97.04         662  0  0  8.925  1.039  1.039   0.1271    0.0000    0.0000    0.0000
486     A         B          240           VAL        97.49         662  0  0  8.925  1.039  1.039   0.1290    0.0000    0.0000    0.0000
487     A         B          241           PHE        98.65         662  0  0  8.925  1.039  1.039   0.1303    0.0000    0.0000    0.0000
488     A         B          242           ILE        98.37         662  0  0  8.925  1.039  1.039   0.1305    0.0000    0.0000    0.0000
489     A         B          243           GLU        97.69         662  0  0  8.925  1.039  1.039   0.1305    0.0000    0.0000    0.0000
490     A         B          244           ILE        97.76         662  0  0  8.925  1.039  1.039   0.1283    0.0000    0.0000    0.0000
491     A         B          245           SER        93.57         662  0  0  8.925  1.039  1.039   0.1215    0.0000    0.0000    0.0000
492     A         B          246           ASP        90.70         662  0  0  8.925  1.039  1.039   0.1217    0.0000    0.0000    0.0000
493     A         B          247           GLN        90.98         662  0  0  8.925  1.039  1.039   0.1207    0.0000    0.0000    0.0000
494     A         B          248           ARG        91.79         662  0  0  8.925  1.039  1.039   0.1222    0.0000    0.0000    0.0000
495     A         B          249           LEU        95.08         662  0  0  8.925  1.039  1.039   0.1274    0.0000    0.0000    0.0000
496     A         B          250           SER        96.55         662  0  0  8.925  1.039  1.039   0.1300    0.0000    0.0000    0.0000
497     A         B          251           ILE        97.30         662  0  0  8.925  1.039  1.039   0.1303    0.0000    0.0000    0.0000
498     A         B          252           GLY        98.33         662  0  0  8.925  1.039  1.039   0.1289    0.0000    0.0000    0.0000
499     A         B          253           SER        97.98         662  0  0  8.925  1.039  1.039   0.1306    0.0000    0.0000    0.0000
500     A         B          254           PRO        98.32         662  0  0  8.925  1.039  1.039   0.1336    0.0000    0.0000    0.0000
501     A         B          255           SER        98.71         662  0  0  8.925  1.039  1.039   0.1336    0.0000    0.0000    0.0000
502     A         B          256           LYS        98.83         662  0  0  8.925  1.039  1.039   0.1326    0.0000    0.0000    0.0000
503     A         B          257           ILE        98.82         662  0  0  8.925  1.039  1.039   0.1337    0.0000    0.0000    0.0000
504     A         B          258           TYR        98.54         662  0  0  8.925  1.039  1.039   0.1307    0.0000    0.0000    0.0000
505     A         B          259           ASP        96.42         662  0  0  8.925  1.039  1.039   0.1290    0.0000    0.0000    0.0000
506     A         B          260           SER        97.53         662  0  0  8.925  1.039  1.039   0.1279    0.0000    0.0000    0.0000
507     A         B          261           LEU        94.74         662  0  0  8.925  1.039  1.039   0.1304    0.0000    0.0000    0.0000
508     A         B          262           GLY        95.54         662  0  0  8.925  1.039  1.039   0.1228    0.0000    0.0000    0.0000
509     A         B          263           GLN        95.57         662  0  0  8.925  1.039  1.039   0.1259    0.0000    0.0000    0.0000
510     A         B          264           PRO        97.77         662  0  0  8.925  1.039  1.039   0.1332    0.0000    0.0000    0.0000
511     A         B          265           VAL        98.57         662  0  0  8.925  1.039  1.039   0.1337    0.0000    0.0000    0.0000
512     A         B          266           PHE        98.73         662  0  0  8.925  1.039  1.039   0.1311    0.0000    0.0000    0.0000
513     A         B          267           TYR        98.89         662  0  0  8.925  1.039  1.039   0.1303    0.0000    0.0000    0.0000
514     A         B          268           GLN        98.72         662  0  0  8.925  1.039  1.039   0.1308    0.0000    0.0000    0.0000
515     A         B          269           ALA        98.08         662  0  0  8.925  1.039  1.039   0.1325    0.0000    0.0000    0.0000
516     A         B          270           SER        96.74         662  0  0  8.925  1.039  1.039   0.1313    0.0000    0.0000    0.0000
517     A         B          271           PHE        96.12         662  0  0  8.925  1.039  1.039   0.1307    0.0000    0.0000    0.0000
518     A         B          272           SER        95.31         662  0  0  8.925  1.039  1.039   0.1288    0.0000    0.0000    0.0000
519     A         B          273           TRP        95.33         662  0  0  8.925  1.039  1.039   0.1296    0.0000    0.0000    0.0000
520     A         B          274           ASP        96.13         662  0  0  8.925  1.039  1.039   0.1313    0.0000    0.0000    0.0000
521     A         B          275           THR        93.45         662  0  0  8.925  1.039  1.039   0.1305    0.0000    0.0000    0.0000
522     A         B          276           MET        94.45         662  0  0  8.925  1.039  1.039   0.1303    0.0000    0.0000    0.0000
523     A         B          277           ILE        98.20         662  0  0  8.925  1.039  1.039   0.1309    0.0000    0.0000    0.0000
524     A         B          278           LYS        97.97         662  0  0  8.925  1.039  1.039   0.1312    0.0000    0.0000    0.0000
525     A         B          279           PHE        98.50         662  0  0  8.925  1.039  1.039   0.1316    0.0000    0.0000    0.0000
526     A         B          280           GLY        97.86         662  0  0  8.925  1.039  1.039   0.1340    0.0000    0.0000    0.0000
527     A         B          281           ASP        96.59         662  0  0  8.925  1.039  1.039   0.1300    0.0000    0.0000    0.0000
528     A         B          282           VAL        97.80         662  0  0  8.925  1.039  1.039   0.1324    0.0000    0.0000    0.0000
529     A         B          283           LEU        94.70         662  0  0  8.925  1.039  1.039   0.1306    0.0000    0.0000    0.0000
530     A         B          284           THR        94.58         662  0  0  8.925  1.039  1.039   0.1261    0.0000    0.0000    0.0000
531     A         B          285           VAL        95.61         662  0  0  8.925  1.039  1.039   0.1278    0.0000    0.0000    0.0000
532     A         B          286           ASN        94.10         662  0  0  8.925  1.039  1.039   0.1249    0.0000    0.0000    0.0000
533     A         B          287           PRO        94.07         662  0  0  8.925  1.039  1.039   0.1253    0.0000    0.0000    0.0000
534     A         B          288           LEU        97.74         662  0  0  8.925  1.039  1.039   0.1299    0.0000    0.0000    0.0000
535     A         B          289           VAL        95.83         662  0  0  8.925  1.039  1.039   0.1288    0.0000    0.0000    0.0000
536     A         B          290           VAL        97.66         662  0  0  8.925  1.039  1.039   0.1307    0.0000    0.0000    0.0000
537     A         B          291           ASN        95.90         662  0  0  8.925  1.039  1.039   0.1289    0.0000    0.0000    0.0000
538     A         B          292           TRP        97.42         662  0  0  8.925  1.039  1.039   0.1308    0.0000    0.0000    0.0000
539     A         B          293           ARG        97.61         662  0  0  8.925  1.039  1.039   0.1282    0.0000    0.0000    0.0000
540     A         B          294           ASN        93.53         662  0  0  8.925  1.039  1.039   0.1267    0.0000    0.0000    0.0000
541     A         B          295           ASN        96.69         662  0  0  8.925  1.039  1.039   0.1301    0.0000    0.0000    0.0000
542     A         B          296           THR        90.44         662  0  0  8.925  1.039  1.039   0.1293    0.0000    0.0000    0.0000
543     A         B          297           VAL        93.16         662  0  0  8.925  1.039  1.039   0.1314    0.0000    0.0000    0.0000
544     A         B          298           ILE        97.03         662  0  0  8.925  1.039  1.039   0.1317    0.0000    0.0000    0.0000
545     A         B          299           SER        95.22         662  0  0  8.925  1.039  1.039   0.1323    0.0000    0.0000    0.0000
546     A         B          300           ARG        95.65         662  0  0  8.925  1.039  1.039   0.1330    0.0000    0.0000    0.0000
547     A         B          301           PRO        90.67         662  0  0  8.925  1.039  1.039   0.1312    0.0000    0.0000    0.0000
548     A         B          302           GLY        86.69         662  0  0  8.925  1.039  1.039   0.1266    0.0000    0.0000    0.0000
549     A         B          303           GLN        74.79         662  0  0  8.925  1.039  1.039   0.1266    0.0000    0.0000    0.0000
550     A         B          304           SER        67.89         662  0  0  8.925  1.039  1.039   0.1270    0.0000    0.0000    0.0000
551     A         B          305           GLN        77.13         662  0  0  8.925  1.039  1.039   0.1277    0.0000    0.0000    0.0000
552     A         B          306           CYS        89.17         662  0  0  8.925  1.039  1.039   0.1299    0.0000    0.0000    0.0000
553     A         B          307           PRO        85.54         662  0  0  8.925  1.039  1.039   0.1280    0.0000    0.0000    0.0000
554     A         B          308           ARG        89.46         662  0  0  8.925  1.039  1.039   0.1296    0.0000    0.0000    0.0000
555     A         B          309           PHE        84.98         662  0  0  8.925  1.039  1.039   0.1300    0.0000    0.0000    0.0000
556     A         B          310           ASN        89.33         662  0  0  8.925  1.039  1.039   0.1279    0.0000    0.0000    0.0000
557     A         B          311           THR        90.60         662  0  0  8.925  1.039  1.039   0.1269    0.0000    0.0000    0.0000
558     A         B          312           CYS        92.60         662  0  0  8.925  1.039  1.039   0.1278    0.0000    0.0000    0.0000
559     A         B          313           PRO        95.68         662  0  0  8.925  1.039  1.039   0.1267    0.0000    0.0000    0.0000
560     A         B          314           GLU        90.42         662  0  0  8.925  1.039  1.039   0.1271    0.0000    0.0000    0.0000
561     A         B          315           ILE        91.24         662  0  0  8.925  1.039  1.039   0.1267    0.0000    0.0000    0.0000
562     A         B          316           CYS        89.48         662  0  0  8.925  1.039  1.039   0.1286    0.0000    0.0000    0.0000
563     A         B          317           TRP        91.16         662  0  0  8.925  1.039  1.039   0.1291    0.0000    0.0000    0.0000
564     A         B          318           GLU        88.90         662  0  0  8.925  1.039  1.039   0.1304    0.0000    0.0000    0.0000
565     A         B          319           GLY        93.44         662  0  0  8.925  1.039  1.039   0.1282    0.0000    0.0000    0.0000
566     A         B          320           VAL        94.28         662  0  0  8.925  1.039  1.039   0.1293    0.0000    0.0000    0.0000
567     A         B          321           TYR        97.56         662  0  0  8.925  1.039  1.039   0.1281    0.0000    0.0000    0.0000
568     A         B          322           ASN        98.20         662  0  0  8.925  1.039  1.039   0.1308    0.0000    0.0000    0.0000
569     A         B          323           ASP        97.92         662  0  0  8.925  1.039  1.039   0.1340    0.0000    0.0000    0.0000
570     A         B          324           ALA        98.47         662  0  0  8.925  1.039  1.039   0.1322    0.0000    0.0000    0.0000
571     A         B          325           PHE        98.77         662  0  0  8.925  1.039  1.039   0.1331    0.0000    0.0000    0.0000
572     A         B          326           LEU        98.32         662  0  0  8.925  1.039  1.039   0.1333    0.0000    0.0000    0.0000
573     A         B          327           ILE        98.09         662  0  0  8.925  1.039  1.039   0.1341    0.0000    0.0000    0.0000
574     A         B          328           ASP        96.69         662  0  0  8.925  1.039  1.039   0.1324    0.0000    0.0000    0.0000
575     A         B          329           ARG        95.54         662  0  0  8.925  1.039  1.039   0.1281    0.0000    0.0000    0.0000
576     A         B          330           ILE        92.98         662  0  0  8.925  1.039  1.039   0.1276    0.0000    0.0000    0.0000
577     A         B          331           ASN        95.70         662  0  0  8.925  1.039  1.039   0.1296    0.0000    0.0000    0.0000
578     A         B          332           TRP        97.38         662  0  0  8.925  1.039  1.039   0.1297    0.0000    0.0000    0.0000
579     A         B          333           ILE        98.00         662  0  0  8.925  1.039  1.039   0.1350    0.0000    0.0000    0.0000
580     A         B          334           SER        98.61         662  0  0  8.925  1.039  1.039   0.1336    0.0000    0.0000    0.0000
581     A         B          335           ALA        98.69         662  0  0  8.925  1.039  1.039   0.1332    0.0000    0.0000    0.0000
582     A         B          336           GLY        98.81         662  0  0  8.925  1.039  1.039   0.1344    0.0000    0.0000    0.0000
583     A         B          337           VAL        98.66         662  0  0  8.925  1.039  1.039   0.1334    0.0000    0.0000    0.0000
584     A         B          338           PHE        97.45         662  0  0  8.925  1.039  1.039   0.1340    0.0000    0.0000    0.0000
585     A         B          339           LEU        94.45         662  0  0  8.925  1.039  1.039   0.1335    0.0000    0.0000    0.0000
586     A         B          340           ASP        89.52         662  0  0  8.925  1.039  1.039   0.1314    0.0000    0.0000    0.0000
587     A         B          341           SER        84.36         662  0  0  8.925  1.039  1.039   0.1297    0.0000    0.0000    0.0000
588     A         B          342           ASN        79.10         662  0  0  8.925  1.039  1.039   0.1313    0.0000    0.0000    0.0000
589     A         B          343           GLN        72.17         662  0  0  8.925  1.039  1.039   0.1303    0.0000    0.0000    0.0000
590     A         B          344           THR        78.71         662  0  0  8.925  1.039  1.039   0.1320    0.0000    0.0000    0.0000
591     A         B          345           ALA        87.16         662  0  0  8.925  1.039  1.039   0.1325    0.0000    0.0000    0.0000
592     A         B          346           GLU        83.50         662  0  0  8.925  1.039  1.039   0.1319    0.0000    0.0000    0.0000
593     A         B          347           ASN        91.08         662  0  0  8.925  1.039  1.039   0.1318    0.0000    0.0000    0.0000
594     A         B          348           PRO        95.45         662  0  0  8.925  1.039  1.039   0.1358    0.0000    0.0000    0.0000
595     A         B          349           VAL        96.66         662  0  0  8.925  1.039  1.039   0.1346    0.0000    0.0000    0.0000
596     A         B          350           PHE        98.48         662  0  0  8.925  1.039  1.039   0.1330    0.0000    0.0000    0.0000
597     A         B          351           THR        97.46         662  0  0  8.925  1.039  1.039   0.1333    0.0000    0.0000    0.0000
598     A         B          352           VAL        98.38         662  0  0  8.925  1.039  1.039   0.1341    0.0000    0.0000    0.0000
599     A         B          353           PHE        97.83         662  0  0  8.925  1.039  1.039   0.1314    0.0000    0.0000    0.0000
600     A         B          354           LYS        97.29         662  0  0  8.925  1.039  1.039   0.1302    0.0000    0.0000    0.0000
601     A         B          355           ASP        96.05         662  0  0  8.925  1.039  1.039   0.1285    0.0000    0.0000    0.0000
602     A         B          356           ASN        91.94         662  0  0  8.925  1.039  1.039   0.1250    0.0000    0.0000    0.0000
603     A         B          357           GLU        92.71         662  0  0  8.925  1.039  1.039   0.1269    0.0000    0.0000    0.0000
604     A         B          358           ILE        94.08         662  0  0  8.925  1.039  1.039   0.1311    0.0000    0.0000    0.0000
605     A         B          359           LEU        97.09         662  0  0  8.925  1.039  1.039   0.1320    0.0000    0.0000    0.0000
606     A         B          360           TYR        96.37         662  0  0  8.925  1.039  1.039   0.1294    0.0000    0.0000    0.0000
607     A         B          361           ARG        92.23         662  0  0  8.925  1.039  1.039   0.1277    0.0000    0.0000    0.0000
608     A         B          362           ALA        96.33         662  0  0  8.925  1.039  1.039   0.1331    0.0000    0.0000    0.0000
609     A         B          363           GLN        92.61         662  0  0  8.925  1.039  1.039   0.1290    0.0000    0.0000    0.0000
610     A         B          364           LEU        95.92         662  0  0  8.925  1.039  1.039   0.1340    0.0000    0.0000    0.0000
611     A         B          365           ALA        88.77         662  0  0  8.925  1.039  1.039   0.1306    0.0000    0.0000    0.0000
612     A         B          366           SER        80.06         662  0  0  8.925  1.039  1.039   0.1299    0.0000    0.0000    0.0000
613     A         B          367           GLU        76.40         662  0  0  8.925  1.039  1.039   0.1320    0.0000    0.0000    0.0000
614     A         B          368           ASP        69.03         662  0  0  8.925  1.039  1.039   0.1317    0.0000    0.0000    0.0000
615     A         B          369           THR        84.35         662  0  0  8.925  1.039  1.039   0.1316    0.0000    0.0000    0.0000
616     A         B          370           ASN        79.06         662  0  0  8.925  1.039  1.039   0.1300    0.0000    0.0000    0.0000
617     A         B          371           ALA        91.52         662  0  0  8.925  1.039  1.039   0.1335    0.0000    0.0000    0.0000
618     A         B          372           GLN        88.73         662  0  0  8.925  1.039  1.039   0.1315    0.0000    0.0000    0.0000
619     A         B          373           LYS        94.06         662  0  0  8.925  1.039  1.039   0.1335    0.0000    0.0000    0.0000
620     A         B          374           THR        97.93         662  0  0  8.925  1.039  1.039   0.1340    0.0000    0.0000    0.0000
621     A         B          375           ILE        98.53         662  0  0  8.925  1.039  1.039   0.1345    0.0000    0.0000    0.0000
622     A         B          376           THR        98.78         662  0  0  8.925  1.039  1.039   0.1346    0.0000    0.0000    0.0000
623     A         B          377           ASN        98.33         662  0  0  8.925  1.039  1.039   0.1333    0.0000    0.0000    0.0000
624     A         B          378           CYS        98.38         662  0  0  8.925  1.039  1.039   0.1347    0.0000    0.0000    0.0000
625     A         B          379           PHE        96.98         662  0  0  8.925  1.039  1.039   0.1319    0.0000    0.0000    0.0000
626     A         B          380           LEU        95.16         662  0  0  8.925  1.039  1.039   0.1295    0.0000    0.0000    0.0000
627     A         B          381           LEU        93.39         662  0  0  8.925  1.039  1.039   0.1303    0.0000    0.0000    0.0000
628     A         B          382           LYS        89.75         662  0  0  8.925  1.039  1.039   0.1272    0.0000    0.0000    0.0000
629     A         B          383           ASN        92.12         662  0  0  8.925  1.039  1.039   0.1243    0.0000    0.0000    0.0000
630     A         B          384           LYS        94.27         662  0  0  8.925  1.039  1.039   0.1316    0.0000    0.0000    0.0000
631     A         B          385           ILE        97.20         662  0  0  8.925  1.039  1.039   0.1331    0.0000    0.0000    0.0000
632     A         B          386           TRP        97.20         662  0  0  8.925  1.039  1.039   0.1327    0.0000    0.0000    0.0000
633     A         B          387           CYS        98.42         662  0  0  8.925  1.039  1.039   0.1343    0.0000    0.0000    0.0000
634     A         B          388           ILE        96.69         662  0  0  8.925  1.039  1.039   0.1336    0.0000    0.0000    0.0000
635     A         B          389           SER        97.95         662  0  0  8.925  1.039  1.039   0.1331    0.0000    0.0000    0.0000
636     A         B          390           LEU        95.85         662  0  0  8.925  1.039  1.039   0.1349    0.0000    0.0000    0.0000
637     A         B          391           VAL        95.72         662  0  0  8.925  1.039  1.039   0.1342    0.0000    0.0000    0.0000
638     A         B          392           GLU        89.97         662  0  0  8.925  1.039  1.039   0.1338    0.0000    0.0000    0.0000
639     A         B          393           ILE        88.21         662  0  0  8.925  1.039  1.039   0.1335    0.0000    0.0000    0.0000
640     A         B          394           TYR        72.97         662  0  0  8.925  1.039  1.039   0.1302    0.0000    0.0000    0.0000
641     A         B          395           ASP        62.43         662  0  0  8.925  1.039  1.039   0.1279    0.0000    0.0000    0.0000
642     A         B          396           THR        53.87         662  0  0  8.925  1.039  1.039   0.1243    0.0000    0.0000    0.0000
643     A         B          397           GLY        54.83         662  0  0  8.925  1.039  1.039   0.1237    0.0000    0.0000    0.0000
644     A         B          398           ASP        54.22         662  0  0  8.925  1.039  1.039   0.1264    0.0000    0.0000    0.0000
645     A         B          399           ASN        54.85         662  0  0  8.925  1.039  1.039   0.1267    0.0000    0.0000    0.0000
646     A         B          400           VAL        66.88         662  0  0  8.925  1.039  1.039   0.1270    0.0000    0.0000    0.0000
647     A         B          401           ILE        69.83         662  0  0  8.925  1.039  1.039   0.1271    0.0000    0.0000    0.0000
648     A         B          402           ARG        78.88         662  0  0  8.925  1.039  1.039   0.1306    0.0000    0.0000    0.0000
649     A         B          403           PRO        88.45         662  0  0  8.925  1.039  1.039   0.1324    0.0000    0.0000    0.0000
650     A         B          404           LYS        90.19         662  0  0  8.925  1.039  1.039   0.1326    0.0000    0.0000    0.0000
651     A         B          405           LEU        92.69         662  0  0  8.925  1.039  1.039   0.1331    0.0000    0.0000    0.0000
652     A         B          406           PHE        96.46         662  0  0  8.925  1.039  1.039   0.1317    0.0000    0.0000    0.0000
653     A         B          407           ALA        95.32         662  0  0  8.925  1.039  1.039   0.1340    0.0000    0.0000    0.0000
654     A         B          408           VAL        97.93         662  0  0  8.925  1.039  1.039   0.1323    0.0000    0.0000    0.0000
655     A         B          409           LYS        96.50         662  0  0  8.925  1.039  1.039   0.1327    0.0000    0.0000    0.0000
656     A         B          410           ILE        97.67         662  0  0  8.925  1.039  1.039   0.1323    0.0000    0.0000    0.0000
657     A         B          411           PRO        94.75         662  0  0  8.925  1.039  1.039   0.1288    0.0000    0.0000    0.0000
658     A         B          412           GLU        90.37         662  0  0  8.925  1.039  1.039   0.1208    0.0000    0.0000    0.0000
659     A         B          413           GLN        87.58         662  0  0  8.925  1.039  1.039   0.1060    0.0000    0.0000    0.0000
660     A         B          414           CYS        89.69         662  0  0  8.925  1.039  1.039   0.1062    0.0000    0.0000    0.0000
661     A         B          415           THR        76.60         662  0  0  8.925  1.039  1.039   0.0899    0.0000    0.0000    0.0000
662     A         B          416           HIS        60.64         662  0  0  8.925  1.039  1.039   0.0848    0.0000    0.0000    0.0000
1       B         A            1           GLY        77.64         662  3  0  8.925  1.039  1.039   0.0950    0.0000    0.0000    0.0000
2       B         A            2           VAL        86.90         662  3  0  8.925  1.039  1.039   0.1283    0.0000    0.0000    0.0000
3       B         A            3           SER        92.57         662  3  0  8.925  1.039  1.039   0.1295    0.0000    0.0000    0.0000
4       B         A            4           LEU        96.37         662  3  0  8.925  1.039  1.039   0.1344    0.0000    0.0000    0.0000
5       B         A            5           THR        96.37         662  3  0  8.925  1.039  1.039   0.1359    0.0000    0.0000    0.0000
6       B         A            6           GLU        95.72         662  3  0  8.925  1.039  1.039   0.1328    0.0000    0.0000    0.0000
7       B         A            7           SER        96.25         662  3  0  8.925  1.039  1.039   0.1338    0.0000    0.0000    0.0000
8       B         A            8           GLY        97.24         662  3  0  8.925  1.039  1.039   0.1298    0.0000    0.0000    0.0000
9       B         A            9           GLY        94.20         662  3  0  8.925  1.039  1.039   0.1270    0.0000    0.0000    0.0000
10      B         A           10           GLY        95.04         662  3  0  8.925  1.039  1.039   0.1293    0.0000    0.0000    0.0000
11      B         A           11           THR        92.29         662  3  0  8.925  1.039  1.039   0.1297    0.0000    0.0000    0.0000
12      B         A           12           VAL        93.41         662  3  0  8.925  1.039  1.039   0.1289    0.0000    0.0000    0.0000
13      B         A           13           ALA        89.69         662  3  0  8.925  1.039  1.039   0.1281    0.0000    0.0000    0.0000
14      B         A           14           PRO        87.51         662  3  0  8.925  1.039  1.039   0.1303    0.0000    0.0000    0.0000
15      B         A           15           GLY        90.12         662  3  0  8.925  1.039  1.039   0.1320    0.0000    0.0000    0.0000
16      B         A           16           SER        91.00         662  3  0  8.925  1.039  1.039   0.1289    0.0000    0.0000    0.0000
17      B         A           17           SER        96.25         662  3  0  8.925  1.039  1.039   0.1320    0.0000    0.0000    0.0000
18      B         A           18           VAL        96.37         662  3  0  8.925  1.039  1.039   0.1347    0.0000    0.0000    0.0000
19      B         A           19           THR        97.81         662  3  0  8.925  1.039  1.039   0.1378    0.0000    0.0000    0.0000
20      B         A           20           LEU        98.42         662  3  0  8.925  1.039  1.039   0.1367    0.0000    0.0000    0.0000
21      B         A           21           SER        97.64         662  3  0  8.925  1.039  1.039   0.1361    0.0000    0.0000    0.0000
22      B         A           22           CYS        97.82         662  3  0  8.925  1.039  1.039   0.1368    0.0000    0.0000    0.0000
23      B         A           23           LYS        97.16         662  3  0  8.925  1.039  1.039   0.1364    0.0000    0.0000    0.0000
24      B         A           24           ALA        95.06         662  3  0  8.925  1.039  1.039   0.1331    0.0000    0.0000    0.0000
25      B         A           25           SER        94.31         662  3  0  8.925  1.039  1.039   0.1336    0.0000    0.0000    0.0000
26      B         A           26           GLY        90.98         662  3  0  8.925  1.039  1.039   0.1350    0.0000    0.0000    0.0000
27      B         A           27           PHE        87.51         662  3  0  8.925  1.039  1.039   0.1328    0.0000    0.0000    0.0000
28      B         A           28           ASN        82.99         662  3  0  8.925  1.039  1.039   0.1339    0.0000    0.0000    0.0000
29      B         A           29           PHE        93.27         662  3  0  8.925  1.039  1.039   0.1343    0.0000    0.0000    0.0000
30      B         A           30           SER        86.12         662  3  0  8.925  1.039  1.039   0.1319    0.0000    0.0000    0.0000
31      B         A           31           LYS        77.24         662  3  0  8.925  1.039  1.039   0.1338    0.0000    0.0000    0.0000
32      B         A           32           TYR        86.21         662  3  0  8.925  1.039  1.039   0.1356    0.0000    0.0000    0.0000
33      B         A           33           SER        86.93         662  3  0  8.925  1.039  1.039   0.1322    0.0000    0.0000    0.0000
34      B         A           34           HIS        95.93         662  3  0  8.925  1.039  1.039   0.1356    0.0000    0.0000    0.0000
35      B         A           35           ALA        95.57         662  3  0  8.925  1.039  1.039   0.1346    0.0000    0.0000    0.0000
36      B         A           36           TRP        98.41         662  3  0  8.925  1.039  1.039   0.1370    0.0000    0.0000    0.0000
37      B         A           37           VAL        97.62         662  3  0  8.925  1.039  1.039   0.1368    0.0000    0.0000    0.0000
38      B         A           38           ARG        95.77         662  3  0  8.925  1.039  1.039   0.1367    0.0000    0.0000    0.0000
39      B         A           39           GLN        96.47         662  3  0  8.925  1.039  1.039   0.1375    0.0000    0.0000    0.0000
40      B         A           40           ALA        91.39         662  3  0  8.925  1.039  1.039   0.1372    0.0000    0.0000    0.0000
41      B         A           41           PRO        88.83         662  3  0  8.925  1.039  1.039   0.1297    0.0000    0.0000    0.0000
42      B         A           42           GLY        90.39         662  3  0  8.925  1.039  1.039   0.1282    0.0000    0.0000    0.0000
43      B         A           43           GLN        89.35         662  3  0  8.925  1.039  1.039   0.1318    0.0000    0.0000    0.0000
44      B         A           44           GLY        94.81         662  3  0  8.925  1.039  1.039   0.1360    0.0000    0.0000    0.0000
45      B         A           45           LEU        96.90         662  3  0  8.925  1.039  1.039   0.1361    0.0000    0.0000    0.0000
46      B         A           46           THR        92.69         662  3  0  8.925  1.039  1.039   0.1370    0.0000    0.0000    0.0000
47      B         A           47           TRP        94.08         662  3  0  8.925  1.039  1.039   0.1338    0.0000    0.0000    0.0000
48      B         A           48           VAL        96.16         662  3  0  8.925  1.039  1.039   0.1369    0.0000    0.0000    0.0000
49      B         A           49           GLY        94.45         662  3  0  8.925  1.039  1.039   0.1342    0.0000    0.0000    0.0000
50      B         A           50           GLU        91.54         662  3  0  8.925  1.039  1.039   0.1355    0.0000    0.0000    0.0000
51      B         A           51           ILE        94.60         662  3  0  8.925  1.039  1.039   0.1351    0.0000    0.0000    0.0000
52      B         A           52           SER        83.94         662  3  0  8.925  1.039  1.039   0.1291    0.0000    0.0000    0.0000
53      B         A           53           PRO        84.66         662  3  0  8.925  1.039  1.039   0.1285    0.0000    0.0000    0.0000
54      B         A           54           ASP        76.12         662  3  0  8.925  1.039  1.039   0.1315    0.0000    0.0000    0.0000
55      B         A           55           GLY        89.87         662  3  0  8.925  1.039  1.039   0.1310    0.0000    0.0000    0.0000
56      B         A           56           SER        77.57         662  3  0  8.925  1.039  1.039   0.1285    0.0000    0.0000    0.0000
57      B         A           57           LYS        75.36         662  3  0  8.925  1.039  1.039   0.1296    0.0000    0.0000    0.0000
58      B         A           58           THR        90.51         662  3  0  8.925  1.039  1.039   0.1332    0.0000    0.0000    0.0000
59      B         A           59           ARG        83.23         662  3  0  8.925  1.039  1.039   0.1298    0.0000    0.0000    0.0000
60      B         A           60           TYR        91.18         662  3  0  8.925  1.039  1.039   0.1344    0.0000    0.0000    0.0000
61      B         A           61           ALA        89.46         662  3  0  8.925  1.039  1.039   0.1341    0.0000    0.0000    0.0000
62      B         A           62           SER        78.37         662  3  0  8.925  1.039  1.039   0.1331    0.0000    0.0000    0.0000
63      B         A           63           SER        82.24         662  3  0  8.925  1.039  1.039   0.1336    0.0000    0.0000    0.0000
64      B         A           64           VAL        93.04         662  3  0  8.925  1.039  1.039   0.1334    0.0000    0.0000    0.0000
65      B         A           65           ALA        84.96         662  3  0  8.925  1.039  1.039   0.1310    0.0000    0.0000    0.0000
66      B         A           66           GLY        90.77         662  3  0  8.925  1.039  1.039   0.1331    0.0000    0.0000    0.0000
67      B         A           67           ARG        94.25         662  3  0  8.925  1.039  1.039   0.1339    0.0000    0.0000    0.0000
68      B         A           68           PHE        97.44         662  3  0  8.925  1.039  1.039   0.1362    0.0000    0.0000    0.0000
69      B         A           69           THR        97.53         662  3  0  8.925  1.039  1.039   0.1359    0.0000    0.0000    0.0000
70      B         A           70           ILE        97.43         662  3  0  8.925  1.039  1.039   0.1359    0.0000    0.0000    0.0000
71      B         A           71           SER        97.21         662  3  0  8.925  1.039  1.039   0.1353    0.0000    0.0000    0.0000
72      B         A           72           ARG        94.91         662  3  0  8.925  1.039  1.039   0.1341    0.0000    0.0000    0.0000
73      B         A           73           ASP        96.95         662  3  0  8.925  1.039  1.039   0.1345    0.0000    0.0000    0.0000
74      B         A           74           ASN        94.46         662  3  0  8.925  1.039  1.039   0.1297    0.0000    0.0000    0.0000
75      B         A           75           SER        95.15         662  3  0  8.925  1.039  1.039   0.1349    0.0000    0.0000    0.0000
76      B         A           76           ASN        95.20         662  3  0  8.925  1.039  1.039   0.1331    0.0000    0.0000    0.0000
77      B         A           77           SER        95.75         662  3  0  8.925  1.039  1.039   0.1334    0.0000    0.0000    0.0000
78      B         A           78           THR        97.81         662  3  0  8.925  1.039  1.039   0.1353    0.0000    0.0000    0.0000
79      B         A           79           VAL        97.30         662  3  0  8.925  1.039  1.039   0.1342    0.0000    0.0000    0.0000
80      B         A           80           TYR        98.30         662  3  0  8.925  1.039  1.039   0.1365    0.0000    0.0000    0.0000
81      B         A           81           LEU        98.58         662  3  0  8.925  1.039  1.039   0.1362    0.0000    0.0000    0.0000
82      B         A           82           GLN        97.54         662  3  0  8.925  1.039  1.039   0.1359    0.0000    0.0000    0.0000
83      B         A           83           MET        97.62         662  3  0  8.925  1.039  1.039   0.1348    0.0000    0.0000    0.0000
84      B         A           84           SER        94.78         662  3  0  8.925  1.039  1.039   0.1320    0.0000    0.0000    0.0000
85      B         A           85           SER        91.57         662  3  0  8.925  1.039  1.039   0.1333    0.0000    0.0000    0.0000
86      B         A           86           LEU        94.13         662  3  0  8.925  1.039  1.039   0.1341    0.0000    0.0000    0.0000
87      B         A           87           THR        86.67         662  3  0  8.925  1.039  1.039   0.1337    0.0000    0.0000    0.0000
88      B         A           88           PRO        84.81         662  3  0  8.925  1.039  1.039   0.1305    0.0000    0.0000    0.0000
89      B         A           89           SER        84.69         662  3  0  8.925  1.039  1.039   0.1337    0.0000    0.0000    0.0000
90      B         A           90           ASP        93.97         662  3  0  8.925  1.039  1.039   0.1343    0.0000    0.0000    0.0000
91      B         A           91           THR        92.88         662  3  0  8.925  1.039  1.039   0.1345    0.0000    0.0000    0.0000
92      B         A           92           ALA        95.26         662  3  0  8.925  1.039  1.039   0.1356    0.0000    0.0000    0.0000
93      B         A           93           THR        97.13         662  3  0  8.925  1.039  1.039   0.1385    0.0000    0.0000    0.0000
94      B         A           94           TYR        98.44         662  3  0  8.925  1.039  1.039   0.1378    0.0000    0.0000    0.0000
95      B         A           95           TYR        98.14         662  3  0  8.925  1.039  1.039   0.1371    0.0000    0.0000    0.0000
96      B         A           96           CYS        95.35         662  3  0  8.925  1.039  1.039   0.1353    0.0000    0.0000    0.0000
97      B         A           97           GLY        96.18         662  3  0  8.925  1.039  1.039   0.1340    0.0000    0.0000    0.0000
98      B         A           98           ILE        90.97         662  3  0  8.925  1.039  1.039   0.1377    0.0000    0.0000    0.0000
99      B         A           99           ILE        86.09         662  3  0  8.925  1.039  1.039   0.1338    0.0000    0.0000    0.0000
100     B         A          100           PRO        71.00         662  3  0  8.925  1.039  1.039   0.1276    0.0000    0.0000    0.0000
101     B         A          101           GLY        59.21         662  3  0  8.925  1.039  1.039   0.1202    0.0000    0.0000    0.0000
102     B         A          102           ASP        44.73         662  3  0  8.925  1.039  1.039   0.1182    0.0000    0.0000    0.0000
103     B         A          103           SER        46.71         662  3  0  8.925  1.039  1.039   0.1201    0.0000    0.0000    0.0000
104     B         A          104           VAL        44.39         662  3  0  8.925  1.039  1.039   0.1218    0.0000    0.0000    0.0000
105     B         A          105           HIS        43.21         662  3  0  8.925  1.039  1.039   0.1243    0.0000    0.0000    0.0000
106     B         A          106           GLY        51.44         662  3  0  8.925  1.039  1.039   0.1190    0.0000    0.0000    0.0000
107     B         A          107           GLU        61.72         662  3  0  8.925  1.039  1.039   0.1285    0.0000    0.0000    0.0000
108     B         A          108           ARG        73.55         662  3  0  8.925  1.039  1.039   0.1268    0.0000    0.0000    0.0000
109     B         A          109           SER        86.75         662  3  0  8.925  1.039  1.039   0.1355    0.0000    0.0000    0.0000
110     B         A          110           MET        92.83         662  3  0  8.925  1.039  1.039   0.1367    0.0000    0.0000    0.0000
111     B         A          111           SER        84.94         662  3  0  8.925  1.039  1.039   0.1337    0.0000    0.0000    0.0000
112     B         A          112           HIS        92.24         662  3  0  8.925  1.039  1.039   0.1356    0.0000    0.0000    0.0000
113     B         A          113           TRP        97.17         662  3  0  8.925  1.039  1.039   0.1364    0.0000    0.0000    0.0000
114     B         A          114           GLY        97.01         662  3  0  8.925  1.039  1.039   0.1372    0.0000    0.0000    0.0000
115     B         A          115           GLN        93.63         662  3  0  8.925  1.039  1.039   0.1334    0.0000    0.0000    0.0000
116     B         A          116           GLY        97.31         662  3  0  8.925  1.039  1.039   0.1329    0.0000    0.0000    0.0000
117     B         A          117           THR        97.01         662  3  0  8.925  1.039  1.039   0.1354    0.0000    0.0000    0.0000
118     B         A          118           LEU        96.37         662  3  0  8.925  1.039  1.039   0.1356    0.0000    0.0000    0.0000
119     B         A          119           LEU        96.91         662  3  0  8.925  1.039  1.039   0.1354    0.0000    0.0000    0.0000
120     B         A          120           THR        94.18         662  3  0  8.925  1.039  1.039   0.1338    0.0000    0.0000    0.0000
121     B         A          121           VAL        91.93         662  3  0  8.925  1.039  1.039   0.1291    0.0000    0.0000    0.0000
122     B         A          122           SER        82.73         662  3  0  8.925  1.039  1.039   0.1049    0.0000    0.0000    0.0000
123     B         A          123           ALA        60.36         662  3  0  8.925  1.039  1.039   0.0868    0.0000    0.0000    0.0000
124     B         A          124           GLY        60.70         662  3  0  8.925  1.039  1.039   0.0813    0.0000    0.0000    0.0000
125     B         A          125           GLY        48.91         662  3  0  8.925  1.039  1.039   0.0791    0.0000    0.0000    0.0000
126     B         A          126           GLY        47.23         662  3  0  8.925  1.039  1.039   0.0781    0.0000    0.0000    0.0000
127     B         A          127           SER        43.24         662  3  0  8.925  1.039  1.039   0.0781    0.0000    0.0000    0.0000
128     B         A          128           GLY        41.07         662  3  0  8.925  1.039  1.039   0.0781    0.0000    0.0000    0.0000
129     B         A          129           GLY        40.07         662  3  0  8.925  1.039  1.039   0.0781    0.0000    0.0000    0.0000
130     B         A          130           GLY        41.29         662  3  0  8.925  1.039  1.039   0.0788    0.0000    0.0000    0.0000
131     B         A          131           SER        39.15         662  3  0  8.925  1.039  1.039   0.0800    0.0000    0.0000    0.0000
132     B         A          132           GLY        39.04         662  3  0  8.925  1.039  1.039   0.0804    0.0000    0.0000    0.0000
133     B         A          133           GLY        37.90         662  3  0  8.925  1.039  1.039   0.0809    0.0000    0.0000    0.0000
134     B         A          134           GLY        39.46         662  3  0  8.925  1.039  1.039   0.0819    0.0000    0.0000    0.0000
135     B         A          135           SER        40.37         662  3  0  8.925  1.039  1.039   0.0830    0.0000    0.0000    0.0000
136     B         A          136           GLY        43.35         662  3  0  8.925  1.039  1.039   0.0832    0.0000    0.0000    0.0000
137     B         A          137           GLY        43.99         662  3  0  8.925  1.039  1.039   0.0853    0.0000    0.0000    0.0000
138     B         A          138           GLY        47.16         662  3  0  8.925  1.039  1.039   0.0892    0.0000    0.0000    0.0000
139     B         A          139           SER        53.68         662  3  0  8.925  1.039  1.039   0.0981    0.0000    0.0000    0.0000
140     B         A          140           ALA        72.47         662  3  0  8.925  1.039  1.039   0.1157    0.0000    0.0000    0.0000
141     B         A          141           ILE        88.92         662  3  0  8.925  1.039  1.039   0.1293    0.0000    0.0000    0.0000
142     B         A          142           THR        89.33         662  3  0  8.925  1.039  1.039   0.1328    0.0000    0.0000    0.0000
143     B         A          143           LEU        96.21         662  3  0  8.925  1.039  1.039   0.1333    0.0000    0.0000    0.0000
144     B         A          144           THR        95.96         662  3  0  8.925  1.039  1.039   0.1361    0.0000    0.0000    0.0000
145     B         A          145           GLN        96.94         662  3  0  8.925  1.039  1.039   0.1348    0.0000    0.0000    0.0000
146     B         A          146           SER        91.74         662  3  0  8.925  1.039  1.039   0.1301    0.0000    0.0000    0.0000
147     B         A          147           PRO        92.30         662  3  0  8.925  1.039  1.039   0.1276    0.0000    0.0000    0.0000
148     B         A          148           SER        91.22         662  3  0  8.925  1.039  1.039   0.1292    0.0000    0.0000    0.0000
149     B         A          149           SER        89.02         662  3  0  8.925  1.039  1.039   0.1230    0.0000    0.0000    0.0000
150     B         A          150           LEU        89.90         662  3  0  8.925  1.039  1.039   0.1229    0.0000    0.0000    0.0000
151     B         A          151           SER        93.79         662  3  0  8.925  1.039  1.039   0.1293    0.0000    0.0000    0.0000
152     B         A          152           ALA        94.73         662  3  0  8.925  1.039  1.039   0.1305    0.0000    0.0000    0.0000
153     B         A          153           SER        95.36         662  3  0  8.925  1.039  1.039   0.1308    0.0000    0.0000    0.0000
154     B         A          154           VAL        94.94         662  3  0  8.925  1.039  1.039   0.1344    0.0000    0.0000    0.0000
155     B         A          155           GLY        95.44         662  3  0  8.925  1.039  1.039   0.1339    0.0000    0.0000    0.0000
156     B         A          156           ASP        94.80         662  3  0  8.925  1.039  1.039   0.1342    0.0000    0.0000    0.0000
157     B         A          157           THR        96.19         662  3  0  8.925  1.039  1.039   0.1358    0.0000    0.0000    0.0000
158     B         A          158           VAL        95.55         662  3  0  8.925  1.039  1.039   0.1349    0.0000    0.0000    0.0000
159     B         A          159           THR        96.15         662  3  0  8.925  1.039  1.039   0.1361    0.0000    0.0000    0.0000
160     B         A          160           LEU        97.66         662  3  0  8.925  1.039  1.039   0.1365    0.0000    0.0000    0.0000
161     B         A          161           ASN        97.40         662  3  0  8.925  1.039  1.039   0.1358    0.0000    0.0000    0.0000
162     B         A          162           CYS        97.68         662  3  0  8.925  1.039  1.039   0.1351    0.0000    0.0000    0.0000
163     B         A          163           THR        96.84         662  3  0  8.925  1.039  1.039   0.1364    0.0000    0.0000    0.0000
164     B         A          164           ALA        95.21         662  3  0  8.925  1.039  1.039   0.1320    0.0000    0.0000    0.0000
165     B         A          165           SER        89.18         662  3  0  8.925  1.039  1.039   0.1324    0.0000    0.0000    0.0000
166     B         A          166           ARG        80.10         662  3  0  8.925  1.039  1.039   0.1266    0.0000    0.0000    0.0000
167     B         A          167           PRO        81.16         662  3  0  8.925  1.039  1.039   0.1297    0.0000    0.0000    0.0000
168     B         A          168           ILE        88.66         662  3  0  8.925  1.039  1.039   0.1318    0.0000    0.0000    0.0000
169     B         A          169           GLY        83.05         662  3  0  8.925  1.039  1.039   0.1294    0.0000    0.0000    0.0000
170     B         A          170           ASP        79.02         662  3  0  8.925  1.039  1.039   0.1308    0.0000    0.0000    0.0000
171     B         A          171           ARG        83.80         662  3  0  8.925  1.039  1.039   0.1288    0.0000    0.0000    0.0000
172     B         A          172           LEU        94.69         662  3  0  8.925  1.039  1.039   0.1357    0.0000    0.0000    0.0000
173     B         A          173           SER        94.81         662  3  0  8.925  1.039  1.039   0.1366    0.0000    0.0000    0.0000
174     B         A          174           TRP        98.06         662  3  1  8.925  1.039  1.039   0.1398    0.2627    0.0048    0.0048
175     B         A          175           TYR        98.11         662  3  0  8.925  1.039  1.039   0.1393    0.0000    0.0000    0.0000
176     B         A          176           LYS        97.60         662  3  0  8.925  1.039  1.039   0.1392    0.0000    0.0000    0.0000
177     B         A          177           GLN        97.73         662  3  0  8.925  1.039  1.039   0.1365    0.0000    0.0000    0.0000
178     B         A          178           LYS        92.97         662  3  0  8.925  1.039  1.039   0.1341    0.0000    0.0000    0.0000
179     B         A          179           PRO        87.32         662  3  0  8.925  1.039  1.039   0.1269    0.0000    0.0000    0.0000
180     B         A          180           GLY        91.58         662  3  0  8.925  1.039  1.039   0.1277    0.0000    0.0000    0.0000
181     B         A          181           GLN        94.89         662  3  0  8.925  1.039  1.039   0.1341    0.0000    0.0000    0.0000
182     B         A          182           ALA        95.82         662  3  0  8.925  1.039  1.039   0.1386    0.0000    0.0000    0.0000
183     B         A          183           PRO        97.38         662  3  0  8.925  1.039  1.039   0.1360    0.0000    0.0000    0.0000
184     B         A          184           GLN        93.81         662  3  0  8.925  1.039  1.039   0.1356    0.0000    0.0000    0.0000
185     B         A          185           LEU        93.94         662  3  0  8.925  1.039  1.039   0.1402    0.0000    0.0000    0.0000
186     B         A          186           LEU        96.57         662  3  0  8.925  1.039  1.039   0.1393    0.0000    0.0000    0.0000
187     B         A          187           ILE        94.67         662  3  1  8.925  1.039  1.039   0.1390    0.2620    0.0048    0.0048
188     B         A          188           TYR        86.98         662  3  0  8.925  1.039  1.039   0.1375    0.0000    0.0000    0.0000
189     B         A          189           ARG        77.80         662  3  0  8.925  1.039  1.039   0.1363    0.0000    0.0000    0.0000
190     B         A          190           ALA        90.71         662  3  0  8.925  1.039  1.039   0.1348    0.0000    0.0000    0.0000
191     B         A          191           SER        85.39         662  3  0  8.925  1.039  1.039   0.1342    0.0000    0.0000    0.0000
192     B         A          192           THR        80.52         662  3  0  8.925  1.039  1.039   0.1349    0.0000    0.0000    0.0000
193     B         A          193           LEU        87.25         662  3  0  8.925  1.039  1.039   0.1363    0.0000    0.0000    0.0000
194     B         A          194           ALA        87.98         662  3  0  8.925  1.039  1.039   0.1357    0.0000    0.0000    0.0000
195     B         A          195           PRO        77.46         662  3  0  8.925  1.039  1.039   0.1347    0.0000    0.0000    0.0000
196     B         A          196           GLY        82.90         662  3  0  8.925  1.039  1.039   0.1349    0.0000    0.0000    0.0000
197     B         A          197           VAL        92.16         662  3  0  8.925  1.039  1.039   0.1339    0.0000    0.0000    0.0000
198     B         A          198           SER        89.78         662  3  0  8.925  1.039  1.039   0.1299    0.0000    0.0000    0.0000
199     B         A          199           SER        87.33         662  3  0  8.925  1.039  1.039   0.1317    0.0000    0.0000    0.0000
200     B         A          200           ARG        94.25         662  3  0  8.925  1.039  1.039   0.1320    0.0000    0.0000    0.0000
201     B         A          201           TYR        96.25         662  3  0  8.925  1.039  1.039   0.1361    0.0000    0.0000    0.0000
202     B         A          202           SER        92.94         662  3  0  8.925  1.039  1.039   0.1337    0.0000    0.0000    0.0000
203     B         A          203           GLY        94.75         662  3  0  8.925  1.039  1.039   0.1335    0.0000    0.0000    0.0000
204     B         A          204           SER        93.53         662  3  0  8.925  1.039  1.039   0.1339    0.0000    0.0000    0.0000
205     B         A          205           GLY        93.53         662  3  0  8.925  1.039  1.039   0.1290    0.0000    0.0000    0.0000
206     B         A          206           SER        83.37         662  3  0  8.925  1.039  1.039   0.1271    0.0000    0.0000    0.0000
207     B         A          207           ASP        83.53         662  3  0  8.925  1.039  1.039   0.1286    0.0000    0.0000    0.0000
208     B         A          208           THR        92.40         662  3  0  8.925  1.039  1.039   0.1311    0.0000    0.0000    0.0000
209     B         A          209           GLN        94.31         662  3  0  8.925  1.039  1.039   0.1324    0.0000    0.0000    0.0000
210     B         A          210           PHE        97.61         662  3  0  8.925  1.039  1.039   0.1360    0.0000    0.0000    0.0000
211     B         A          211           THR        96.63         662  3  0  8.925  1.039  1.039   0.1363    0.0000    0.0000    0.0000
212     B         A          212           LEU        98.11         662  3  0  8.925  1.039  1.039   0.1368    0.0000    0.0000    0.0000
213     B         A          213           THR        97.07         662  3  0  8.925  1.039  1.039   0.1363    0.0000    0.0000    0.0000
214     B         A          214           ILE        96.58         662  3  0  8.925  1.039  1.039   0.1367    0.0000    0.0000    0.0000
215     B         A          215           SER        93.90         662  3  0  8.925  1.039  1.039   0.1313    0.0000    0.0000    0.0000
216     B         A          216           SER        94.46         662  3  0  8.925  1.039  1.039   0.1316    0.0000    0.0000    0.0000
217     B         A          217           LEU        95.26         662  3  0  8.925  1.039  1.039   0.1323    0.0000    0.0000    0.0000
218     B         A          218           GLN        93.93         662  3  0  8.925  1.039  1.039   0.1306    0.0000    0.0000    0.0000
219     B         A          219           SER        92.83         662  3  0  8.925  1.039  1.039   0.1267    0.0000    0.0000    0.0000
220     B         A          220           ASP        90.67         662  3  0  8.925  1.039  1.039   0.1295    0.0000    0.0000    0.0000
221     B         A          221           ASP        95.35         662  3  0  8.925  1.039  1.039   0.1321    0.0000    0.0000    0.0000
222     B         A          222           PHE        95.46         662  3  0  8.925  1.039  1.039   0.1331    0.0000    0.0000    0.0000
223     B         A          223           ALA        96.79         662  3  0  8.925  1.039  1.039   0.1350    0.0000    0.0000    0.0000
224     B         A          224           THR        97.52         662  3  0  8.925  1.039  1.039   0.1383    0.0000    0.0000    0.0000
225     B         A          225           TYR        98.48         662  3  0  8.925  1.039  1.039   0.1395    0.0000    0.0000    0.0000
226     B         A          226           TYR        98.27         662  3  0  8.925  1.039  1.039   0.1391    0.0000    0.0000    0.0000
227     B         A          227           CYS        97.37         662  3  0  8.925  1.039  1.039   0.1386    0.0000    0.0000    0.0000
228     B         A          228           GLN        96.42         662  3  0  8.925  1.039  1.039   0.1353    0.0000    0.0000    0.0000
229     B         A          229           GLN        93.52         662  3  0  8.925  1.039  1.039   0.1325    0.0000    0.0000    0.0000
230     B         A          230           THR        84.99         662  3  0  8.925  1.039  1.039   0.1327    0.0000    0.0000    0.0000
231     B         A          231           SER        79.51         662  3  0  8.925  1.039  1.039   0.1274    0.0000    0.0000    0.0000
232     B         A          232           SER        76.86         662  3  0  8.925  1.039  1.039   0.1281    0.0000    0.0000    0.0000
233     B         A          233           TYR        78.43         662  3  0  8.925  1.039  1.039   0.1318    0.0000    0.0000    0.0000
234     B         A          234           PRO        83.75         662  3  0  8.925  1.039  1.039   0.1313    0.0000    0.0000    0.0000
235     B         A          235           VAL        90.27         662  3  0  8.925  1.039  1.039   0.1351    0.0000    0.0000    0.0000
236     B         A          236           THR        92.46         662  3  0  8.925  1.039  1.039   0.1346    0.0000    0.0000    0.0000
237     B         A          237           PHE        96.37         662  3  0  8.925  1.039  1.039   0.1379    0.0000    0.0000    0.0000
238     B         A          238           GLY        96.70         662  3  0  8.925  1.039  1.039   0.1370    0.0000    0.0000    0.0000
239     B         A          239           GLN        94.68         662  3  0  8.925  1.039  1.039   0.1345    0.0000    0.0000    0.0000
240     B         A          240           GLY        97.42         662  3  0  8.925  1.039  1.039   0.1327    0.0000    0.0000    0.0000
241     B         A          241           THR        97.43         662  3  0  8.925  1.039  1.039   0.1381    0.0000    0.0000    0.0000
242     B         A          242           THR        96.55         662  3  0  8.925  1.039  1.039   0.1358    0.0000    0.0000    0.0000
243     B         A          243           ILE        96.64         662  3  0  8.925  1.039  1.039   0.1362    0.0000    0.0000    0.0000
244     B         A          244           THR        94.94         662  3  0  8.925  1.039  1.039   0.1339    0.0000    0.0000    0.0000
245     B         A          245           LYS        91.31         662  3  0  8.925  1.039  1.039   0.1292    0.0000    0.0000    0.0000
246     B         A          246           LYS        79.58         662  3  0  8.925  1.039  1.039   0.1096    0.0000    0.0000    0.0000
