i,AlignChn,ScoredChain,AlignResNum,AlignResType,AlignRespLDDT,n0chn,n0dom,n0res,d0chn,d0dom,d0res,ipTM_pae,ipSAE_d0chn,ipSAE_d0dom,ipSAE 
247     A         B            1           ILE        92.92         662  641  0  8.925  8.808  1.039   0.1487    0.0000    0.0000    0.0000
248     A         B            2           CYS        95.31         662  641  0  8.925  8.808  1.039   0.1883    0.0000    0.0000    0.0000
249     A         B            3           LEU        91.87         662  641  10  8.925  8.808  1.039   0.1986    0.2697    0.2646    0.0050
250     A         B            4           GLN        93.03         662  641  19  8.925  8.808  1.039   0.2103    0.2740    0.2687    0.0051
251     A         B            5           LYS        93.53         662  641  29  8.925  8.808  1.189   0.2216    0.2788    0.2736    0.0068
252     A         B            6           THR        94.43         662  641  9  8.925  8.808  1.039   0.2040    0.2689    0.2637    0.0050
253     A         B            7           SER        91.35         662  641  1  8.925  8.808  1.039   0.1921    0.2634    0.2583    0.0048
254     A         B            8           ASN        92.49         662  641  0  8.925  8.808  1.039   0.1821    0.0000    0.0000    0.0000
255     A         B            9           GLN        92.34         662  641  1  8.925  8.808  1.039   0.1931    0.2615    0.2564    0.0048
256     A         B           10           ILE        95.63         662  641  60  8.925  8.808  2.611   0.2367    0.2878    0.2824    0.0335
257     A         B           11           LEU        97.69         662  641  213  8.925  8.808  5.427   0.3095    0.3210    0.3153    0.1496
258     A         B           12           LYS        94.21         662  641  217  8.925  8.808  5.476   0.3147    0.3251    0.3194    0.1542
259     A         B           13           PRO        96.98         662  641  235  8.925  8.808  5.686   0.3483    0.3540    0.3480    0.1830
260     A         B           14           LYS        92.44         662  641  237  8.925  8.808  5.708   0.3717    0.3771    0.3710    0.1997
261     A         B           15           LEU        90.29         662  641  238  8.925  8.808  5.720   0.3850    0.3903    0.3840    0.2095
262     A         B           16           ILE        88.64         662  641  237  8.925  8.808  5.708   0.3680    0.3733    0.3672    0.1972
263     A         B           17           SER        76.44         662  641  228  8.925  8.808  5.605   0.3240    0.3317    0.3259    0.1647
264     A         B           18           TYR        73.76         662  641  227  8.925  8.808  5.594   0.3207    0.3284    0.3226    0.1618
265     A         B           19           THR        72.13         662  641  230  8.925  8.808  5.629   0.3314    0.3387    0.3328    0.1702
266     A         B           20           LEU        81.87         662  641  235  8.925  8.808  5.686   0.3534    0.3594    0.3534    0.1866
267     A         B           21           PRO        74.48         662  641  221  8.925  8.808  5.523   0.3143    0.3232    0.3175    0.1554
268     A         B           22           VAL        81.44         662  641  230  8.925  8.808  5.629   0.3267    0.3336    0.3278    0.1670
269     A         B           23           VAL        78.54         662  641  228  8.925  8.808  5.605   0.3232    0.3306    0.3248    0.1639
270     A         B           24           GLY        74.44         662  641  173  8.925  8.808  4.904   0.2898    0.3119    0.3062    0.1211
271     A         B           25           GLN        71.85         662  641  222  8.925  8.808  5.535   0.3224    0.3320    0.3262    0.1616
272     A         B           26           SER        72.28         662  641  224  8.925  8.808  5.559   0.3350    0.3450    0.3391    0.1712
273     A         B           27           GLY        77.63         662  641  234  8.925  8.808  5.674   0.3591    0.3664    0.3604    0.1916
274     A         B           28           THR        83.79         662  641  237  8.925  8.808  5.708   0.3820    0.3880    0.3819    0.2081
275     A         B           29           CYS        82.29         662  641  237  8.925  8.808  5.708   0.4079    0.4147    0.4084    0.2271
276     A         B           30           ILE        90.59         662  641  238  8.925  8.808  5.720   0.4232    0.4295    0.4232    0.2384
277     A         B           31           THR        89.01         662  641  238  8.925  8.808  5.720   0.4035    0.4094    0.4032    0.2236
278     A         B           32           ASP        94.81         662  641  238  8.925  8.808  5.720   0.4181    0.4244    0.4181    0.2345
279     A         B           33           PRO        96.15         662  641  239  8.925  8.808  5.731   0.4262    0.4318    0.4254    0.2409
280     A         B           34           LEU        97.57         662  641  239  8.925  8.808  5.731   0.4328    0.4386    0.4321    0.2455
281     A         B           35           LEU        98.14         662  641  240  8.925  8.808  5.742   0.4490    0.4543    0.4478    0.2584
282     A         B           36           ALA        98.51         662  641  240  8.925  8.808  5.742   0.4278    0.4327    0.4263    0.2418
283     A         B           37           MET        97.41         662  641  238  8.925  8.808  5.720   0.4179    0.4241    0.4177    0.2340
284     A         B           38           ASP        96.34         662  641  237  8.925  8.808  5.708   0.3726    0.3783    0.3722    0.2009
285     A         B           39           GLU        94.00         662  641  234  8.925  8.808  5.674   0.3496    0.3564    0.3504    0.1842
286     A         B           40           GLY        94.57         662  641  235  8.925  8.808  5.686   0.3475    0.3536    0.3476    0.1829
287     A         B           41           TYR        96.15         662  641  238  8.925  8.808  5.720   0.4197    0.4259    0.4196    0.2356
288     A         B           42           PHE        97.16         662  641  240  8.925  8.808  5.742   0.4448    0.4500    0.4436    0.2552
289     A         B           43           ALA        98.49         662  641  240  8.925  8.808  5.742   0.4311    0.4361    0.4297    0.2444
290     A         B           44           TYR        96.33         662  641  240  8.925  8.808  5.742   0.4426    0.4478    0.4414    0.2534
291     A         B           45           SER        98.01         662  641  240  8.925  8.808  5.742   0.4302    0.4351    0.4287    0.2438
292     A         B           46           HIS        95.39         662  641  238  8.925  8.808  5.720   0.4412    0.4481    0.4416    0.2523
293     A         B           47           LEU        94.69         662  641  238  8.925  8.808  5.720   0.4251    0.4314    0.4250    0.2396
294     A         B           48           GLU        90.40         662  641  238  8.925  8.808  5.720   0.4272    0.4338    0.4274    0.2417
295     A         B           49           ARG        84.54         662  641  237  8.925  8.808  5.708   0.4051    0.4118    0.4055    0.2247
296     A         B           50           ILE        81.28         662  641  238  8.925  8.808  5.720   0.4280    0.4344    0.4280    0.2422
297     A         B           51           GLY        74.16         662  641  237  8.925  8.808  5.708   0.4066    0.4136    0.4073    0.2270
298     A         B           52           SER        68.83         662  641  237  8.925  8.808  5.708   0.4084    0.4151    0.4088    0.2277
299     A         B           53           CYS        73.58         662  641  238  8.925  8.808  5.720   0.4172    0.4233    0.4170    0.2342
300     A         B           54           SER        64.58         662  641  237  8.925  8.808  5.708   0.3925    0.3988    0.3926    0.2158
301     A         B           55           ARG        65.14         662  641  239  8.925  8.808  5.731   0.4156    0.4208    0.4145    0.2331
302     A         B           56           GLY        75.32         662  641  237  8.925  8.808  5.708   0.4047    0.4114    0.4052    0.2251
303     A         B           57           VAL        79.70         662  641  239  8.925  8.808  5.731   0.4282    0.4338    0.4275    0.2428
304     A         B           58           SER        87.34         662  641  237  8.925  8.808  5.708   0.3818    0.3882    0.3820    0.2079
305     A         B           59           LYS        87.11         662  641  238  8.925  8.808  5.720   0.3996    0.4053    0.3990    0.2207
306     A         B           60           GLN        90.07         662  641  237  8.925  8.808  5.708   0.3885    0.3946    0.3884    0.2125
307     A         B           61           ARG        95.96         662  641  238  8.925  8.808  5.720   0.4214    0.4277    0.4214    0.2367
308     A         B           62           ILE        94.53         662  641  238  8.925  8.808  5.720   0.4145    0.4206    0.4142    0.2314
309     A         B           63           ILE        97.55         662  641  240  8.925  8.808  5.742   0.4317    0.4365    0.4301    0.2447
310     A         B           64           GLY        95.23         662  641  238  8.925  8.808  5.720   0.4156    0.4218    0.4154    0.2326
311     A         B           65           VAL        94.87         662  641  240  8.925  8.808  5.742   0.4167    0.4213    0.4150    0.2332
312     A         B           66           GLY        92.30         662  641  237  8.925  8.808  5.708   0.3874    0.3935    0.3873    0.2116
313     A         B           67           GLU        86.65         662  641  237  8.925  8.808  5.708   0.3763    0.3821    0.3759    0.2032
314     A         B           68           VAL        93.71         662  641  237  8.925  8.808  5.708   0.3788    0.3844    0.3782    0.2048
315     A         B           69           LEU        81.80         662  641  218  8.925  8.808  5.488   0.3222    0.3332    0.3274    0.1599
316     A         B           70           ASP        83.40         662  641  149  8.925  8.808  4.545   0.2738    0.3019    0.2963    0.1013
317     A         B           71           ARG        74.69         662  641  15  8.925  8.808  1.039   0.2102    0.2739    0.2687    0.0051
318     A         B           72           GLY        73.96         662  641  0  8.925  8.808  1.039   0.1906    0.0000    0.0000    0.0000
319     A         B           73           ASP        78.29         662  641  13  8.925  8.808  1.039   0.2051    0.2713    0.2661    0.0050
320     A         B           74           GLU        87.53         662  641  123  8.925  8.808  4.105   0.2632    0.2998    0.2943    0.0834
321     A         B           75           VAL        90.45         662  641  229  8.925  8.808  5.617   0.3299    0.3376    0.3317    0.1689
322     A         B           76           PRO        94.23         662  641  235  8.925  8.808  5.686   0.3532    0.3593    0.3533    0.1867
323     A         B           77           SER        87.53         662  641  235  8.925  8.808  5.686   0.3598    0.3662    0.3601    0.1912
324     A         B           78           LEU        90.83         662  641  238  8.925  8.808  5.720   0.4045    0.4102    0.4039    0.2238
325     A         B           79           PHE        84.73         662  641  238  8.925  8.808  5.720   0.4045    0.4101    0.4038    0.2236
326     A         B           80           MET        87.73         662  641  238  8.925  8.808  5.720   0.3942    0.3995    0.3932    0.2161
327     A         B           81           THR        85.42         662  641  236  8.925  8.808  5.697   0.3749    0.3810    0.3748    0.2017
328     A         B           82           ASN        88.18         662  641  237  8.925  8.808  5.708   0.4010    0.4075    0.4012    0.2211
329     A         B           83           VAL        89.63         662  641  238  8.925  8.808  5.720   0.4134    0.4194    0.4130    0.2304
330     A         B           84           TRP        93.50         662  641  238  8.925  8.808  5.720   0.4211    0.4273    0.4209    0.2362
331     A         B           85           THR        92.97         662  641  237  8.925  8.808  5.708   0.3986    0.4052    0.3989    0.2196
332     A         B           86           PRO        95.04         662  641  237  8.925  8.808  5.708   0.3808    0.3868    0.3806    0.2068
333     A         B           87           PRO        91.49         662  641  235  8.925  8.808  5.686   0.3545    0.3610    0.3549    0.1880
334     A         B           88           ASN        90.12         662  641  235  8.925  8.808  5.686   0.3792    0.3865    0.3803    0.2054
335     A         B           89           PRO        91.45         662  641  235  8.925  8.808  5.686   0.3729    0.3801    0.3740    0.2011
336     A         B           90           ASN        88.42         662  641  235  8.925  8.808  5.686   0.3759    0.3832    0.3770    0.2031
337     A         B           91           THR        92.05         662  641  236  8.925  8.808  5.697   0.3833    0.3902    0.3840    0.2086
338     A         B           92           VAL        97.02         662  641  238  8.925  8.808  5.720   0.3943    0.4000    0.3937    0.2166
339     A         B           93           TYR        97.39         662  641  237  8.925  8.808  5.708   0.3911    0.3975    0.3913    0.2142
340     A         B           94           HIS        98.39         662  641  238  8.925  8.808  5.720   0.4051    0.4111    0.4048    0.2243
341     A         B           95           CYS        98.65         662  641  238  8.925  8.808  5.720   0.4157    0.4220    0.4156    0.2325
342     A         B           96           SER        98.89         662  641  238  8.925  8.808  5.720   0.4151    0.4212    0.4148    0.2318
343     A         B           97           ALA        98.80         662  641  238  8.925  8.808  5.720   0.4244    0.4308    0.4244    0.2390
344     A         B           98           VAL        98.60         662  641  238  8.925  8.808  5.720   0.4126    0.4185    0.4121    0.2297
345     A         B           99           TYR        97.65         662  641  238  8.925  8.808  5.720   0.4236    0.4300    0.4236    0.2385
346     A         B          100           ASN        95.28         662  641  236  8.925  8.808  5.697   0.3809    0.3876    0.3814    0.2066
347     A         B          101           ASN        89.58         662  641  192  8.925  8.808  5.162   0.3022    0.3210    0.3153    0.1374
348     A         B          102           GLU        88.29         662  641  231  8.925  8.808  5.640   0.3343    0.3416    0.3357    0.1727
349     A         B          103           PHE        94.53         662  641  238  8.925  8.808  5.720   0.4203    0.4265    0.4201    0.2359
350     A         B          104           TYR        97.83         662  641  238  8.925  8.808  5.720   0.4332    0.4398    0.4334    0.2458
351     A         B          105           TYR        97.71         662  641  238  8.925  8.808  5.720   0.4261    0.4326    0.4262    0.2402
352     A         B          106           VAL        98.65         662  641  238  8.925  8.808  5.720   0.4199    0.4260    0.4196    0.2351
353     A         B          107           LEU        98.72         662  641  238  8.925  8.808  5.720   0.4191    0.4251    0.4188    0.2345
354     A         B          108           CYS        98.56         662  641  238  8.925  8.808  5.720   0.4074    0.4135    0.4071    0.2263
355     A         B          109           ALA        98.53         662  641  238  8.925  8.808  5.720   0.4026    0.4084    0.4021    0.2225
356     A         B          110           VAL        96.56         662  641  238  8.925  8.808  5.720   0.3977    0.4035    0.3972    0.2190
357     A         B          111           SER        94.86         662  641  237  8.925  8.808  5.708   0.3867    0.3931    0.3869    0.2114
358     A         B          112           THR        89.47         662  641  235  8.925  8.808  5.686   0.3808    0.3884    0.3822    0.2067
359     A         B          113           VAL        85.22         662  641  235  8.925  8.808  5.686   0.3897    0.3974    0.3911    0.2130
360     A         B          114           GLY        86.29         662  641  235  8.925  8.808  5.686   0.3862    0.3937    0.3875    0.2109
361     A         B          115           ASP        91.62         662  641  237  8.925  8.808  5.708   0.3937    0.4000    0.3938    0.2163
362     A         B          116           PRO        97.31         662  641  237  8.925  8.808  5.708   0.3910    0.3972    0.3910    0.2144
363     A         B          117           ILE        95.99         662  641  238  8.925  8.808  5.720   0.3971    0.4029    0.3966    0.2186
364     A         B          118           LEU        89.11         662  641  237  8.925  8.808  5.708   0.3985    0.4048    0.3985    0.2197
365     A         B          119           ASN        87.24         662  641  237  8.925  8.808  5.708   0.3925    0.3989    0.3926    0.2156
366     A         B          120           SER        94.85         662  641  237  8.925  8.808  5.708   0.3835    0.3896    0.3835    0.2089
367     A         B          121           THR        88.62         662  641  234  8.925  8.808  5.674   0.3726    0.3805    0.3743    0.2005
368     A         B          122           TYR        87.83         662  641  236  8.925  8.808  5.697   0.3875    0.3944    0.3882    0.2115
369     A         B          123           TRP        95.15         662  641  237  8.925  8.808  5.708   0.3920    0.3982    0.3920    0.2148
370     A         B          124           SER        93.21         662  641  234  8.925  8.808  5.674   0.3744    0.3825    0.3764    0.2020
371     A         B          125           GLY        97.13         662  641  234  8.925  8.808  5.674   0.3693    0.3771    0.3709    0.1982
372     A         B          126           SER        95.40         662  641  235  8.925  8.808  5.686   0.3847    0.3922    0.3860    0.2091
373     A         B          127           LEU        98.00         662  641  238  8.925  8.808  5.720   0.4029    0.4086    0.4023    0.2227
374     A         B          128           MET        95.78         662  641  236  8.925  8.808  5.697   0.3885    0.3955    0.3893    0.2119
375     A         B          129           MET        96.54         662  641  238  8.925  8.808  5.720   0.4075    0.4135    0.4072    0.2262
376     A         B          130           THR        96.38         662  641  238  8.925  8.808  5.720   0.4018    0.4076    0.4013    0.2220
377     A         B          131           ARG        93.68         662  641  237  8.925  8.808  5.708   0.3981    0.4045    0.3982    0.2190
378     A         B          132           LEU        95.24         662  641  238  8.925  8.808  5.720   0.4100    0.4157    0.4094    0.2277
379     A         B          133           ALA        90.35         662  641  237  8.925  8.808  5.708   0.3994    0.4058    0.3996    0.2200
380     A         B          134           VAL        90.17         662  641  237  8.925  8.808  5.708   0.3615    0.3667    0.3607    0.1927
381     A         B          135           LYS        81.96         662  641  183  8.925  8.808  5.042   0.2992    0.3211    0.3154    0.1320
382     A         B          136           PRO        79.79         662  641  103  8.925  8.808  3.715   0.2535    0.2896    0.2842    0.0662
383     A         B          137           LYS        73.15         662  641  24  8.925  8.808  1.039   0.2157    0.2800    0.2747    0.0052
384     A         B          138           SER        63.25         662  641  0  8.925  8.808  1.039   0.1686    0.0000    0.0000    0.0000
385     A         B          139           ASN        64.63         662  641  0  8.925  8.808  1.039   0.1515    0.0000    0.0000    0.0000
386     A         B          140           GLY        67.17         662  641  0  8.925  8.808  1.039   0.1604    0.0000    0.0000    0.0000
387     A         B          141           GLY        66.58         662  641  0  8.925  8.808  1.039   0.1722    0.0000    0.0000    0.0000
388     A         B          142           GLY        70.37         662  641  0  8.925  8.808  1.039   0.1927    0.0000    0.0000    0.0000
389     A         B          143           TYR        73.44         662  641  79  8.925  8.808  3.160   0.2436    0.2847    0.2794    0.0476
390     A         B          144           ASN        82.13         662  641  197  8.925  8.808  5.227   0.3027    0.3195    0.3138    0.1394
391     A         B          145           GLN        83.31         662  641  232  8.925  8.808  5.651   0.3392    0.3464    0.3405    0.1762
392     A         B          146           HIS        87.49         662  641  235  8.925  8.808  5.686   0.3646    0.3713    0.3652    0.1947
393     A         B          147           GLN        88.66         662  641  236  8.925  8.808  5.697   0.3667    0.3728    0.3667    0.1962
394     A         B          148           LEU        91.07         662  641  236  8.925  8.808  5.697   0.3592    0.3651    0.3590    0.1910
395     A         B          149           ALA        86.27         662  641  205  8.925  8.808  5.329   0.3015    0.3152    0.3096    0.1415
396     A         B          150           LEU        93.37         662  641  225  8.925  8.808  5.570   0.3237    0.3325    0.3267    0.1634
397     A         B          151           ARG        87.79         662  641  149  8.925  8.808  4.545   0.2742    0.3025    0.2970    0.1016
398     A         B          152           SER        91.09         662  641  188  8.925  8.808  5.109   0.2948    0.3147    0.3090    0.1315
399     A         B          153           ILE        97.12         662  641  235  8.925  8.808  5.686   0.3585    0.3649    0.3589    0.1904
400     A         B          154           GLU        96.81         662  641  234  8.925  8.808  5.674   0.3618    0.3690    0.3629    0.1925
401     A         B          155           LYS        97.26         662  641  232  8.925  8.808  5.651   0.3513    0.3592    0.3532    0.1849
402     A         B          156           GLY        97.60         662  641  231  8.925  8.808  5.640   0.3376    0.3456    0.3397    0.1754
403     A         B          157           ARG        95.86         662  641  233  8.925  8.808  5.663   0.3521    0.3599    0.3539    0.1859
404     A         B          158           TYR        98.73         662  641  237  8.925  8.808  5.708   0.3951    0.4016    0.3954    0.2172
405     A         B          159           ASP        97.70         662  641  236  8.925  8.808  5.697   0.3837    0.3905    0.3843    0.2085
406     A         B          160           LYS        98.37         662  641  235  8.925  8.808  5.686   0.3745    0.3815    0.3753    0.2018
407     A         B          161           VAL        98.76         662  641  238  8.925  8.808  5.720   0.3918    0.3971    0.3908    0.2145
408     A         B          162           MET        98.33         662  641  236  8.925  8.808  5.697   0.3711    0.3774    0.3713    0.1996
409     A         B          163           PRO        98.89         662  641  238  8.925  8.808  5.720   0.3942    0.3999    0.3936    0.2165
410     A         B          164           TYR        98.84         662  641  237  8.925  8.808  5.708   0.4102    0.4174    0.4111    0.2284
411     A         B          165           GLY        98.86         662  641  234  8.925  8.808  5.674   0.3680    0.3755    0.3694    0.1975
412     A         B          166           PRO        98.38         662  641  236  8.925  8.808  5.697   0.3865    0.3934    0.3872    0.2109
413     A         B          167           SER        98.18         662  641  237  8.925  8.808  5.708   0.3839    0.3901    0.3839    0.2091
414     A         B          168           GLY        98.75         662  641  237  8.925  8.808  5.708   0.3928    0.3991    0.3929    0.2157
415     A         B          169           ILE        97.54         662  641  238  8.925  8.808  5.720   0.3996    0.4052    0.3989    0.2204
416     A         B          170           LYS        94.96         662  641  237  8.925  8.808  5.708   0.3902    0.3964    0.3902    0.2136
417     A         B          171           GLN        90.30         662  641  234  8.925  8.808  5.674   0.3534    0.3602    0.3542    0.1869
418     A         B          172           GLY        88.55         662  641  168  8.925  8.808  4.832   0.2832    0.3066    0.3010    0.1153
419     A         B          173           ASP        86.86         662  641  184  8.925  8.808  5.056   0.2946    0.3162    0.3106    0.1299
420     A         B          174           THR        96.30         662  641  236  8.925  8.808  5.697   0.3809    0.3875    0.3813    0.2066
421     A         B          175           LEU        97.88         662  641  238  8.925  8.808  5.720   0.4036    0.4092    0.4029    0.2231
422     A         B          176           TYR        98.40         662  641  238  8.925  8.808  5.720   0.4120    0.4181    0.4118    0.2296
423     A         B          177           PHE        98.92         662  641  238  8.925  8.808  5.720   0.4249    0.4312    0.4248    0.2392
424     A         B          178           PRO        98.94         662  641  238  8.925  8.808  5.720   0.4059    0.4117    0.4054    0.2249
425     A         B          179           ALA        98.93         662  641  238  8.925  8.808  5.720   0.3968    0.4026    0.3964    0.2185
426     A         B          180           VAL        98.88         662  641  238  8.925  8.808  5.720   0.4029    0.4087    0.4024    0.2228
427     A         B          181           GLY        98.91         662  641  237  8.925  8.808  5.708   0.3797    0.3856    0.3794    0.2061
428     A         B          182           PHE        98.73         662  641  238  8.925  8.808  5.720   0.4049    0.4108    0.4045    0.2244
429     A         B          183           LEU        98.57         662  641  238  8.925  8.808  5.720   0.3935    0.3989    0.3927    0.2159
430     A         B          184           VAL        97.70         662  641  235  8.925  8.808  5.686   0.3816    0.3889    0.3827    0.2068
431     A         B          185           ARG        96.04         662  641  233  8.925  8.808  5.663   0.3574    0.3650    0.3590    0.1892
432     A         B          186           THR        95.73         662  641  233  8.925  8.808  5.663   0.3578    0.3659    0.3598    0.1899
433     A         B          187           GLU        96.52         662  641  233  8.925  8.808  5.663   0.3577    0.3655    0.3594    0.1895
434     A         B          188           PHE        97.66         662  641  232  8.925  8.808  5.651   0.3411    0.3488    0.3429    0.1780
435     A         B          189           LYS        94.31         662  641  186  8.925  8.808  5.083   0.2962    0.3177    0.3121    0.1320
436     A         B          190           TYR        97.05         662  641  200  8.925  8.808  5.266   0.3008    0.3166    0.3109    0.1396
437     A         B          191           ASN        95.11         662  641  125  8.925  8.808  4.141   0.2662    0.3029    0.2973    0.0861
438     A         B          192           ASP        93.15         662  641  133  8.925  8.808  4.282   0.2693    0.3003    0.2948    0.0904
439     A         B          193           SER        93.79         662  641  102  8.925  8.808  3.694   0.2581    0.3018    0.2963    0.0694
440     A         B          194           ASN        94.63         662  641  101  8.925  8.808  3.673   0.2564    0.2972    0.2918    0.0672
441     A         B          195           CYS        95.62         662  641  157  8.925  8.808  4.669   0.2808    0.3073    0.3017    0.1089
442     A         B          196           PRO        91.58         662  641  112  8.925  8.808  3.897   0.2599    0.2983    0.2928    0.0754
443     A         B          197           ILE        92.34         662  641  123  8.925  8.808  4.105   0.2669    0.3025    0.2970    0.0845
444     A         B          198           THR        89.54         662  641  43  8.925  8.808  1.965   0.2217    0.2901    0.2847    0.0195
445     A         B          199           LYS        84.14         662  641  61  8.925  8.808  2.643   0.2309    0.2934    0.2880    0.0353
446     A         B          200           CYS        92.34         662  641  172  8.925  8.808  4.889   0.2883    0.3123    0.3067    0.1208
447     A         B          201           GLN        84.24         662  641  67  8.925  8.808  2.828   0.2364    0.2958    0.2904    0.0407
448     A         B          202           TYR        89.67         662  641  124  8.925  8.808  4.123   0.2676    0.3059    0.3003    0.0864
449     A         B          203           SER        93.60         662  641  178  8.925  8.808  4.974   0.2935    0.3159    0.3103    0.1264
450     A         B          204           LYS        92.02         662  641  213  8.925  8.808  5.427   0.3128    0.3261    0.3204    0.1529
451     A         B          205           PRO        94.87         662  641  214  8.925  8.808  5.439   0.3136    0.3266    0.3209    0.1538
452     A         B          206           GLU        94.20         662  641  232  8.925  8.808  5.651   0.3421    0.3499    0.3440    0.1788
453     A         B          207           ASN        96.24         662  641  233  8.925  8.808  5.663   0.3493    0.3567    0.3507    0.1839
454     A         B          208           CYS        97.29         662  641  233  8.925  8.808  5.663   0.3531    0.3605    0.3545    0.1863
455     A         B          209           ARG        97.08         662  641  234  8.925  8.808  5.674   0.3582    0.3653    0.3593    0.1901
456     A         B          210           LEU        96.17         662  641  233  8.925  8.808  5.663   0.3637    0.3716    0.3655    0.1939
457     A         B          211           SER        96.60         662  641  234  8.925  8.808  5.674   0.3628    0.3703    0.3642    0.1935
458     A         B          212           MET        97.92         662  641  234  8.925  8.808  5.674   0.3731    0.3809    0.3747    0.2006
459     A         B          213           GLY        96.86         662  641  234  8.925  8.808  5.674   0.3694    0.3773    0.3712    0.1985
460     A         B          214           ILE        93.22         662  641  233  8.925  8.808  5.663   0.3624    0.3702    0.3641    0.1928
461     A         B          215           ARG        88.08         662  641  232  8.925  8.808  5.651   0.3448    0.3525    0.3466    0.1807
462     A         B          216           PRO        89.62         662  641  232  8.925  8.808  5.651   0.3457    0.3538    0.3479    0.1819
463     A         B          217           ASN        88.64         662  641  221  8.925  8.808  5.523   0.3233    0.3350    0.3292    0.1632
464     A         B          218           SER        93.61         662  641  230  8.925  8.808  5.629   0.3426    0.3513    0.3454    0.1787
465     A         B          219           HIS        96.52         662  641  234  8.925  8.808  5.674   0.3723    0.3802    0.3741    0.2002
466     A         B          220           TYR        98.06         662  641  235  8.925  8.808  5.686   0.3875    0.3951    0.3889    0.2114
467     A         B          221           ILE        98.24         662  641  237  8.925  8.808  5.708   0.3850    0.3911    0.3849    0.2097
468     A         B          222           LEU        98.51         662  641  237  8.925  8.808  5.708   0.3908    0.3972    0.3910    0.2141
469     A         B          223           ARG        98.77         662  641  237  8.925  8.808  5.708   0.3939    0.4004    0.3942    0.2163
470     A         B          224           SER        98.74         662  641  236  8.925  8.808  5.697   0.3858    0.3927    0.3865    0.2103
471     A         B          225           GLY        98.85         662  641  236  8.925  8.808  5.697   0.3747    0.3812    0.3750    0.2025
472     A         B          226           LEU        98.69         662  641  238  8.925  8.808  5.720   0.3998    0.4054    0.3991    0.2203
473     A         B          227           LEU        98.78         662  641  238  8.925  8.808  5.720   0.4011    0.4066    0.4003    0.2212
474     A         B          228           LYS        97.73         662  641  236  8.925  8.808  5.697   0.3882    0.3951    0.3888    0.2119
475     A         B          229           TYR        97.21         662  641  237  8.925  8.808  5.708   0.4015    0.4081    0.4018    0.2218
476     A         B          230           ASN        94.49         662  641  233  8.925  8.808  5.663   0.3530    0.3605    0.3545    0.1865
477     A         B          231           LEU        90.73         662  641  231  8.925  8.808  5.640   0.3338    0.3408    0.3349    0.1722
478     A         B          232           SER        87.10         662  641  96  8.925  8.808  3.565   0.2538    0.2993    0.2938    0.0642
479     A         B          233           ASP        79.75         662  641  30  8.925  8.808  1.258   0.2214    0.2766    0.2714    0.0076
480     A         B          234           GLY        76.50         662  641  0  8.925  8.808  1.039   0.1589    0.0000    0.0000    0.0000
481     A         B          235           GLU        73.66         662  641  0  8.925  8.808  1.039   0.1806    0.0000    0.0000    0.0000
482     A         B          236           ASN        76.58         662  641  2  8.925  8.808  1.039   0.1920    0.2697    0.2646    0.0050
483     A         B          237           PRO        85.70         662  641  84  8.925  8.808  3.286   0.2458    0.2910    0.2855    0.0528
484     A         B          238           LYS        91.12         662  641  193  8.925  8.808  5.175   0.3038    0.3228    0.3171    0.1390
485     A         B          239           VAL        97.07         662  641  236  8.925  8.808  5.697   0.3646    0.3705    0.3644    0.1948
486     A         B          240           VAL        97.61         662  641  236  8.925  8.808  5.697   0.3759    0.3824    0.3762    0.2030
487     A         B          241           PHE        98.67         662  641  238  8.925  8.808  5.720   0.3969    0.4025    0.3963    0.2184
488     A         B          242           ILE        98.48         662  641  236  8.925  8.808  5.697   0.3768    0.3832    0.3771    0.2035
489     A         B          243           GLU        98.26         662  641  234  8.925  8.808  5.674   0.3645    0.3719    0.3658    0.1944
490     A         B          244           ILE        98.26         662  641  233  8.925  8.808  5.663   0.3446    0.3517    0.3457    0.1804
491     A         B          245           SER        95.45         662  641  134  8.925  8.808  4.299   0.2699    0.3033    0.2978    0.0923
492     A         B          246           ASP        92.61         662  641  130  8.925  8.808  4.230   0.2656    0.2952    0.2898    0.0863
493     A         B          247           GLN        93.88         662  641  112  8.925  8.808  3.897   0.2599    0.2981    0.2926    0.0753
494     A         B          248           ARG        93.77         662  641  176  8.925  8.808  4.946   0.2923    0.3165    0.3108    0.1253
495     A         B          249           LEU        96.69         662  641  228  8.925  8.808  5.605   0.3268    0.3353    0.3295    0.1671
496     A         B          250           SER        97.59         662  641  233  8.925  8.808  5.663   0.3530    0.3609    0.3549    0.1867
497     A         B          251           ILE        97.97         662  641  234  8.925  8.808  5.674   0.3693    0.3770    0.3709    0.1981
498     A         B          252           GLY        98.70         662  641  234  8.925  8.808  5.674   0.3622    0.3696    0.3636    0.1934
499     A         B          253           SER        98.29         662  641  235  8.925  8.808  5.686   0.3829    0.3905    0.3843    0.2084
500     A         B          254           PRO        98.56         662  641  237  8.925  8.808  5.708   0.4029    0.4097    0.4034    0.2235
501     A         B          255           SER        98.84         662  641  238  8.925  8.808  5.720   0.4056    0.4118    0.4055    0.2252
502     A         B          256           LYS        98.88         662  641  238  8.925  8.808  5.720   0.4132    0.4194    0.4131    0.2305
503     A         B          257           ILE        98.79         662  641  238  8.925  8.808  5.720   0.4150    0.4212    0.4148    0.2318
504     A         B          258           TYR        98.49         662  641  237  8.925  8.808  5.708   0.4022    0.4089    0.4026    0.2223
505     A         B          259           ASP        94.85         662  641  235  8.925  8.808  5.686   0.3712    0.3784    0.3723    0.1998
506     A         B          260           SER        96.44         662  641  223  8.925  8.808  5.547   0.3190    0.3284    0.3226    0.1598
507     A         B          261           LEU        91.71         662  641  206  8.925  8.808  5.341   0.3150    0.3307    0.3249    0.1513
508     A         B          262           GLY        93.16         662  641  134  8.925  8.808  4.299   0.2684    0.3003    0.2948    0.0910
509     A         B          263           GLN        91.65         662  641  227  8.925  8.808  5.594   0.3374    0.3470    0.3411    0.1741
510     A         B          264           PRO        96.17         662  641  236  8.925  8.808  5.697   0.3846    0.3913    0.3851    0.2095
511     A         B          265           VAL        98.07         662  641  237  8.925  8.808  5.708   0.4032    0.4099    0.4035    0.2229
512     A         B          266           PHE        98.69         662  641  238  8.925  8.808  5.720   0.4170    0.4234    0.4170    0.2335
513     A         B          267           TYR        98.91         662  641  238  8.925  8.808  5.720   0.4141    0.4205    0.4142    0.2315
514     A         B          268           GLN        98.85         662  641  238  8.925  8.808  5.720   0.4085    0.4147    0.4084    0.2272
515     A         B          269           ALA        98.38         662  641  236  8.925  8.808  5.697   0.3950    0.4023    0.3961    0.2174
516     A         B          270           SER        96.95         662  641  233  8.925  8.808  5.663   0.3715    0.3799    0.3738    0.1996
517     A         B          271           PHE        96.30         662  641  233  8.925  8.808  5.663   0.3860    0.3953    0.3891    0.2101
518     A         B          272           SER        96.10         662  641  233  8.925  8.808  5.663   0.3590    0.3674    0.3614    0.1912
519     A         B          273           TRP        96.39         662  641  233  8.925  8.808  5.663   0.3659    0.3742    0.3681    0.1955
520     A         B          274           ASP        96.86         662  641  233  8.925  8.808  5.663   0.3633    0.3713    0.3653    0.1935
521     A         B          275           THR        92.88         662  641  233  8.925  8.808  5.663   0.3571    0.3648    0.3588    0.1893
522     A         B          276           MET        92.56         662  641  233  8.925  8.808  5.663   0.3655    0.3735    0.3674    0.1952
523     A         B          277           ILE        98.05         662  641  236  8.925  8.808  5.697   0.3772    0.3837    0.3776    0.2039
524     A         B          278           LYS        98.12         662  641  236  8.925  8.808  5.697   0.3834    0.3902    0.3840    0.2085
525     A         B          279           PHE        98.47         662  641  235  8.925  8.808  5.686   0.3805    0.3880    0.3818    0.2063
526     A         B          280           GLY        97.49         662  641  234  8.925  8.808  5.674   0.3639    0.3714    0.3653    0.1946
527     A         B          281           ASP        94.52         662  641  234  8.925  8.808  5.674   0.3541    0.3611    0.3551    0.1873
528     A         B          282           VAL        95.78         662  641  237  8.925  8.808  5.708   0.3759    0.3815    0.3754    0.2030
529     A         B          283           LEU        91.90         662  641  235  8.925  8.808  5.686   0.3523    0.3586    0.3526    0.1863
530     A         B          284           THR        92.32         662  641  222  8.925  8.808  5.535   0.3215    0.3315    0.3257    0.1611
531     A         B          285           VAL        94.30         662  641  227  8.925  8.808  5.594   0.3255    0.3337    0.3279    0.1653
532     A         B          286           ASN        93.61         662  641  191  8.925  8.808  5.149   0.2957    0.3125    0.3069    0.1319
533     A         B          287           PRO        95.29         662  641  200  8.925  8.808  5.266   0.3035    0.3195    0.3139    0.1413
534     A         B          288           LEU        97.78         662  641  235  8.925  8.808  5.686   0.3525    0.3588    0.3528    0.1862
535     A         B          289           VAL        96.25         662  641  234  8.925  8.808  5.674   0.3544    0.3614    0.3554    0.1875
536     A         B          290           VAL        97.84         662  641  235  8.925  8.808  5.686   0.3611    0.3675    0.3614    0.1921
537     A         B          291           ASN        95.76         662  641  234  8.925  8.808  5.674   0.3524    0.3594    0.3534    0.1863
538     A         B          292           TRP        97.61         662  641  235  8.925  8.808  5.686   0.3679    0.3749    0.3687    0.1971
539     A         B          293           ARG        97.02         662  641  230  8.925  8.808  5.629   0.3399    0.3484    0.3425    0.1765
540     A         B          294           ASN        91.56         662  641  205  8.925  8.808  5.329   0.3089    0.3248    0.3191    0.1473
541     A         B          295           ASN        94.21         662  641  228  8.925  8.808  5.605   0.3387    0.3475    0.3416    0.1748
542     A         B          296           THR        86.02         662  641  225  8.925  8.808  5.570   0.3349    0.3452    0.3393    0.1716
543     A         B          297           VAL        90.81         662  641  235  8.925  8.808  5.686   0.3582    0.3648    0.3588    0.1905
544     A         B          298           ILE        94.73         662  641  237  8.925  8.808  5.708   0.3900    0.3965    0.3902    0.2135
545     A         B          299           SER        92.99         662  641  235  8.925  8.808  5.686   0.3815    0.3891    0.3829    0.2072
546     A         B          300           ARG        96.19         662  641  236  8.925  8.808  5.697   0.3888    0.3959    0.3896    0.2124
547     A         B          301           PRO        91.58         662  641  235  8.925  8.808  5.686   0.3854    0.3929    0.3867    0.2100
548     A         B          302           GLY        86.83         662  641  230  8.925  8.808  5.629   0.3489    0.3580    0.3520    0.1836
549     A         B          303           GLN        76.88         662  641  226  8.925  8.808  5.582   0.3376    0.3473    0.3414    0.1740
550     A         B          304           SER        72.75         662  641  224  8.925  8.808  5.559   0.3375    0.3483    0.3424    0.1735
551     A         B          305           GLN        80.62         662  641  223  8.925  8.808  5.547   0.3316    0.3423    0.3365    0.1689
552     A         B          306           CYS        90.20         662  641  232  8.925  8.808  5.651   0.3532    0.3612    0.3552    0.1865
553     A         B          307           PRO        84.42         662  641  233  8.925  8.808  5.663   0.3562    0.3639    0.3578    0.1889
554     A         B          308           ARG        87.19         662  641  234  8.925  8.808  5.674   0.3614    0.3685    0.3624    0.1922
555     A         B          309           PHE        79.53         662  641  234  8.925  8.808  5.674   0.3605    0.3676    0.3615    0.1918
556     A         B          310           ASN        87.72         662  641  231  8.925  8.808  5.640   0.3434    0.3516    0.3456    0.1793
557     A         B          311           THR        89.39         662  641  220  8.925  8.808  5.511   0.3259    0.3372    0.3314    0.1637
558     A         B          312           CYS        93.29         662  641  230  8.925  8.808  5.629   0.3394    0.3477    0.3418    0.1764
559     A         B          313           PRO        96.63         662  641  232  8.925  8.808  5.651   0.3489    0.3568    0.3508    0.1835
560     A         B          314           GLU        91.98         662  641  231  8.925  8.808  5.640   0.3466    0.3551    0.3491    0.1816
561     A         B          315           ILE        93.65         662  641  234  8.925  8.808  5.674   0.3691    0.3768    0.3707    0.1984
562     A         B          316           CYS        89.82         662  641  234  8.925  8.808  5.674   0.3636    0.3710    0.3649    0.1942
563     A         B          317           TRP        91.88         662  641  234  8.925  8.808  5.674   0.3818    0.3899    0.3837    0.2072
564     A         B          318           GLU        90.38         662  641  233  8.925  8.808  5.663   0.3685    0.3766    0.3705    0.1977
565     A         B          319           GLY        93.18         662  641  233  8.925  8.808  5.663   0.3646    0.3730    0.3669    0.1957
566     A         B          320           VAL        95.00         662  641  235  8.925  8.808  5.686   0.3851    0.3927    0.3865    0.2098
567     A         B          321           TYR        98.04         662  641  236  8.925  8.808  5.697   0.3907    0.3982    0.3920    0.2141
568     A         B          322           ASN        98.50         662  641  237  8.925  8.808  5.708   0.4014    0.4084    0.4021    0.2221
569     A         B          323           ASP        98.12         662  641  236  8.925  8.808  5.697   0.3977    0.4053    0.3990    0.2190
570     A         B          324           ALA        98.54         662  641  237  8.925  8.808  5.708   0.3989    0.4057    0.3994    0.2201
571     A         B          325           PHE        98.77         662  641  238  8.925  8.808  5.720   0.4294    0.4360    0.4296    0.2428
572     A         B          326           LEU        97.63         662  641  237  8.925  8.808  5.708   0.4025    0.4090    0.4027    0.2224
573     A         B          327           ILE        97.68         662  641  237  8.925  8.808  5.708   0.3934    0.3995    0.3932    0.2155
574     A         B          328           ASP        94.61         662  641  236  8.925  8.808  5.697   0.3658    0.3719    0.3658    0.1959
575     A         B          329           ARG        92.73         662  641  219  8.925  8.808  5.500   0.3257    0.3372    0.3314    0.1630
576     A         B          330           ILE        89.60         662  641  205  8.925  8.808  5.329   0.3111    0.3260    0.3203    0.1480
577     A         B          331           ASN        93.36         662  641  233  8.925  8.808  5.663   0.3487    0.3558    0.3498    0.1833
578     A         B          332           TRP        96.32         662  641  235  8.925  8.808  5.686   0.3697    0.3766    0.3705    0.1984
579     A         B          333           ILE        97.24         662  641  236  8.925  8.808  5.697   0.3942    0.4010    0.3948    0.2160
580     A         B          334           SER        98.55         662  641  237  8.925  8.808  5.708   0.3892    0.3953    0.3890    0.2126
581     A         B          335           ALA        98.74         662  641  238  8.925  8.808  5.720   0.4046    0.4105    0.4042    0.2242
582     A         B          336           GLY        98.89         662  641  238  8.925  8.808  5.720   0.3923    0.3980    0.3918    0.2154
583     A         B          337           VAL        98.80         662  641  238  8.925  8.808  5.720   0.4140    0.4202    0.4138    0.2311
584     A         B          338           PHE        97.86         662  641  238  8.925  8.808  5.720   0.4062    0.4124    0.4061    0.2255
585     A         B          339           LEU        95.96         662  641  237  8.925  8.808  5.708   0.4063    0.4130    0.4067    0.2253
586     A         B          340           ASP        92.63         662  641  235  8.925  8.808  5.686   0.3731    0.3800    0.3739    0.2009
587     A         B          341           SER        89.40         662  641  234  8.925  8.808  5.674   0.3725    0.3803    0.3742    0.2006
588     A         B          342           ASN        82.48         662  641  232  8.925  8.808  5.651   0.3567    0.3650    0.3590    0.1889
589     A         B          343           GLN        80.38         662  641  233  8.925  8.808  5.663   0.3601    0.3678    0.3618    0.1913
590     A         B          344           THR        87.16         662  641  235  8.925  8.808  5.686   0.3708    0.3777    0.3716    0.1995
591     A         B          345           ALA        90.13         662  641  237  8.925  8.808  5.708   0.3921    0.3985    0.3923    0.2154
592     A         B          346           GLU        89.49         662  641  236  8.925  8.808  5.697   0.3895    0.3965    0.3903    0.2130
593     A         B          347           ASN        93.84         662  641  237  8.925  8.808  5.708   0.3983    0.4049    0.3986    0.2195
594     A         B          348           PRO        97.10         662  641  238  8.925  8.808  5.720   0.4070    0.4131    0.4068    0.2262
595     A         B          349           VAL        97.69         662  641  238  8.925  8.808  5.720   0.3969    0.4027    0.3964    0.2186
596     A         B          350           PHE        98.78         662  641  238  8.925  8.808  5.720   0.4238    0.4301    0.4237    0.2385
597     A         B          351           THR        97.57         662  641  237  8.925  8.808  5.708   0.3831    0.3890    0.3828    0.2082
598     A         B          352           VAL        98.38         662  641  238  8.925  8.808  5.720   0.3975    0.4031    0.3968    0.2188
599     A         B          353           PHE        96.67         662  641  236  8.925  8.808  5.697   0.3896    0.3964    0.3901    0.2126
600     A         B          354           LYS        95.58         662  641  227  8.925  8.808  5.594   0.3429    0.3524    0.3464    0.1774
601     A         B          355           ASP        93.66         662  641  204  8.925  8.808  5.316   0.3067    0.3219    0.3162    0.1450
602     A         B          356           ASN        88.26         662  641  181  8.925  8.808  5.015   0.2942    0.3157    0.3101    0.1279
603     A         B          357           GLU        92.22         662  641  185  8.925  8.808  5.069   0.3005    0.3212    0.3155    0.1332
604     A         B          358           ILE        92.53         662  641  235  8.925  8.808  5.686   0.3588    0.3653    0.3592    0.1907
605     A         B          359           LEU        96.46         662  641  235  8.925  8.808  5.686   0.3632    0.3698    0.3637    0.1938
606     A         B          360           TYR        96.88         662  641  224  8.925  8.808  5.559   0.3326    0.3427    0.3368    0.1694
607     A         B          361           ARG        95.56         662  641  217  8.925  8.808  5.476   0.3247    0.3369    0.3311    0.1615
608     A         B          362           ALA        97.63         662  641  236  8.925  8.808  5.697   0.3864    0.3931    0.3868    0.2104
609     A         B          363           GLN        95.07         662  641  236  8.925  8.808  5.697   0.3758    0.3821    0.3760    0.2027
610     A         B          364           LEU        97.17         662  641  238  8.925  8.808  5.720   0.3960    0.4015    0.3953    0.2176
611     A         B          365           ALA        91.65         662  641  235  8.925  8.808  5.686   0.3593    0.3655    0.3595    0.1909
612     A         B          366           SER        88.11         662  641  234  8.925  8.808  5.674   0.3612    0.3686    0.3625    0.1925
613     A         B          367           GLU        85.76         662  641  234  8.925  8.808  5.674   0.3698    0.3774    0.3713    0.1984
614     A         B          368           ASP        82.89         662  641  235  8.925  8.808  5.686   0.3672    0.3741    0.3680    0.1968
615     A         B          369           THR        88.13         662  641  237  8.925  8.808  5.708   0.3922    0.3986    0.3924    0.2151
616     A         B          370           ASN        82.94         662  641  236  8.925  8.808  5.697   0.3864    0.3932    0.3870    0.2108
617     A         B          371           ALA        93.01         662  641  237  8.925  8.808  5.708   0.3987    0.4053    0.3990    0.2200
618     A         B          372           GLN        90.53         662  641  236  8.925  8.808  5.697   0.3907    0.3976    0.3914    0.2139
619     A         B          373           LYS        95.42         662  641  237  8.925  8.808  5.708   0.4039    0.4106    0.4043    0.2237
620     A         B          374           THR        98.34         662  641  238  8.925  8.808  5.720   0.4145    0.4209    0.4145    0.2315
621     A         B          375           ILE        98.78         662  641  238  8.925  8.808  5.720   0.4344    0.4411    0.4347    0.2468
622     A         B          376           THR        98.91         662  641  238  8.925  8.808  5.720   0.4162    0.4224    0.4161    0.2326
623     A         B          377           ASN        98.60         662  641  238  8.925  8.808  5.720   0.4161    0.4223    0.4159    0.2326
624     A         B          378           CYS        98.47         662  641  238  8.925  8.808  5.720   0.4063    0.4122    0.4059    0.2253
625     A         B          379           PHE        97.48         662  641  238  8.925  8.808  5.720   0.4107    0.4165    0.4102    0.2285
626     A         B          380           LEU        95.44         662  641  235  8.925  8.808  5.686   0.3700    0.3769    0.3708    0.1986
627     A         B          381           LEU        93.47         662  641  233  8.925  8.808  5.663   0.3407    0.3472    0.3413    0.1775
628     A         B          382           LYS        88.54         662  641  197  8.925  8.808  5.227   0.3066    0.3241    0.3184    0.1421
629     A         B          383           ASN        91.99         662  641  145  8.925  8.808  4.482   0.2728    0.3015    0.2960    0.0986
630     A         B          384           LYS        94.16         662  641  233  8.925  8.808  5.663   0.3489    0.3561    0.3501    0.1837
631     A         B          385           ILE        96.95         662  641  237  8.925  8.808  5.708   0.3953    0.4014    0.3951    0.2168
632     A         B          386           TRP        97.43         662  641  238  8.925  8.808  5.720   0.4220    0.4282    0.4219    0.2372
633     A         B          387           CYS        98.70         662  641  238  8.925  8.808  5.720   0.4114    0.4174    0.4111    0.2292
634     A         B          388           ILE        97.79         662  641  240  8.925  8.808  5.742   0.4281    0.4329    0.4265    0.2419
635     A         B          389           SER        98.60         662  641  238  8.925  8.808  5.720   0.4158    0.4219    0.4155    0.2324
636     A         B          390           LEU        97.58         662  641  238  8.925  8.808  5.720   0.4284    0.4348    0.4284    0.2420
637     A         B          391           VAL        97.12         662  641  238  8.925  8.808  5.720   0.4200    0.4262    0.4198    0.2355
638     A         B          392           GLU        91.80         662  641  238  8.925  8.808  5.720   0.4135    0.4196    0.4133    0.2310
639     A         B          393           ILE        91.59         662  641  237  8.925  8.808  5.708   0.3954    0.4017    0.3955    0.2175
640     A         B          394           TYR        78.48         662  641  237  8.925  8.808  5.708   0.3755    0.3813    0.3752    0.2030
641     A         B          395           ASP        69.62         662  641  222  8.925  8.808  5.535   0.3322    0.3430    0.3371    0.1687
642     A         B          396           THR        62.46         662  641  176  8.925  8.808  4.946   0.2940    0.3176    0.3119    0.1260
643     A         B          397           GLY        59.87         662  641  170  8.925  8.808  4.861   0.2908    0.3167    0.3110    0.1217
644     A         B          398           ASP        60.54         662  641  218  8.925  8.808  5.488   0.3215    0.3330    0.3272    0.1600
645     A         B          399           ASN        62.40         662  641  226  8.925  8.808  5.582   0.3375    0.3471    0.3412    0.1737
646     A         B          400           VAL        71.25         662  641  233  8.925  8.808  5.663   0.3566    0.3637    0.3577    0.1886
647     A         B          401           ILE        75.42         662  641  237  8.925  8.808  5.708   0.3879    0.3941    0.3879    0.2119
648     A         B          402           ARG        83.57         662  641  237  8.925  8.808  5.708   0.3903    0.3966    0.3904    0.2137
649     A         B          403           PRO        91.59         662  641  238  8.925  8.808  5.720   0.4125    0.4186    0.4123    0.2304
650     A         B          404           LYS        92.65         662  641  238  8.925  8.808  5.720   0.4123    0.4184    0.4120    0.2298
651     A         B          405           LEU        95.07         662  641  240  8.925  8.808  5.742   0.4312    0.4361    0.4297    0.2445
652     A         B          406           PHE        97.58         662  641  240  8.925  8.808  5.742   0.4338    0.4388    0.4324    0.2466
653     A         B          407           ALA        96.34         662  641  239  8.925  8.808  5.731   0.4239    0.4294    0.4230    0.2387
654     A         B          408           VAL        98.36         662  641  238  8.925  8.808  5.720   0.4030    0.4087    0.4024    0.2227
655     A         B          409           LYS        96.55         662  641  237  8.925  8.808  5.708   0.3900    0.3961    0.3899    0.2131
656     A         B          410           ILE        97.58         662  641  236  8.925  8.808  5.697   0.3684    0.3743    0.3682    0.1973
657     A         B          411           PRO        95.58         662  641  192  8.925  8.808  5.162   0.3054    0.3249    0.3191    0.1395
658     A         B          412           GLU        91.36         662  641  57  8.925  8.808  2.510   0.2312    0.2874    0.2820    0.0310
659     A         B          413           GLN        89.38         662  641  0  8.925  8.808  1.039   0.1601    0.0000    0.0000    0.0000
660     A         B          414           CYS        91.74         662  641  0  8.925  8.808  1.039   0.1511    0.0000    0.0000    0.0000
661     A         B          415           THR        82.15         662  641  0  8.925  8.808  1.039   0.1041    0.0000    0.0000    0.0000
662     A         B          416           HIS        63.06         662  641  0  8.925  8.808  1.039   0.0917    0.0000    0.0000    0.0000
1       B         A            1           GLN        81.95         662  644  0  8.925  8.824  1.039   0.1427    0.0000    0.0000    0.0000
2       B         A            2           VAL        95.60         662  644  392  8.925  8.824  7.158   0.3422    0.3479    0.3428    0.2564
3       B         A            3           GLN        96.90         662  644  401  8.925  8.824  7.229   0.3490    0.3527    0.3476    0.2644
4       B         A            4           LEU        98.57         662  644  415  8.925  8.824  7.336   0.3950    0.3953    0.3900    0.3077
5       B         A            5           VAL        98.30         662  644  414  8.925  8.824  7.329   0.3951    0.3958    0.3905    0.3077
6       B         A            6           GLU        97.69         662  644  412  8.925  8.824  7.313   0.3689    0.3700    0.3649    0.2840
7       B         A            7           SER        98.10         662  644  403  8.925  8.824  7.244   0.3616    0.3653    0.3601    0.2761
8       B         A            8           GLY        98.48         662  644  388  8.925  8.824  7.126   0.3333    0.3392    0.3342    0.2474
9       B         A            9           GLY        96.92         662  644  346  8.925  8.824  6.778   0.3092    0.3220    0.3171    0.2156
10      B         A           10           GLY        96.24         662  644  316  8.925  8.824  6.510   0.2981    0.3162    0.3113    0.1980
11      B         A           11           VAL        92.74         662  644  391  8.925  8.824  7.150   0.3310    0.3363    0.3313    0.2462
12      B         A           12           VAL        92.85         662  644  331  8.925  8.824  6.646   0.3033    0.3183    0.3134    0.2062
13      B         A           13           GLN        86.96         662  644  322  8.925  8.824  6.565   0.3010    0.3172    0.3123    0.2014
14      B         A           14           PRO        85.49         662  644  390  8.925  8.824  7.142   0.3365    0.3422    0.3372    0.2507
15      B         A           15           GLY        88.70         662  644  379  8.925  8.824  7.054   0.3277    0.3353    0.3304    0.2404
16      B         A           16           ARG        91.32         662  644  391  8.925  8.824  7.150   0.3306    0.3357    0.3307    0.2456
17      B         A           17           SER        96.74         662  644  398  8.925  8.824  7.205   0.3484    0.3529    0.3478    0.2632
18      B         A           18           LEU        97.19         662  644  412  8.925  8.824  7.313   0.3613    0.3624    0.3572    0.2772
19      B         A           19           ARG        98.59         662  644  413  8.925  8.824  7.321   0.3817    0.3826    0.3774    0.2955
20      B         A           20           LEU        98.91         662  644  415  8.925  8.824  7.336   0.3987    0.3990    0.3937    0.3110
21      B         A           21           SER        98.15         662  644  413  8.925  8.824  7.321   0.3928    0.3938    0.3886    0.3056
22      B         A           22           CYS        98.85         662  644  415  8.925  8.824  7.336   0.3974    0.3978    0.3924    0.3099
23      B         A           23           ALA        98.64         662  644  415  8.925  8.824  7.336   0.3960    0.3963    0.3910    0.3086
24      B         A           24           ALA        98.39         662  644  415  8.925  8.824  7.336   0.3841    0.3844    0.3792    0.2980
25      B         A           25           SER        98.06         662  644  413  8.925  8.824  7.321   0.3820    0.3830    0.3778    0.2961
26      B         A           26           GLY        97.32         662  644  413  8.925  8.824  7.321   0.3801    0.3811    0.3759    0.2943
27      B         A           27           PHE        92.10         662  644  415  8.925  8.824  7.336   0.4007    0.4011    0.3958    0.3129
28      B         A           28           THR        85.27         662  644  414  8.925  8.824  7.329   0.3875    0.3882    0.3829    0.3010
29      B         A           29           PHE        95.96         662  644  415  8.925  8.824  7.336   0.4079    0.4082    0.4029    0.3195
30      B         A           30           SER        85.23         662  644  412  8.925  8.824  7.313   0.3825    0.3839    0.3786    0.2964
31      B         A           31           SER        76.39         662  644  412  8.925  8.824  7.313   0.3788    0.3801    0.3749    0.2929
32      B         A           32           TYR        86.92         662  644  415  8.925  8.824  7.336   0.4154    0.4158    0.4104    0.3261
33      B         A           33           GLY        86.89         662  644  415  8.925  8.824  7.336   0.3935    0.3939    0.3885    0.3063
34      B         A           34           MET        96.12         662  644  416  8.925  8.824  7.344   0.4235    0.4235    0.4181    0.3337
35      B         A           35           HIS        96.52         662  644  416  8.925  8.824  7.344   0.4141    0.4141    0.4087    0.3249
36      B         A           36           TRP        98.88         662  644  416  8.925  8.824  7.344   0.4250    0.4250    0.4196    0.3350
37      B         A           37           VAL        98.41         662  644  416  8.925  8.824  7.344   0.4130    0.4130    0.4077    0.3240
38      B         A           38           ARG        97.26         662  644  415  8.925  8.824  7.336   0.4085    0.4089    0.4035    0.3198
39      B         A           39           GLN        97.47         662  644  416  8.925  8.824  7.344   0.4053    0.4053    0.4000    0.3170
40      B         A           40           ALA        92.57         662  644  415  8.925  8.824  7.336   0.3961    0.3965    0.3912    0.3087
41      B         A           41           PRO        90.80         662  644  396  8.925  8.824  7.189   0.3401    0.3446    0.3395    0.2553
42      B         A           42           GLY        92.67         662  644  317  8.925  8.824  6.519   0.3003    0.3183    0.3135    0.2002
43      B         A           43           LYS        92.04         662  644  400  8.925  8.824  7.221   0.3535    0.3576    0.3525    0.2681
44      B         A           44           GLY        95.59         662  644  415  8.925  8.824  7.336   0.3754    0.3757    0.3705    0.2902
45      B         A           45           LEU        97.55         662  644  416  8.925  8.824  7.344   0.3891    0.3891    0.3839    0.3027
46      B         A           46           GLU        93.76         662  644  415  8.925  8.824  7.336   0.3881    0.3884    0.3831    0.3015
47      B         A           47           TRP        95.02         662  644  416  8.925  8.824  7.344   0.4016    0.4016    0.3963    0.3137
48      B         A           48           VAL        97.57         662  644  416  8.925  8.824  7.344   0.3947    0.3947    0.3893    0.3076
49      B         A           49           ALA        97.32         662  644  416  8.925  8.824  7.344   0.4037    0.4037    0.3983    0.3155
50      B         A           50           VAL        90.01         662  644  415  8.925  8.824  7.336   0.3998    0.4001    0.3948    0.3117
51      B         A           51           ILE        94.49         662  644  416  8.925  8.824  7.344   0.4157    0.4157    0.4103    0.3265
52      B         A           52           SER        78.27         662  644  415  8.925  8.824  7.336   0.3967    0.3971    0.3917    0.3091
53      B         A           53           TYR        79.14         662  644  415  8.925  8.824  7.336   0.3955    0.3959    0.3905    0.3081
54      B         A           54           ASP        74.86         662  644  400  8.925  8.824  7.221   0.3586    0.3629    0.3578    0.2729
55      B         A           55           GLY        87.50         662  644  412  8.925  8.824  7.313   0.3780    0.3793    0.3741    0.2923
56      B         A           56           SER        75.07         662  644  403  8.925  8.824  7.244   0.3668    0.3706    0.3654    0.2808
57      B         A           57           LYS        73.71         662  644  412  8.925  8.824  7.313   0.3719    0.3731    0.3679    0.2866
58      B         A           58           LYS        87.92         662  644  415  8.925  8.824  7.336   0.3965    0.3969    0.3915    0.3091
59      B         A           59           TYR        81.81         662  644  415  8.925  8.824  7.336   0.3881    0.3884    0.3832    0.3015
60      B         A           60           TYR        92.01         662  644  415  8.925  8.824  7.336   0.3978    0.3981    0.3928    0.3101
61      B         A           61           ALA        92.42         662  644  415  8.925  8.824  7.336   0.3861    0.3864    0.3811    0.2996
62      B         A           62           ASP        83.29         662  644  407  8.925  8.824  7.275   0.3607    0.3631    0.3580    0.2759
63      B         A           63           SER        87.24         662  644  395  8.925  8.824  7.182   0.3542    0.3597    0.3546    0.2679
64      B         A           64           VAL        94.46         662  644  414  8.925  8.824  7.329   0.3703    0.3708    0.3656    0.2855
65      B         A           65           LYS        87.43         662  644  383  8.925  8.824  7.086   0.3324    0.3395    0.3345    0.2456
66      B         A           66           GLY        94.49         662  644  392  8.925  8.824  7.158   0.3507    0.3568    0.3517    0.2641
67      B         A           67           ARG        94.33         662  644  412  8.925  8.824  7.313   0.3750    0.3762    0.3710    0.2894
68      B         A           68           PHE        98.25         662  644  415  8.925  8.824  7.336   0.3964    0.3967    0.3914    0.3089
69      B         A           69           THR        98.49         662  644  415  8.925  8.824  7.336   0.3988    0.3992    0.3939    0.3112
70      B         A           70           ILE        98.16         662  644  415  8.925  8.824  7.336   0.3961    0.3964    0.3911    0.3085
71      B         A           71           SER        98.29         662  644  415  8.925  8.824  7.336   0.4000    0.4004    0.3950    0.3123
72      B         A           72           ARG        96.00         662  644  415  8.925  8.824  7.336   0.3803    0.3806    0.3753    0.2946
73      B         A           73           ASP        98.34         662  644  414  8.925  8.824  7.329   0.3862    0.3869    0.3816    0.2998
74      B         A           74           ASN        95.03         662  644  412  8.925  8.824  7.313   0.3742    0.3754    0.3702    0.2888
75      B         A           75           SER        95.65         662  644  411  8.925  8.824  7.306   0.3719    0.3734    0.3682    0.2867
76      B         A           76           LYS        97.98         662  644  411  8.925  8.824  7.306   0.3630    0.3644    0.3593    0.2787
77      B         A           77           ASN        98.24         662  644  414  8.925  8.824  7.329   0.3896    0.3903    0.3850    0.3030
78      B         A           78           THR        98.54         662  644  415  8.925  8.824  7.336   0.3995    0.3999    0.3945    0.3118
79      B         A           79           LEU        98.82         662  644  415  8.925  8.824  7.336   0.4010    0.4014    0.3960    0.3130
80      B         A           80           TYR        98.90         662  644  415  8.925  8.824  7.336   0.4095    0.4099    0.4045    0.3208
81      B         A           81           LEU        98.92         662  644  415  8.925  8.824  7.336   0.3971    0.3975    0.3921    0.3095
82      B         A           82           GLN        98.70         662  644  413  8.925  8.824  7.321   0.3858    0.3868    0.3815    0.2992
83      B         A           83           MET        98.37         662  644  413  8.925  8.824  7.321   0.3794    0.3803    0.3751    0.2935
84      B         A           84           ASN        96.65         662  644  409  8.925  8.824  7.290   0.3682    0.3702    0.3650    0.2829
85      B         A           85           SER        92.02         662  644  403  8.925  8.824  7.244   0.3547    0.3581    0.3530    0.2698
86      B         A           86           LEU        93.77         662  644  410  8.925  8.824  7.298   0.3650    0.3666    0.3615    0.2801
87      B         A           87           ARG        85.88         662  644  394  8.925  8.824  7.174   0.3405    0.3455    0.3405    0.2552
88      B         A           88           ALA        85.08         662  644  400  8.925  8.824  7.221   0.3497    0.3536    0.3485    0.2646
89      B         A           89           GLU        86.48         662  644  379  8.925  8.824  7.054   0.3370    0.3455    0.3404    0.2489
90      B         A           90           ASP        94.02         662  644  410  8.925  8.824  7.298   0.3708    0.3725    0.3673    0.2854
91      B         A           91           THR        93.59         662  644  413  8.925  8.824  7.321   0.3841    0.3850    0.3798    0.2976
92      B         A           92           ALA        96.91         662  644  416  8.925  8.824  7.344   0.3945    0.3945    0.3892    0.3073
93      B         A           93           VAL        98.23         662  644  415  8.925  8.824  7.336   0.4061    0.4065    0.4011    0.3177
94      B         A           94           TYR        98.87         662  644  416  8.925  8.824  7.344   0.4125    0.4125    0.4072    0.3237
95      B         A           95           TYR        98.78         662  644  416  8.925  8.824  7.344   0.4214    0.4214    0.4159    0.3316
96      B         A           96           CYS        98.68         662  644  415  8.925  8.824  7.336   0.3997    0.4001    0.3948    0.3122
97      B         A           97           ALA        97.89         662  644  416  8.925  8.824  7.344   0.4111    0.4111    0.4057    0.3223
98      B         A           98           ARG        93.77         662  644  415  8.925  8.824  7.336   0.4176    0.4180    0.4126    0.3281
99      B         A           99           SER        85.59         662  644  410  8.925  8.824  7.298   0.3783    0.3802    0.3749    0.2921
100     B         A          100           PRO        77.12         662  644  369  8.925  8.824  6.972   0.3345    0.3463    0.3412    0.2456
101     B         A          101           PHE        60.86         662  644  342  8.925  8.824  6.743   0.3185    0.3355    0.3305    0.2248
102     B         A          102           TYR        57.99         662  644  333  8.925  8.824  6.664   0.3172    0.3368    0.3318    0.2219
103     B         A          103           ASP        56.73         662  644  295  8.925  8.824  6.312   0.3013    0.3282    0.3233    0.1975
104     B         A          104           SER        61.14         662  644  288  8.925  8.824  6.244   0.2983    0.3242    0.3194    0.1911
105     B         A          105           SER        55.81         662  644  343  8.925  8.824  6.752   0.3203    0.3367    0.3317    0.2261
106     B         A          106           GLY        60.45         662  644  303  8.925  8.824  6.389   0.3021    0.3249    0.3200    0.1989
107     B         A          107           TYR        71.00         662  644  401  8.925  8.824  7.229   0.3453    0.3489    0.3439    0.2610
108     B         A          108           TYR        72.98         662  644  408  8.925  8.824  7.283   0.3618    0.3641    0.3589    0.2770
109     B         A          109           ALA        89.59         662  644  415  8.925  8.824  7.336   0.3908    0.3911    0.3858    0.3039
110     B         A          110           MET        96.16         662  644  416  8.925  8.824  7.344   0.4145    0.4145    0.4091    0.3254
111     B         A          111           ASP        89.38         662  644  415  8.925  8.824  7.336   0.4014    0.4017    0.3964    0.3134
112     B         A          112           TYR        96.49         662  644  415  8.925  8.824  7.336   0.4176    0.4180    0.4126    0.3280
113     B         A          113           TRP        98.50         662  644  416  8.925  8.824  7.344   0.4246    0.4246    0.4192    0.3347
114     B         A          114           GLY        98.61         662  644  416  8.925  8.824  7.344   0.4010    0.4010    0.3957    0.3133
115     B         A          115           GLN        95.70         662  644  407  8.925  8.824  7.275   0.3583    0.3607    0.3556    0.2737
116     B         A          116           GLY        98.21         662  644  411  8.925  8.824  7.306   0.3666    0.3680    0.3628    0.2818
117     B         A          117           THR        96.90         662  644  415  8.925  8.824  7.336   0.3879    0.3883    0.3830    0.3014
118     B         A          118           LEU        97.25         662  644  414  8.925  8.824  7.329   0.3871    0.3878    0.3825    0.3005
119     B         A          119           VAL        97.77         662  644  411  8.925  8.824  7.306   0.3742    0.3757    0.3705    0.2885
120     B         A          120           THR        94.48         662  644  411  8.925  8.824  7.306   0.3704    0.3719    0.3667    0.2850
121     B         A          121           VAL        91.05         662  644  342  8.925  8.824  6.743   0.3083    0.3220    0.3171    0.2139
122     B         A          122           SER        77.96         662  644  0  8.925  8.824  1.039   0.1475    0.0000    0.0000    0.0000
123     B         A          123           SER        63.70         662  644  0  8.925  8.824  1.039   0.0965    0.0000    0.0000    0.0000
124     B         A          124           GLY        62.11         662  644  0  8.925  8.824  1.039   0.0866    0.0000    0.0000    0.0000
125     B         A          125           GLY        51.22         662  644  0  8.925  8.824  1.039   0.0813    0.0000    0.0000    0.0000
126     B         A          126           GLY        51.48         662  644  0  8.925  8.824  1.039   0.0805    0.0000    0.0000    0.0000
127     B         A          127           SER        46.53         662  644  0  8.925  8.824  1.039   0.0811    0.0000    0.0000    0.0000
128     B         A          128           GLY        47.88         662  644  0  8.925  8.824  1.039   0.0813    0.0000    0.0000    0.0000
129     B         A          129           GLY        47.64         662  644  0  8.925  8.824  1.039   0.0813    0.0000    0.0000    0.0000
130     B         A          130           GLY        50.56         662  644  0  8.925  8.824  1.039   0.0820    0.0000    0.0000    0.0000
131     B         A          131           SER        46.93         662  644  0  8.925  8.824  1.039   0.0849    0.0000    0.0000    0.0000
132     B         A          132           GLY        47.37         662  644  0  8.925  8.824  1.039   0.0846    0.0000    0.0000    0.0000
133     B         A          133           GLY        45.51         662  644  0  8.925  8.824  1.039   0.0857    0.0000    0.0000    0.0000
134     B         A          134           GLY        47.43         662  644  0  8.925  8.824  1.039   0.0883    0.0000    0.0000    0.0000
135     B         A          135           SER        44.49         662  644  0  8.925  8.824  1.039   0.0900    0.0000    0.0000    0.0000
136     B         A          136           GLY        45.97         662  644  0  8.925  8.824  1.039   0.0923    0.0000    0.0000    0.0000
137     B         A          137           GLY        45.90         662  644  0  8.925  8.824  1.039   0.1018    0.0000    0.0000    0.0000
138     B         A          138           GLY        49.32         662  644  1  8.925  8.824  1.039   0.1212    0.2725    0.2680    0.0050
139     B         A          139           SER        54.75         662  644  8  8.925  8.824  1.039   0.1536    0.2977    0.2930    0.0057
140     B         A          140           ASP        78.95         662  644  121  8.925  8.824  4.068   0.2428    0.3053    0.3006    0.0842
141     B         A          141           ILE        81.96         662  644  402  8.925  8.824  7.236   0.3525    0.3560    0.3509    0.2676
142     B         A          142           GLN        86.71         662  644  403  8.925  8.824  7.244   0.3621    0.3657    0.3605    0.2765
143     B         A          143           LEU        95.32         662  644  415  8.925  8.824  7.336   0.3793    0.3796    0.3744    0.2939
144     B         A          144           THR        94.83         662  644  414  8.925  8.824  7.329   0.3799    0.3805    0.3753    0.2940
145     B         A          145           GLN        97.75         662  644  409  8.925  8.824  7.290   0.3669    0.3688    0.3636    0.2817
146     B         A          146           SER        95.16         662  644  386  8.925  8.824  7.110   0.3394    0.3468    0.3417    0.2531
147     B         A          147           PRO        96.38         662  644  385  8.925  8.824  7.102   0.3340    0.3410    0.3360    0.2477
148     B         A          148           SER        93.79         662  644  360  8.925  8.824  6.897   0.3187    0.3301    0.3252    0.2282
149     B         A          149           SER        92.37         662  644  276  8.925  8.824  6.124   0.2899    0.3156    0.3107    0.1791
150     B         A          150           LEU        91.83         662  644  264  8.925  8.824  6.001   0.2836    0.3096    0.3048    0.1691
151     B         A          151           SER        94.04         662  644  295  8.925  8.824  6.312   0.2940    0.3166    0.3117    0.1888
152     B         A          152           ALA        93.84         662  644  286  8.925  8.824  6.224   0.2869    0.3083    0.3036    0.1787
153     B         A          153           SER        94.58         662  644  301  8.925  8.824  6.370   0.2941    0.3147    0.3099    0.1901
154     B         A          154           VAL        94.23         662  644  397  8.925  8.824  7.197   0.3427    0.3471    0.3421    0.2577
155     B         A          155           GLY        95.77         662  644  375  8.925  8.824  7.021   0.3255    0.3339    0.3289    0.2375
156     B         A          156           ASP        95.11         662  644  398  8.925  8.824  7.205   0.3436    0.3479    0.3428    0.2588
157     B         A          157           ARG        96.26         662  644  409  8.925  8.824  7.290   0.3681    0.3700    0.3649    0.2827
158     B         A          158           VAL        95.36         662  644  408  8.925  8.824  7.283   0.3613    0.3634    0.3582    0.2765
159     B         A          159           THR        96.98         662  644  413  8.925  8.824  7.321   0.3737    0.3746    0.3694    0.2884
160     B         A          160           ILE        98.11         662  644  415  8.925  8.824  7.336   0.3903    0.3907    0.3854    0.3036
161     B         A          161           THR        97.68         662  644  415  8.925  8.824  7.336   0.3892    0.3896    0.3843    0.3026
162     B         A          162           CYS        97.88         662  644  415  8.925  8.824  7.336   0.3833    0.3836    0.3784    0.2975
163     B         A          163           ARG        94.54         662  644  413  8.925  8.824  7.321   0.3757    0.3766    0.3714    0.2903
164     B         A          164           ALA        86.84         662  644  413  8.925  8.824  7.321   0.3760    0.3768    0.3716    0.2906
165     B         A          165           SER        80.37         662  644  406  8.925  8.824  7.267   0.3667    0.3696    0.3645    0.2813
166     B         A          166           GLN        63.77         662  644  386  8.925  8.824  7.110   0.3435    0.3513    0.3462    0.2569
167     B         A          167           GLY        64.32         662  644  407  8.925  8.824  7.275   0.3703    0.3730    0.3678    0.2847
168     B         A          168           ILE        78.44         662  644  412  8.925  8.824  7.313   0.3728    0.3740    0.3688    0.2874
169     B         A          169           SER        59.04         662  644  401  8.925  8.824  7.229   0.3540    0.3580    0.3529    0.2690
170     B         A          170           SER        67.30         662  644  404  8.925  8.824  7.252   0.3660    0.3695    0.3643    0.2802
171     B         A          171           TYR        73.35         662  644  416  8.925  8.824  7.344   0.3928    0.3928    0.3875    0.3058
172     B         A          172           LEU        91.33         662  644  416  8.925  8.824  7.344   0.4016    0.4016    0.3962    0.3138
173     B         A          173           ALA        95.34         662  644  416  8.925  8.824  7.344   0.4103    0.4103    0.4049    0.3215
174     B         A          174           TRP        98.68         662  644  416  8.925  8.824  7.344   0.4163    0.4163    0.4110    0.3274
175     B         A          175           TYR        98.68         662  644  416  8.925  8.824  7.344   0.4040    0.4040    0.3986    0.3159
176     B         A          176           GLN        98.35         662  644  415  8.925  8.824  7.336   0.4075    0.4079    0.4025    0.3190
177     B         A          177           GLN        98.33         662  644  415  8.925  8.824  7.336   0.3879    0.3882    0.3829    0.3014
178     B         A          178           LYS        94.14         662  644  400  8.925  8.824  7.221   0.3554    0.3596    0.3544    0.2698
179     B         A          179           PRO        87.18         662  644  314  8.925  8.824  6.492   0.3028    0.3229    0.3180    0.2022
180     B         A          180           GLY        91.64         662  644  339  8.925  8.824  6.717   0.3102    0.3247    0.3198    0.2147
181     B         A          181           LYS        95.36         662  644  414  8.925  8.824  7.329   0.3749    0.3755    0.3703    0.2897
182     B         A          182           ALA        96.61         662  644  415  8.925  8.824  7.336   0.3897    0.3900    0.3848    0.3031
183     B         A          183           PRO        98.09         662  644  416  8.925  8.824  7.344   0.3914    0.3914    0.3862    0.3047
184     B         A          184           LYS        97.07         662  644  415  8.925  8.824  7.336   0.3923    0.3926    0.3873    0.3053
185     B         A          185           LEU        96.71         662  644  416  8.925  8.824  7.344   0.4234    0.4234    0.4180    0.3335
186     B         A          186           LEU        97.87         662  644  416  8.925  8.824  7.344   0.4052    0.4052    0.3999    0.3170
187     B         A          187           ILE        96.72         662  644  416  8.925  8.824  7.344   0.4094    0.4094    0.4040    0.3208
188     B         A          188           TYR        86.25         662  644  414  8.925  8.824  7.329   0.4011    0.4017    0.3964    0.3128
189     B         A          189           ALA        72.49         662  644  414  8.925  8.824  7.329   0.3858    0.3864    0.3811    0.2991
190     B         A          190           ALA        87.05         662  644  414  8.925  8.824  7.329   0.3848    0.3854    0.3802    0.2985
191     B         A          191           SER        88.92         662  644  407  8.925  8.824  7.275   0.3769    0.3797    0.3744    0.2905
192     B         A          192           THR        80.39         662  644  412  8.925  8.824  7.313   0.3784    0.3797    0.3744    0.2924
193     B         A          193           LEU        93.64         662  644  412  8.925  8.824  7.313   0.3789    0.3801    0.3749    0.2929
194     B         A          194           GLN        92.55         662  644  414  8.925  8.824  7.329   0.3934    0.3941    0.3888    0.3061
195     B         A          195           SER        86.39         662  644  402  8.925  8.824  7.236   0.3568    0.3606    0.3555    0.2716
196     B         A          196           GLY        95.18         662  644  402  8.925  8.824  7.236   0.3573    0.3610    0.3559    0.2720
197     B         A          197           VAL        96.73         662  644  415  8.925  8.824  7.336   0.3853    0.3856    0.3803    0.2989
198     B         A          198           PRO        96.52         662  644  409  8.925  8.824  7.290   0.3532    0.3550    0.3499    0.2695
199     B         A          199           SER        95.49         662  644  399  8.925  8.824  7.213   0.3456    0.3498    0.3447    0.2609
200     B         A          200           ARG        96.64         662  644  399  8.925  8.824  7.213   0.3471    0.3513    0.3462    0.2622
201     B         A          201           PHE        98.10         662  644  416  8.925  8.824  7.344   0.4030    0.4030    0.3977    0.3151
202     B         A          202           SER        96.32         662  644  414  8.925  8.824  7.329   0.3825    0.3832    0.3780    0.2965
203     B         A          203           GLY        97.17         662  644  413  8.925  8.824  7.321   0.3802    0.3811    0.3759    0.2943
204     B         A          204           SER        94.20         662  644  400  8.925  8.824  7.221   0.3611    0.3657    0.3605    0.2752
205     B         A          205           GLY        88.19         662  644  374  8.925  8.824  7.013   0.3431    0.3542    0.3492    0.2543
206     B         A          206           SER        72.92         662  644  341  8.925  8.824  6.734   0.3159    0.3329    0.3280    0.2223
207     B         A          207           GLY        71.51         662  644  370  8.925  8.824  6.980   0.3309    0.3420    0.3370    0.2424
208     B         A          208           THR        77.03         662  644  406  8.925  8.824  7.267   0.3670    0.3699    0.3647    0.2814
209     B         A          209           ASP        89.34         662  644  405  8.925  8.824  7.260   0.3657    0.3688    0.3637    0.2801
210     B         A          210           PHE        95.61         662  644  415  8.925  8.824  7.336   0.3877    0.3880    0.3827    0.3014
211     B         A          211           THR        97.24         662  644  414  8.925  8.824  7.329   0.3838    0.3844    0.3792    0.2976
212     B         A          212           LEU        98.56         662  644  416  8.925  8.824  7.344   0.3981    0.3981    0.3928    0.3107
213     B         A          213           THR        98.08         662  644  415  8.925  8.824  7.336   0.3969    0.3972    0.3919    0.3094
214     B         A          214           ILE        97.56         662  644  416  8.925  8.824  7.344   0.3924    0.3924    0.3871    0.3056
215     B         A          215           SER        95.27         662  644  402  8.925  8.824  7.236   0.3544    0.3581    0.3530    0.2695
216     B         A          216           SER        95.75         662  644  382  8.925  8.824  7.078   0.3372    0.3452    0.3401    0.2499
217     B         A          217           LEU        94.75         662  644  409  8.925  8.824  7.290   0.3596    0.3614    0.3562    0.2750
218     B         A          218           GLN        95.77         662  644  403  8.925  8.824  7.244   0.3547    0.3581    0.3530    0.2697
219     B         A          219           PRO        93.89         662  644  374  8.925  8.824  7.013   0.3271    0.3358    0.3308    0.2387
220     B         A          220           GLU        93.90         662  644  387  8.925  8.824  7.118   0.3362    0.3426    0.3376    0.2499
221     B         A          221           ASP        96.57         662  644  414  8.925  8.824  7.329   0.3691    0.3697    0.3645    0.2846
222     B         A          222           PHE        94.79         662  644  411  8.925  8.824  7.306   0.3690    0.3704    0.3652    0.2839
223     B         A          223           ALA        97.09         662  644  413  8.925  8.824  7.321   0.3729    0.3737    0.3685    0.2877
224     B         A          224           THR        97.73         662  644  415  8.925  8.824  7.336   0.4022    0.4026    0.3972    0.3142
225     B         A          225           TYR        98.76         662  644  416  8.925  8.824  7.344   0.4165    0.4165    0.4111    0.3274
226     B         A          226           TYR        98.65         662  644  416  8.925  8.824  7.344   0.4096    0.4096    0.4042    0.3211
227     B         A          227           CYS        98.19         662  644  416  8.925  8.824  7.344   0.4053    0.4053    0.4000    0.3174
228     B         A          228           GLN        96.52         662  644  416  8.925  8.824  7.344   0.4027    0.4027    0.3973    0.3147
229     B         A          229           GLN        88.80         662  644  416  8.925  8.824  7.344   0.3930    0.3930    0.3877    0.3060
230     B         A          230           ALA        78.55         662  644  416  8.925  8.824  7.344   0.4060    0.4060    0.4006    0.3176
231     B         A          231           ASN        65.97         662  644  416  8.925  8.824  7.344   0.3858    0.3858    0.3805    0.2994
232     B         A          232           SER        65.94         662  644  407  8.925  8.824  7.275   0.3651    0.3675    0.3624    0.2797
233     B         A          233           PHE        71.66         662  644  411  8.925  8.824  7.306   0.3621    0.3635    0.3583    0.2778
234     B         A          234           PRO        84.33         662  644  413  8.925  8.824  7.321   0.3700    0.3709    0.3657    0.2851
235     B         A          235           PRO        88.61         662  644  416  8.925  8.824  7.344   0.3827    0.3827    0.3774    0.2967
236     B         A          236           THR        91.55         662  644  415  8.925  8.824  7.336   0.3800    0.3803    0.3750    0.2943
237     B         A          237           PHE        96.79         662  644  416  8.925  8.824  7.344   0.4184    0.4184    0.4130    0.3290
238     B         A          238           GLY        96.64         662  644  416  8.925  8.824  7.344   0.3918    0.3918    0.3865    0.3050
239     B         A          239           GLN        94.11         662  644  411  8.925  8.824  7.306   0.3755    0.3770    0.3717    0.2897
240     B         A          240           GLY        97.78         662  644  416  8.925  8.824  7.344   0.3756    0.3756    0.3704    0.2906
241     B         A          241           THR        97.95         662  644  415  8.925  8.824  7.336   0.3921    0.3924    0.3871    0.3051
242     B         A          242           LYS        96.74         662  644  412  8.925  8.824  7.313   0.3735    0.3747    0.3695    0.2880
243     B         A          243           VAL        96.01         662  644  414  8.925  8.824  7.329   0.3709    0.3715    0.3663    0.2861
244     B         A          244           GLU        88.16         662  644  305  8.925  8.824  6.408   0.3033    0.3260    0.3211    0.2005
245     B         A          245           ILE        81.87         662  644  62  8.925  8.824  2.675   0.2169    0.2828    0.2782    0.0343
246     B         A          246           LYS        68.34         662  644  0  8.925  8.824  1.039   0.1088    0.0000    0.0000    0.0000
