i,AlignChn,ScoredChain,AlignResNum,AlignResType,AlignRespLDDT,n0chn,n0dom,n0res,d0chn,d0dom,d0res,ipTM_pae,ipSAE_d0chn,ipSAE_d0dom,ipSAE 
240     A         B            1           ILE        82.88         655  0  0  8.886  1.039  1.039   0.0897    0.0000    0.0000    0.0000
241     A         B            2           CYS        86.00         655  0  0  8.886  1.039  1.039   0.0911    0.0000    0.0000    0.0000
242     A         B            3           LEU        81.74         655  0  0  8.886  1.039  1.039   0.0923    0.0000    0.0000    0.0000
243     A         B            4           GLN        86.08         655  0  0  8.886  1.039  1.039   0.0923    0.0000    0.0000    0.0000
244     A         B            5           LYS        89.17         655  0  0  8.886  1.039  1.039   0.0926    0.0000    0.0000    0.0000
245     A         B            6           THR        88.25         655  0  0  8.886  1.039  1.039   0.0909    0.0000    0.0000    0.0000
246     A         B            7           SER        85.34         655  0  0  8.886  1.039  1.039   0.0898    0.0000    0.0000    0.0000
247     A         B            8           ASN        84.73         655  0  0  8.886  1.039  1.039   0.0886    0.0000    0.0000    0.0000
248     A         B            9           GLN        85.07         655  0  0  8.886  1.039  1.039   0.0892    0.0000    0.0000    0.0000
249     A         B           10           ILE        90.42         655  0  0  8.886  1.039  1.039   0.0925    0.0000    0.0000    0.0000
250     A         B           11           LEU        94.80         655  0  0  8.886  1.039  1.039   0.0968    0.0000    0.0000    0.0000
251     A         B           12           LYS        90.90         655  0  0  8.886  1.039  1.039   0.0958    0.0000    0.0000    0.0000
252     A         B           13           PRO        95.16         655  0  0  8.886  1.039  1.039   0.0970    0.0000    0.0000    0.0000
253     A         B           14           LYS        90.46         655  0  0  8.886  1.039  1.039   0.0967    0.0000    0.0000    0.0000
254     A         B           15           LEU        86.98         655  0  0  8.886  1.039  1.039   0.0980    0.0000    0.0000    0.0000
255     A         B           16           ILE        85.07         655  0  0  8.886  1.039  1.039   0.0977    0.0000    0.0000    0.0000
256     A         B           17           SER        60.40         655  0  0  8.886  1.039  1.039   0.0956    0.0000    0.0000    0.0000
257     A         B           18           TYR        59.65         655  0  0  8.886  1.039  1.039   0.0945    0.0000    0.0000    0.0000
258     A         B           19           THR        56.08         655  0  0  8.886  1.039  1.039   0.0956    0.0000    0.0000    0.0000
259     A         B           20           LEU        61.04         655  0  0  8.886  1.039  1.039   0.0964    0.0000    0.0000    0.0000
260     A         B           21           PRO        50.86         655  0  0  8.886  1.039  1.039   0.0935    0.0000    0.0000    0.0000
261     A         B           22           VAL        54.27         655  0  0  8.886  1.039  1.039   0.0936    0.0000    0.0000    0.0000
262     A         B           23           VAL        52.74         655  0  0  8.886  1.039  1.039   0.0937    0.0000    0.0000    0.0000
263     A         B           24           GLY        53.89         655  0  0  8.886  1.039  1.039   0.0911    0.0000    0.0000    0.0000
264     A         B           25           GLN        53.03         655  0  0  8.886  1.039  1.039   0.0907    0.0000    0.0000    0.0000
265     A         B           26           SER        54.98         655  0  0  8.886  1.039  1.039   0.0911    0.0000    0.0000    0.0000
266     A         B           27           GLY        64.40         655  0  0  8.886  1.039  1.039   0.0926    0.0000    0.0000    0.0000
267     A         B           28           THR        71.74         655  0  0  8.886  1.039  1.039   0.0952    0.0000    0.0000    0.0000
268     A         B           29           CYS        75.88         655  0  0  8.886  1.039  1.039   0.0973    0.0000    0.0000    0.0000
269     A         B           30           ILE        82.66         655  0  0  8.886  1.039  1.039   0.0992    0.0000    0.0000    0.0000
270     A         B           31           THR        83.99         655  0  0  8.886  1.039  1.039   0.0985    0.0000    0.0000    0.0000
271     A         B           32           ASP        91.18         655  0  0  8.886  1.039  1.039   0.0992    0.0000    0.0000    0.0000
272     A         B           33           PRO        92.56         655  0  0  8.886  1.039  1.039   0.0997    0.0000    0.0000    0.0000
273     A         B           34           LEU        95.93         655  0  0  8.886  1.039  1.039   0.0998    0.0000    0.0000    0.0000
274     A         B           35           LEU        96.23         655  0  0  8.886  1.039  1.039   0.0998    0.0000    0.0000    0.0000
275     A         B           36           ALA        97.83         655  0  0  8.886  1.039  1.039   0.1005    0.0000    0.0000    0.0000
276     A         B           37           MET        95.46         655  0  0  8.886  1.039  1.039   0.0989    0.0000    0.0000    0.0000
277     A         B           38           ASP        93.83         655  0  0  8.886  1.039  1.039   0.1001    0.0000    0.0000    0.0000
278     A         B           39           GLU        90.34         655  0  0  8.886  1.039  1.039   0.0980    0.0000    0.0000    0.0000
279     A         B           40           GLY        91.16         655  0  0  8.886  1.039  1.039   0.0975    0.0000    0.0000    0.0000
280     A         B           41           TYR        94.48         655  0  0  8.886  1.039  1.039   0.0981    0.0000    0.0000    0.0000
281     A         B           42           PHE        95.00         655  0  0  8.886  1.039  1.039   0.0982    0.0000    0.0000    0.0000
282     A         B           43           ALA        97.12         655  0  0  8.886  1.039  1.039   0.0991    0.0000    0.0000    0.0000
283     A         B           44           TYR        93.08         655  0  0  8.886  1.039  1.039   0.0984    0.0000    0.0000    0.0000
284     A         B           45           SER        94.94         655  0  0  8.886  1.039  1.039   0.0986    0.0000    0.0000    0.0000
285     A         B           46           HIS        90.09         655  0  0  8.886  1.039  1.039   0.0990    0.0000    0.0000    0.0000
286     A         B           47           LEU        89.49         655  0  0  8.886  1.039  1.039   0.0978    0.0000    0.0000    0.0000
287     A         B           48           GLU        82.13         655  0  0  8.886  1.039  1.039   0.0979    0.0000    0.0000    0.0000
288     A         B           49           ARG        78.40         655  0  0  8.886  1.039  1.039   0.0956    0.0000    0.0000    0.0000
289     A         B           50           ILE        74.39         655  0  0  8.886  1.039  1.039   0.0967    0.0000    0.0000    0.0000
290     A         B           51           GLY        67.55         655  0  0  8.886  1.039  1.039   0.0953    0.0000    0.0000    0.0000
291     A         B           52           SER        65.42         655  0  0  8.886  1.039  1.039   0.0960    0.0000    0.0000    0.0000
292     A         B           53           CYS        68.76         655  0  0  8.886  1.039  1.039   0.0977    0.0000    0.0000    0.0000
293     A         B           54           SER        62.77         655  0  0  8.886  1.039  1.039   0.0957    0.0000    0.0000    0.0000
294     A         B           55           ARG        63.26         655  0  0  8.886  1.039  1.039   0.0946    0.0000    0.0000    0.0000
295     A         B           56           GLY        72.11         655  0  0  8.886  1.039  1.039   0.0954    0.0000    0.0000    0.0000
296     A         B           57           VAL        77.30         655  0  0  8.886  1.039  1.039   0.0961    0.0000    0.0000    0.0000
297     A         B           58           SER        82.09         655  0  0  8.886  1.039  1.039   0.0968    0.0000    0.0000    0.0000
298     A         B           59           LYS        81.24         655  0  0  8.886  1.039  1.039   0.0957    0.0000    0.0000    0.0000
299     A         B           60           GLN        81.90         655  0  0  8.886  1.039  1.039   0.0952    0.0000    0.0000    0.0000
300     A         B           61           ARG        90.16         655  0  0  8.886  1.039  1.039   0.0968    0.0000    0.0000    0.0000
301     A         B           62           ILE        86.31         655  0  0  8.886  1.039  1.039   0.0977    0.0000    0.0000    0.0000
302     A         B           63           ILE        93.92         655  0  0  8.886  1.039  1.039   0.0987    0.0000    0.0000    0.0000
303     A         B           64           GLY        91.09         655  0  0  8.886  1.039  1.039   0.0987    0.0000    0.0000    0.0000
304     A         B           65           VAL        92.58         655  0  0  8.886  1.039  1.039   0.0987    0.0000    0.0000    0.0000
305     A         B           66           GLY        89.27         655  0  0  8.886  1.039  1.039   0.0985    0.0000    0.0000    0.0000
306     A         B           67           GLU        84.37         655  0  0  8.886  1.039  1.039   0.0962    0.0000    0.0000    0.0000
307     A         B           68           VAL        91.12         655  0  0  8.886  1.039  1.039   0.0985    0.0000    0.0000    0.0000
308     A         B           69           LEU        80.63         655  0  0  8.886  1.039  1.039   0.0962    0.0000    0.0000    0.0000
309     A         B           70           ASP        81.12         655  0  0  8.886  1.039  1.039   0.0958    0.0000    0.0000    0.0000
310     A         B           71           ARG        70.12         655  0  0  8.886  1.039  1.039   0.0932    0.0000    0.0000    0.0000
311     A         B           72           GLY        74.86         655  0  0  8.886  1.039  1.039   0.0929    0.0000    0.0000    0.0000
312     A         B           73           ASP        77.40         655  0  0  8.886  1.039  1.039   0.0941    0.0000    0.0000    0.0000
313     A         B           74           GLU        82.50         655  0  0  8.886  1.039  1.039   0.0954    0.0000    0.0000    0.0000
314     A         B           75           VAL        88.10         655  0  0  8.886  1.039  1.039   0.0957    0.0000    0.0000    0.0000
315     A         B           76           PRO        91.10         655  0  0  8.886  1.039  1.039   0.0969    0.0000    0.0000    0.0000
316     A         B           77           SER        84.54         655  0  0  8.886  1.039  1.039   0.0957    0.0000    0.0000    0.0000
317     A         B           78           LEU        87.55         655  0  0  8.886  1.039  1.039   0.0981    0.0000    0.0000    0.0000
318     A         B           79           PHE        81.69         655  0  0  8.886  1.039  1.039   0.0980    0.0000    0.0000    0.0000
319     A         B           80           MET        82.24         655  0  0  8.886  1.039  1.039   0.0982    0.0000    0.0000    0.0000
320     A         B           81           THR        84.25         655  0  0  8.886  1.039  1.039   0.0978    0.0000    0.0000    0.0000
321     A         B           82           ASN        84.88         655  0  0  8.886  1.039  1.039   0.0972    0.0000    0.0000    0.0000
322     A         B           83           VAL        83.57         655  0  0  8.886  1.039  1.039   0.0979    0.0000    0.0000    0.0000
323     A         B           84           TRP        88.67         655  0  0  8.886  1.039  1.039   0.0971    0.0000    0.0000    0.0000
324     A         B           85           THR        83.73         655  0  0  8.886  1.039  1.039   0.0969    0.0000    0.0000    0.0000
325     A         B           86           PRO        87.36         655  0  0  8.886  1.039  1.039   0.0976    0.0000    0.0000    0.0000
326     A         B           87           PRO        82.19         655  0  0  8.886  1.039  1.039   0.0950    0.0000    0.0000    0.0000
327     A         B           88           ASN        83.81         655  0  0  8.886  1.039  1.039   0.0968    0.0000    0.0000    0.0000
328     A         B           89           PRO        85.15         655  0  0  8.886  1.039  1.039   0.0976    0.0000    0.0000    0.0000
329     A         B           90           ASN        84.22         655  0  0  8.886  1.039  1.039   0.0969    0.0000    0.0000    0.0000
330     A         B           91           THR        89.24         655  0  0  8.886  1.039  1.039   0.0971    0.0000    0.0000    0.0000
331     A         B           92           VAL        93.77         655  0  0  8.886  1.039  1.039   0.0996    0.0000    0.0000    0.0000
332     A         B           93           TYR        95.02         655  0  0  8.886  1.039  1.039   0.0977    0.0000    0.0000    0.0000
333     A         B           94           HIS        97.13         655  0  0  8.886  1.039  1.039   0.0991    0.0000    0.0000    0.0000
334     A         B           95           CYS        97.61         655  0  0  8.886  1.039  1.039   0.0993    0.0000    0.0000    0.0000
335     A         B           96           SER        98.65         655  0  0  8.886  1.039  1.039   0.0993    0.0000    0.0000    0.0000
336     A         B           97           ALA        98.43         655  0  0  8.886  1.039  1.039   0.0994    0.0000    0.0000    0.0000
337     A         B           98           VAL        98.23         655  0  0  8.886  1.039  1.039   0.0989    0.0000    0.0000    0.0000
338     A         B           99           TYR        96.78         655  0  0  8.886  1.039  1.039   0.0999    0.0000    0.0000    0.0000
339     A         B          100           ASN        93.65         655  0  0  8.886  1.039  1.039   0.0985    0.0000    0.0000    0.0000
340     A         B          101           ASN        86.46         655  0  0  8.886  1.039  1.039   0.0958    0.0000    0.0000    0.0000
341     A         B          102           GLU        86.44         655  0  0  8.886  1.039  1.039   0.0963    0.0000    0.0000    0.0000
342     A         B          103           PHE        93.03         655  0  0  8.886  1.039  1.039   0.0979    0.0000    0.0000    0.0000
343     A         B          104           TYR        96.59         655  0  0  8.886  1.039  1.039   0.0986    0.0000    0.0000    0.0000
344     A         B          105           TYR        96.76         655  0  0  8.886  1.039  1.039   0.0986    0.0000    0.0000    0.0000
345     A         B          106           VAL        97.57         655  0  0  8.886  1.039  1.039   0.0993    0.0000    0.0000    0.0000
346     A         B          107           LEU        98.17         655  0  0  8.886  1.039  1.039   0.0993    0.0000    0.0000    0.0000
347     A         B          108           CYS        97.29         655  0  0  8.886  1.039  1.039   0.0995    0.0000    0.0000    0.0000
348     A         B          109           ALA        97.29         655  0  0  8.886  1.039  1.039   0.0995    0.0000    0.0000    0.0000
349     A         B          110           VAL        94.20         655  0  0  8.886  1.039  1.039   0.0982    0.0000    0.0000    0.0000
350     A         B          111           SER        93.36         655  0  0  8.886  1.039  1.039   0.0991    0.0000    0.0000    0.0000
351     A         B          112           THR        85.91         655  0  0  8.886  1.039  1.039   0.0972    0.0000    0.0000    0.0000
352     A         B          113           VAL        86.00         655  0  0  8.886  1.039  1.039   0.1000    0.0000    0.0000    0.0000
353     A         B          114           GLY        87.50         655  0  0  8.886  1.039  1.039   0.0986    0.0000    0.0000    0.0000
354     A         B          115           ASP        90.37         655  0  0  8.886  1.039  1.039   0.0998    0.0000    0.0000    0.0000
355     A         B          116           PRO        96.42         655  0  0  8.886  1.039  1.039   0.0999    0.0000    0.0000    0.0000
356     A         B          117           ILE        95.40         655  0  0  8.886  1.039  1.039   0.1003    0.0000    0.0000    0.0000
357     A         B          118           LEU        89.06         655  0  0  8.886  1.039  1.039   0.1007    0.0000    0.0000    0.0000
358     A         B          119           ASN        90.43         655  0  0  8.886  1.039  1.039   0.0977    0.0000    0.0000    0.0000
359     A         B          120           SER        94.36         655  0  0  8.886  1.039  1.039   0.0994    0.0000    0.0000    0.0000
360     A         B          121           THR        91.02         655  0  0  8.886  1.039  1.039   0.0998    0.0000    0.0000    0.0000
361     A         B          122           TYR        89.13         655  0  0  8.886  1.039  1.039   0.0989    0.0000    0.0000    0.0000
362     A         B          123           TRP        95.23         655  0  0  8.886  1.039  1.039   0.0993    0.0000    0.0000    0.0000
363     A         B          124           SER        91.40         655  0  0  8.886  1.039  1.039   0.0974    0.0000    0.0000    0.0000
364     A         B          125           GLY        95.44         655  0  0  8.886  1.039  1.039   0.0984    0.0000    0.0000    0.0000
365     A         B          126           SER        93.00         655  0  0  8.886  1.039  1.039   0.0982    0.0000    0.0000    0.0000
366     A         B          127           LEU        96.58         655  0  0  8.886  1.039  1.039   0.0998    0.0000    0.0000    0.0000
367     A         B          128           MET        93.06         655  0  0  8.886  1.039  1.039   0.0976    0.0000    0.0000    0.0000
368     A         B          129           MET        94.58         655  0  0  8.886  1.039  1.039   0.0987    0.0000    0.0000    0.0000
369     A         B          130           THR        93.58         655  0  0  8.886  1.039  1.039   0.0994    0.0000    0.0000    0.0000
370     A         B          131           ARG        91.96         655  0  0  8.886  1.039  1.039   0.0967    0.0000    0.0000    0.0000
371     A         B          132           LEU        92.88         655  0  0  8.886  1.039  1.039   0.0983    0.0000    0.0000    0.0000
372     A         B          133           ALA        88.96         655  0  0  8.886  1.039  1.039   0.0984    0.0000    0.0000    0.0000
373     A         B          134           VAL        89.13         655  0  0  8.886  1.039  1.039   0.0980    0.0000    0.0000    0.0000
374     A         B          135           LYS        81.08         655  0  0  8.886  1.039  1.039   0.0963    0.0000    0.0000    0.0000
375     A         B          136           PRO        76.15         655  0  0  8.886  1.039  1.039   0.0941    0.0000    0.0000    0.0000
376     A         B          137           LYS        70.21         655  0  0  8.886  1.039  1.039   0.0927    0.0000    0.0000    0.0000
377     A         B          138           SER        59.86         655  0  0  8.886  1.039  1.039   0.0877    0.0000    0.0000    0.0000
378     A         B          139           ASN        62.68         655  0  0  8.886  1.039  1.039   0.0857    0.0000    0.0000    0.0000
379     A         B          140           GLY        62.55         655  0  0  8.886  1.039  1.039   0.0874    0.0000    0.0000    0.0000
380     A         B          141           GLY        60.48         655  0  0  8.886  1.039  1.039   0.0881    0.0000    0.0000    0.0000
381     A         B          142           GLY        64.30         655  0  0  8.886  1.039  1.039   0.0893    0.0000    0.0000    0.0000
382     A         B          143           TYR        67.01         655  0  0  8.886  1.039  1.039   0.0915    0.0000    0.0000    0.0000
383     A         B          144           ASN        78.89         655  0  0  8.886  1.039  1.039   0.0941    0.0000    0.0000    0.0000
384     A         B          145           GLN        80.05         655  0  0  8.886  1.039  1.039   0.0943    0.0000    0.0000    0.0000
385     A         B          146           HIS        83.42         655  0  0  8.886  1.039  1.039   0.0960    0.0000    0.0000    0.0000
386     A         B          147           GLN        83.17         655  0  0  8.886  1.039  1.039   0.0962    0.0000    0.0000    0.0000
387     A         B          148           LEU        88.13         655  0  0  8.886  1.039  1.039   0.0969    0.0000    0.0000    0.0000
388     A         B          149           ALA        80.18         655  0  0  8.886  1.039  1.039   0.0947    0.0000    0.0000    0.0000
389     A         B          150           LEU        89.79         655  0  0  8.886  1.039  1.039   0.0969    0.0000    0.0000    0.0000
390     A         B          151           ARG        82.65         655  0  0  8.886  1.039  1.039   0.0947    0.0000    0.0000    0.0000
391     A         B          152           SER        88.21         655  0  0  8.886  1.039  1.039   0.0960    0.0000    0.0000    0.0000
392     A         B          153           ILE        95.11         655  0  0  8.886  1.039  1.039   0.0993    0.0000    0.0000    0.0000
393     A         B          154           GLU        94.97         655  0  0  8.886  1.039  1.039   0.0986    0.0000    0.0000    0.0000
394     A         B          155           LYS        95.48         655  0  0  8.886  1.039  1.039   0.0983    0.0000    0.0000    0.0000
395     A         B          156           GLY        95.89         655  0  0  8.886  1.039  1.039   0.0986    0.0000    0.0000    0.0000
396     A         B          157           ARG        93.43         655  0  0  8.886  1.039  1.039   0.0974    0.0000    0.0000    0.0000
397     A         B          158           TYR        98.17         655  0  0  8.886  1.039  1.039   0.0992    0.0000    0.0000    0.0000
398     A         B          159           ASP        96.48         655  0  0  8.886  1.039  1.039   0.0994    0.0000    0.0000    0.0000
399     A         B          160           LYS        97.83         655  0  0  8.886  1.039  1.039   0.0987    0.0000    0.0000    0.0000
400     A         B          161           VAL        98.37         655  0  0  8.886  1.039  1.039   0.0997    0.0000    0.0000    0.0000
401     A         B          162           MET        97.89         655  0  0  8.886  1.039  1.039   0.0982    0.0000    0.0000    0.0000
402     A         B          163           PRO        98.64         655  0  0  8.886  1.039  1.039   0.0993    0.0000    0.0000    0.0000
403     A         B          164           TYR        98.53         655  0  0  8.886  1.039  1.039   0.0988    0.0000    0.0000    0.0000
404     A         B          165           GLY        98.58         655  0  0  8.886  1.039  1.039   0.0993    0.0000    0.0000    0.0000
405     A         B          166           PRO        97.74         655  0  0  8.886  1.039  1.039   0.1006    0.0000    0.0000    0.0000
406     A         B          167           SER        97.79         655  0  0  8.886  1.039  1.039   0.1014    0.0000    0.0000    0.0000
407     A         B          168           GLY        98.51         655  0  0  8.886  1.039  1.039   0.1013    0.0000    0.0000    0.0000
408     A         B          169           ILE        97.30         655  0  0  8.886  1.039  1.039   0.1010    0.0000    0.0000    0.0000
409     A         B          170           LYS        94.93         655  0  0  8.886  1.039  1.039   0.0990    0.0000    0.0000    0.0000
410     A         B          171           GLN        90.77         655  0  0  8.886  1.039  1.039   0.0975    0.0000    0.0000    0.0000
411     A         B          172           GLY        88.99         655  0  0  8.886  1.039  1.039   0.0980    0.0000    0.0000    0.0000
412     A         B          173           ASP        86.82         655  0  0  8.886  1.039  1.039   0.0961    0.0000    0.0000    0.0000
413     A         B          174           THR        95.63         655  0  0  8.886  1.039  1.039   0.0987    0.0000    0.0000    0.0000
414     A         B          175           LEU        97.32         655  0  0  8.886  1.039  1.039   0.0993    0.0000    0.0000    0.0000
415     A         B          176           TYR        98.14         655  0  0  8.886  1.039  1.039   0.0996    0.0000    0.0000    0.0000
416     A         B          177           PHE        98.77         655  0  0  8.886  1.039  1.039   0.1004    0.0000    0.0000    0.0000
417     A         B          178           PRO        98.80         655  0  0  8.886  1.039  1.039   0.0999    0.0000    0.0000    0.0000
418     A         B          179           ALA        98.72         655  0  0  8.886  1.039  1.039   0.0997    0.0000    0.0000    0.0000
419     A         B          180           VAL        98.63         655  0  0  8.886  1.039  1.039   0.0991    0.0000    0.0000    0.0000
420     A         B          181           GLY        98.60         655  0  0  8.886  1.039  1.039   0.0994    0.0000    0.0000    0.0000
421     A         B          182           PHE        98.24         655  0  0  8.886  1.039  1.039   0.0994    0.0000    0.0000    0.0000
422     A         B          183           LEU        97.62         655  0  0  8.886  1.039  1.039   0.0997    0.0000    0.0000    0.0000
423     A         B          184           VAL        96.57         655  0  0  8.886  1.039  1.039   0.0992    0.0000    0.0000    0.0000
424     A         B          185           ARG        93.71         655  0  0  8.886  1.039  1.039   0.0992    0.0000    0.0000    0.0000
425     A         B          186           THR        92.58         655  0  0  8.886  1.039  1.039   0.0994    0.0000    0.0000    0.0000
426     A         B          187           GLU        94.09         655  0  0  8.886  1.039  1.039   0.0989    0.0000    0.0000    0.0000
427     A         B          188           PHE        95.19         655  0  0  8.886  1.039  1.039   0.0994    0.0000    0.0000    0.0000
428     A         B          189           LYS        89.86         655  0  0  8.886  1.039  1.039   0.0962    0.0000    0.0000    0.0000
429     A         B          190           TYR        93.14         655  0  0  8.886  1.039  1.039   0.0976    0.0000    0.0000    0.0000
430     A         B          191           ASN        90.76         655  0  0  8.886  1.039  1.039   0.0956    0.0000    0.0000    0.0000
431     A         B          192           ASP        88.08         655  0  0  8.886  1.039  1.039   0.0967    0.0000    0.0000    0.0000
432     A         B          193           SER        89.09         655  0  0  8.886  1.039  1.039   0.0958    0.0000    0.0000    0.0000
433     A         B          194           ASN        90.17         655  0  0  8.886  1.039  1.039   0.0973    0.0000    0.0000    0.0000
434     A         B          195           CYS        93.08         655  0  0  8.886  1.039  1.039   0.0977    0.0000    0.0000    0.0000
435     A         B          196           PRO        87.51         655  0  0  8.886  1.039  1.039   0.0963    0.0000    0.0000    0.0000
436     A         B          197           ILE        89.89         655  0  0  8.886  1.039  1.039   0.0968    0.0000    0.0000    0.0000
437     A         B          198           THR        86.69         655  0  0  8.886  1.039  1.039   0.0949    0.0000    0.0000    0.0000
438     A         B          199           LYS        82.22         655  0  0  8.886  1.039  1.039   0.0953    0.0000    0.0000    0.0000
439     A         B          200           CYS        88.37         655  0  0  8.886  1.039  1.039   0.0980    0.0000    0.0000    0.0000
440     A         B          201           GLN        78.51         655  0  0  8.886  1.039  1.039   0.0956    0.0000    0.0000    0.0000
441     A         B          202           TYR        80.16         655  0  0  8.886  1.039  1.039   0.0982    0.0000    0.0000    0.0000
442     A         B          203           SER        89.33         655  0  0  8.886  1.039  1.039   0.0969    0.0000    0.0000    0.0000
443     A         B          204           LYS        88.10         655  0  0  8.886  1.039  1.039   0.0979    0.0000    0.0000    0.0000
444     A         B          205           PRO        90.88         655  0  0  8.886  1.039  1.039   0.0970    0.0000    0.0000    0.0000
445     A         B          206           GLU        89.91         655  0  0  8.886  1.039  1.039   0.0979    0.0000    0.0000    0.0000
446     A         B          207           ASN        93.09         655  0  0  8.886  1.039  1.039   0.0989    0.0000    0.0000    0.0000
447     A         B          208           CYS        94.83         655  0  0  8.886  1.039  1.039   0.1005    0.0000    0.0000    0.0000
448     A         B          209           ARG        94.10         655  0  0  8.886  1.039  1.039   0.0977    0.0000    0.0000    0.0000
449     A         B          210           LEU        93.36         655  0  0  8.886  1.039  1.039   0.0994    0.0000    0.0000    0.0000
450     A         B          211           SER        94.63         655  0  0  8.886  1.039  1.039   0.0992    0.0000    0.0000    0.0000
451     A         B          212           MET        95.89         655  0  0  8.886  1.039  1.039   0.0992    0.0000    0.0000    0.0000
452     A         B          213           GLY        95.42         655  0  0  8.886  1.039  1.039   0.0984    0.0000    0.0000    0.0000
453     A         B          214           ILE        92.21         655  0  0  8.886  1.039  1.039   0.1005    0.0000    0.0000    0.0000
454     A         B          215           ARG        87.49         655  0  0  8.886  1.039  1.039   0.0973    0.0000    0.0000    0.0000
455     A         B          216           PRO        87.08         655  0  0  8.886  1.039  1.039   0.0987    0.0000    0.0000    0.0000
456     A         B          217           ASN        85.88         655  0  0  8.886  1.039  1.039   0.0984    0.0000    0.0000    0.0000
457     A         B          218           SER        92.97         655  0  0  8.886  1.039  1.039   0.0987    0.0000    0.0000    0.0000
458     A         B          219           HIS        94.50         655  0  0  8.886  1.039  1.039   0.0993    0.0000    0.0000    0.0000
459     A         B          220           TYR        97.27         655  0  0  8.886  1.039  1.039   0.0986    0.0000    0.0000    0.0000
460     A         B          221           ILE        96.98         655  0  0  8.886  1.039  1.039   0.0999    0.0000    0.0000    0.0000
461     A         B          222           LEU        97.76         655  0  0  8.886  1.039  1.039   0.0986    0.0000    0.0000    0.0000
462     A         B          223           ARG        97.83         655  0  0  8.886  1.039  1.039   0.0988    0.0000    0.0000    0.0000
463     A         B          224           SER        97.94         655  0  0  8.886  1.039  1.039   0.0993    0.0000    0.0000    0.0000
464     A         B          225           GLY        98.41         655  0  0  8.886  1.039  1.039   0.0996    0.0000    0.0000    0.0000
465     A         B          226           LEU        98.34         655  0  0  8.886  1.039  1.039   0.0998    0.0000    0.0000    0.0000
466     A         B          227           LEU        98.49         655  0  0  8.886  1.039  1.039   0.1010    0.0000    0.0000    0.0000
467     A         B          228           LYS        96.87         655  0  0  8.886  1.039  1.039   0.0986    0.0000    0.0000    0.0000
468     A         B          229           TYR        95.98         655  0  0  8.886  1.039  1.039   0.0990    0.0000    0.0000    0.0000
469     A         B          230           ASN        92.76         655  0  0  8.886  1.039  1.039   0.0979    0.0000    0.0000    0.0000
470     A         B          231           LEU        88.86         655  0  0  8.886  1.039  1.039   0.0974    0.0000    0.0000    0.0000
471     A         B          232           SER        84.72         655  0  0  8.886  1.039  1.039   0.0961    0.0000    0.0000    0.0000
472     A         B          233           ASP        76.65         655  0  0  8.886  1.039  1.039   0.0946    0.0000    0.0000    0.0000
473     A         B          234           GLY        73.16         655  0  0  8.886  1.039  1.039   0.0896    0.0000    0.0000    0.0000
474     A         B          235           GLU        68.72         655  0  0  8.886  1.039  1.039   0.0918    0.0000    0.0000    0.0000
475     A         B          236           ASN        73.32         655  0  0  8.886  1.039  1.039   0.0931    0.0000    0.0000    0.0000
476     A         B          237           PRO        84.81         655  0  0  8.886  1.039  1.039   0.0961    0.0000    0.0000    0.0000
477     A         B          238           LYS        90.13         655  0  0  8.886  1.039  1.039   0.0981    0.0000    0.0000    0.0000
478     A         B          239           VAL        95.84         655  0  0  8.886  1.039  1.039   0.0996    0.0000    0.0000    0.0000
479     A         B          240           VAL        96.64         655  0  0  8.886  1.039  1.039   0.0982    0.0000    0.0000    0.0000
480     A         B          241           PHE        98.11         655  0  0  8.886  1.039  1.039   0.1004    0.0000    0.0000    0.0000
481     A         B          242           ILE        97.60         655  0  0  8.886  1.039  1.039   0.0993    0.0000    0.0000    0.0000
482     A         B          243           GLU        96.58         655  0  0  8.886  1.039  1.039   0.1001    0.0000    0.0000    0.0000
483     A         B          244           ILE        96.51         655  0  0  8.886  1.039  1.039   0.0990    0.0000    0.0000    0.0000
484     A         B          245           SER        90.34         655  0  0  8.886  1.039  1.039   0.0957    0.0000    0.0000    0.0000
485     A         B          246           ASP        85.26         655  0  0  8.886  1.039  1.039   0.0963    0.0000    0.0000    0.0000
486     A         B          247           GLN        87.60         655  0  0  8.886  1.039  1.039   0.0965    0.0000    0.0000    0.0000
487     A         B          248           ARG        88.60         655  0  0  8.886  1.039  1.039   0.0964    0.0000    0.0000    0.0000
488     A         B          249           LEU        92.38         655  0  0  8.886  1.039  1.039   0.0976    0.0000    0.0000    0.0000
489     A         B          250           SER        95.46         655  0  0  8.886  1.039  1.039   0.0981    0.0000    0.0000    0.0000
490     A         B          251           ILE        96.58         655  0  0  8.886  1.039  1.039   0.0991    0.0000    0.0000    0.0000
491     A         B          252           GLY        97.84         655  0  0  8.886  1.039  1.039   0.0979    0.0000    0.0000    0.0000
492     A         B          253           SER        97.53         655  0  0  8.886  1.039  1.039   0.0985    0.0000    0.0000    0.0000
493     A         B          254           PRO        97.96         655  0  0  8.886  1.039  1.039   0.1002    0.0000    0.0000    0.0000
494     A         B          255           SER        98.42         655  0  0  8.886  1.039  1.039   0.1001    0.0000    0.0000    0.0000
495     A         B          256           LYS        98.67         655  0  0  8.886  1.039  1.039   0.1000    0.0000    0.0000    0.0000
496     A         B          257           ILE        98.50         655  0  0  8.886  1.039  1.039   0.1011    0.0000    0.0000    0.0000
497     A         B          258           TYR        97.04         655  0  0  8.886  1.039  1.039   0.1001    0.0000    0.0000    0.0000
498     A         B          259           ASP        92.41         655  0  0  8.886  1.039  1.039   0.0989    0.0000    0.0000    0.0000
499     A         B          260           SER        93.25         655  0  0  8.886  1.039  1.039   0.0988    0.0000    0.0000    0.0000
500     A         B          261           LEU        83.75         655  0  0  8.886  1.039  1.039   0.0987    0.0000    0.0000    0.0000
501     A         B          262           GLY        88.19         655  0  0  8.886  1.039  1.039   0.0966    0.0000    0.0000    0.0000
502     A         B          263           GLN        87.54         655  0  0  8.886  1.039  1.039   0.0974    0.0000    0.0000    0.0000
503     A         B          264           PRO        94.55         655  0  0  8.886  1.039  1.039   0.0994    0.0000    0.0000    0.0000
504     A         B          265           VAL        96.34         655  0  0  8.886  1.039  1.039   0.1005    0.0000    0.0000    0.0000
505     A         B          266           PHE        98.06         655  0  0  8.886  1.039  1.039   0.0995    0.0000    0.0000    0.0000
506     A         B          267           TYR        98.65         655  0  0  8.886  1.039  1.039   0.0990    0.0000    0.0000    0.0000
507     A         B          268           GLN        98.37         655  0  0  8.886  1.039  1.039   0.0982    0.0000    0.0000    0.0000
508     A         B          269           ALA        97.70         655  0  0  8.886  1.039  1.039   0.0981    0.0000    0.0000    0.0000
509     A         B          270           SER        95.84         655  0  0  8.886  1.039  1.039   0.0977    0.0000    0.0000    0.0000
510     A         B          271           PHE        95.47         655  0  0  8.886  1.039  1.039   0.0989    0.0000    0.0000    0.0000
511     A         B          272           SER        94.40         655  0  0  8.886  1.039  1.039   0.0965    0.0000    0.0000    0.0000
512     A         B          273           TRP        94.33         655  0  0  8.886  1.039  1.039   0.0972    0.0000    0.0000    0.0000
513     A         B          274           ASP        95.25         655  0  0  8.886  1.039  1.039   0.0980    0.0000    0.0000    0.0000
514     A         B          275           THR        92.24         655  0  0  8.886  1.039  1.039   0.0983    0.0000    0.0000    0.0000
515     A         B          276           MET        93.61         655  0  0  8.886  1.039  1.039   0.0970    0.0000    0.0000    0.0000
516     A         B          277           ILE        97.75         655  0  0  8.886  1.039  1.039   0.0974    0.0000    0.0000    0.0000
517     A         B          278           LYS        97.22         655  0  0  8.886  1.039  1.039   0.0979    0.0000    0.0000    0.0000
518     A         B          279           PHE        97.67         655  0  0  8.886  1.039  1.039   0.0999    0.0000    0.0000    0.0000
519     A         B          280           GLY        96.00         655  0  0  8.886  1.039  1.039   0.1005    0.0000    0.0000    0.0000
520     A         B          281           ASP        91.70         655  0  0  8.886  1.039  1.039   0.0989    0.0000    0.0000    0.0000
521     A         B          282           VAL        94.48         655  0  0  8.886  1.039  1.039   0.1007    0.0000    0.0000    0.0000
522     A         B          283           LEU        88.81         655  0  0  8.886  1.039  1.039   0.1006    0.0000    0.0000    0.0000
523     A         B          284           THR        89.83         655  0  0  8.886  1.039  1.039   0.0979    0.0000    0.0000    0.0000
524     A         B          285           VAL        93.47         655  0  0  8.886  1.039  1.039   0.0998    0.0000    0.0000    0.0000
525     A         B          286           ASN        92.60         655  0  0  8.886  1.039  1.039   0.0988    0.0000    0.0000    0.0000
526     A         B          287           PRO        91.83         655  0  0  8.886  1.039  1.039   0.0984    0.0000    0.0000    0.0000
527     A         B          288           LEU        95.99         655  0  0  8.886  1.039  1.039   0.1008    0.0000    0.0000    0.0000
528     A         B          289           VAL        92.69         655  0  0  8.886  1.039  1.039   0.0990    0.0000    0.0000    0.0000
529     A         B          290           VAL        95.45         655  0  0  8.886  1.039  1.039   0.1003    0.0000    0.0000    0.0000
530     A         B          291           ASN        92.52         655  0  0  8.886  1.039  1.039   0.0988    0.0000    0.0000    0.0000
531     A         B          292           TRP        95.75         655  0  0  8.886  1.039  1.039   0.0995    0.0000    0.0000    0.0000
532     A         B          293           ARG        95.40         655  0  0  8.886  1.039  1.039   0.0981    0.0000    0.0000    0.0000
533     A         B          294           ASN        90.77         655  0  0  8.886  1.039  1.039   0.0967    0.0000    0.0000    0.0000
534     A         B          295           ASN        95.49         655  0  0  8.886  1.039  1.039   0.0981    0.0000    0.0000    0.0000
535     A         B          296           THR        89.45         655  0  0  8.886  1.039  1.039   0.0975    0.0000    0.0000    0.0000
536     A         B          297           VAL        93.70         655  0  0  8.886  1.039  1.039   0.0978    0.0000    0.0000    0.0000
537     A         B          298           ILE        96.46         655  0  0  8.886  1.039  1.039   0.0981    0.0000    0.0000    0.0000
538     A         B          299           SER        95.12         655  0  0  8.886  1.039  1.039   0.0975    0.0000    0.0000    0.0000
539     A         B          300           ARG        95.79         655  0  0  8.886  1.039  1.039   0.0987    0.0000    0.0000    0.0000
540     A         B          301           PRO        89.78         655  0  0  8.886  1.039  1.039   0.0982    0.0000    0.0000    0.0000
541     A         B          302           GLY        85.43         655  0  0  8.886  1.039  1.039   0.0979    0.0000    0.0000    0.0000
542     A         B          303           GLN        73.13         655  0  0  8.886  1.039  1.039   0.0973    0.0000    0.0000    0.0000
543     A         B          304           SER        63.92         655  0  0  8.886  1.039  1.039   0.0965    0.0000    0.0000    0.0000
544     A         B          305           GLN        73.34         655  0  0  8.886  1.039  1.039   0.0980    0.0000    0.0000    0.0000
545     A         B          306           CYS        87.38         655  0  0  8.886  1.039  1.039   0.0984    0.0000    0.0000    0.0000
546     A         B          307           PRO        83.44         655  0  0  8.886  1.039  1.039   0.0966    0.0000    0.0000    0.0000
547     A         B          308           ARG        88.54         655  0  0  8.886  1.039  1.039   0.0976    0.0000    0.0000    0.0000
548     A         B          309           PHE        86.78         655  0  0  8.886  1.039  1.039   0.0984    0.0000    0.0000    0.0000
549     A         B          310           ASN        84.71         655  0  0  8.886  1.039  1.039   0.0969    0.0000    0.0000    0.0000
550     A         B          311           THR        88.03         655  0  0  8.886  1.039  1.039   0.0971    0.0000    0.0000    0.0000
551     A         B          312           CYS        90.83         655  0  0  8.886  1.039  1.039   0.0980    0.0000    0.0000    0.0000
552     A         B          313           PRO        93.88         655  0  0  8.886  1.039  1.039   0.0980    0.0000    0.0000    0.0000
553     A         B          314           GLU        88.14         655  0  0  8.886  1.039  1.039   0.0978    0.0000    0.0000    0.0000
554     A         B          315           ILE        89.32         655  0  0  8.886  1.039  1.039   0.0976    0.0000    0.0000    0.0000
555     A         B          316           CYS        87.81         655  0  0  8.886  1.039  1.039   0.0978    0.0000    0.0000    0.0000
556     A         B          317           TRP        89.44         655  0  0  8.886  1.039  1.039   0.0984    0.0000    0.0000    0.0000
557     A         B          318           GLU        88.26         655  0  0  8.886  1.039  1.039   0.0985    0.0000    0.0000    0.0000
558     A         B          319           GLY        92.83         655  0  0  8.886  1.039  1.039   0.0968    0.0000    0.0000    0.0000
559     A         B          320           VAL        93.62         655  0  0  8.886  1.039  1.039   0.0990    0.0000    0.0000    0.0000
560     A         B          321           TYR        97.11         655  0  0  8.886  1.039  1.039   0.0979    0.0000    0.0000    0.0000
561     A         B          322           ASN        98.09         655  0  0  8.886  1.039  1.039   0.0974    0.0000    0.0000    0.0000
562     A         B          323           ASP        97.70         655  0  0  8.886  1.039  1.039   0.0987    0.0000    0.0000    0.0000
563     A         B          324           ALA        97.78         655  0  0  8.886  1.039  1.039   0.0976    0.0000    0.0000    0.0000
564     A         B          325           PHE        96.73         655  0  0  8.886  1.039  1.039   0.0991    0.0000    0.0000    0.0000
565     A         B          326           LEU        93.91         655  0  0  8.886  1.039  1.039   0.0998    0.0000    0.0000    0.0000
566     A         B          327           ILE        93.33         655  0  0  8.886  1.039  1.039   0.1001    0.0000    0.0000    0.0000
567     A         B          328           ASP        85.83         655  0  0  8.886  1.039  1.039   0.0982    0.0000    0.0000    0.0000
568     A         B          329           ARG        85.39         655  0  0  8.886  1.039  1.039   0.0976    0.0000    0.0000    0.0000
569     A         B          330           ILE        77.25         655  0  0  8.886  1.039  1.039   0.0984    0.0000    0.0000    0.0000
570     A         B          331           ASN        83.23         655  0  0  8.886  1.039  1.039   0.0981    0.0000    0.0000    0.0000
571     A         B          332           TRP        91.73         655  0  0  8.886  1.039  1.039   0.0993    0.0000    0.0000    0.0000
572     A         B          333           ILE        92.74         655  0  0  8.886  1.039  1.039   0.0991    0.0000    0.0000    0.0000
573     A         B          334           SER        97.11         655  0  0  8.886  1.039  1.039   0.0989    0.0000    0.0000    0.0000
574     A         B          335           ALA        96.80         655  0  0  8.886  1.039  1.039   0.0974    0.0000    0.0000    0.0000
575     A         B          336           GLY        98.60         655  0  0  8.886  1.039  1.039   0.0981    0.0000    0.0000    0.0000
576     A         B          337           VAL        98.51         655  0  0  8.886  1.039  1.039   0.0975    0.0000    0.0000    0.0000
577     A         B          338           PHE        97.77         655  0  0  8.886  1.039  1.039   0.0976    0.0000    0.0000    0.0000
578     A         B          339           LEU        94.70         655  0  0  8.886  1.039  1.039   0.0990    0.0000    0.0000    0.0000
579     A         B          340           ASP        90.88         655  0  0  8.886  1.039  1.039   0.0970    0.0000    0.0000    0.0000
580     A         B          341           SER        87.14         655  0  0  8.886  1.039  1.039   0.0969    0.0000    0.0000    0.0000
581     A         B          342           ASN        81.29         655  0  0  8.886  1.039  1.039   0.0970    0.0000    0.0000    0.0000
582     A         B          343           GLN        73.11         655  0  0  8.886  1.039  1.039   0.0973    0.0000    0.0000    0.0000
583     A         B          344           THR        79.29         655  0  0  8.886  1.039  1.039   0.0974    0.0000    0.0000    0.0000
584     A         B          345           ALA        86.64         655  0  0  8.886  1.039  1.039   0.0981    0.0000    0.0000    0.0000
585     A         B          346           GLU        84.95         655  0  0  8.886  1.039  1.039   0.0975    0.0000    0.0000    0.0000
586     A         B          347           ASN        93.03         655  0  0  8.886  1.039  1.039   0.0979    0.0000    0.0000    0.0000
587     A         B          348           PRO        95.65         655  0  0  8.886  1.039  1.039   0.0988    0.0000    0.0000    0.0000
588     A         B          349           VAL        97.05         655  0  0  8.886  1.039  1.039   0.0986    0.0000    0.0000    0.0000
589     A         B          350           PHE        98.28         655  0  0  8.886  1.039  1.039   0.0975    0.0000    0.0000    0.0000
590     A         B          351           THR        97.10         655  0  0  8.886  1.039  1.039   0.0984    0.0000    0.0000    0.0000
591     A         B          352           VAL        96.33         655  0  0  8.886  1.039  1.039   0.0985    0.0000    0.0000    0.0000
592     A         B          353           PHE        96.58         655  0  0  8.886  1.039  1.039   0.0980    0.0000    0.0000    0.0000
593     A         B          354           LYS        93.67         655  0  0  8.886  1.039  1.039   0.0973    0.0000    0.0000    0.0000
594     A         B          355           ASP        92.41         655  0  0  8.886  1.039  1.039   0.0987    0.0000    0.0000    0.0000
595     A         B          356           ASN        89.05         655  0  0  8.886  1.039  1.039   0.0968    0.0000    0.0000    0.0000
596     A         B          357           GLU        89.93         655  0  0  8.886  1.039  1.039   0.0964    0.0000    0.0000    0.0000
597     A         B          358           ILE        93.11         655  0  0  8.886  1.039  1.039   0.0982    0.0000    0.0000    0.0000
598     A         B          359           LEU        93.88         655  0  0  8.886  1.039  1.039   0.0982    0.0000    0.0000    0.0000
599     A         B          360           TYR        93.86         655  0  0  8.886  1.039  1.039   0.0959    0.0000    0.0000    0.0000
600     A         B          361           ARG        92.82         655  0  0  8.886  1.039  1.039   0.0954    0.0000    0.0000    0.0000
601     A         B          362           ALA        96.12         655  0  0  8.886  1.039  1.039   0.0976    0.0000    0.0000    0.0000
602     A         B          363           GLN        93.43         655  0  0  8.886  1.039  1.039   0.0959    0.0000    0.0000    0.0000
603     A         B          364           LEU        95.87         655  0  0  8.886  1.039  1.039   0.0984    0.0000    0.0000    0.0000
604     A         B          365           ALA        89.67         655  0  0  8.886  1.039  1.039   0.0974    0.0000    0.0000    0.0000
605     A         B          366           SER        85.80         655  0  0  8.886  1.039  1.039   0.0963    0.0000    0.0000    0.0000
606     A         B          367           GLU        85.31         655  0  0  8.886  1.039  1.039   0.0973    0.0000    0.0000    0.0000
607     A         B          368           ASP        78.35         655  0  0  8.886  1.039  1.039   0.0973    0.0000    0.0000    0.0000
608     A         B          369           THR        86.34         655  0  0  8.886  1.039  1.039   0.0972    0.0000    0.0000    0.0000
609     A         B          370           ASN        79.77         655  0  0  8.886  1.039  1.039   0.0964    0.0000    0.0000    0.0000
610     A         B          371           ALA        91.53         655  0  0  8.886  1.039  1.039   0.0985    0.0000    0.0000    0.0000
611     A         B          372           GLN        88.56         655  0  0  8.886  1.039  1.039   0.0981    0.0000    0.0000    0.0000
612     A         B          373           LYS        93.39         655  0  0  8.886  1.039  1.039   0.0994    0.0000    0.0000    0.0000
613     A         B          374           THR        97.68         655  0  0  8.886  1.039  1.039   0.0989    0.0000    0.0000    0.0000
614     A         B          375           ILE        98.27         655  0  0  8.886  1.039  1.039   0.0987    0.0000    0.0000    0.0000
615     A         B          376           THR        98.58         655  0  0  8.886  1.039  1.039   0.0988    0.0000    0.0000    0.0000
616     A         B          377           ASN        97.77         655  0  0  8.886  1.039  1.039   0.0985    0.0000    0.0000    0.0000
617     A         B          378           CYS        95.83         655  0  0  8.886  1.039  1.039   0.0990    0.0000    0.0000    0.0000
618     A         B          379           PHE        93.68         655  0  0  8.886  1.039  1.039   0.0987    0.0000    0.0000    0.0000
619     A         B          380           LEU        86.53         655  0  0  8.886  1.039  1.039   0.0973    0.0000    0.0000    0.0000
620     A         B          381           LEU        87.23         655  0  0  8.886  1.039  1.039   0.0973    0.0000    0.0000    0.0000
621     A         B          382           LYS        78.37         655  0  0  8.886  1.039  1.039   0.0956    0.0000    0.0000    0.0000
622     A         B          383           ASN        76.04         655  0  0  8.886  1.039  1.039   0.0948    0.0000    0.0000    0.0000
623     A         B          384           LYS        84.75         655  0  0  8.886  1.039  1.039   0.0964    0.0000    0.0000    0.0000
624     A         B          385           ILE        91.09         655  0  0  8.886  1.039  1.039   0.0975    0.0000    0.0000    0.0000
625     A         B          386           TRP        94.55         655  0  0  8.886  1.039  1.039   0.0975    0.0000    0.0000    0.0000
626     A         B          387           CYS        97.13         655  0  0  8.886  1.039  1.039   0.0981    0.0000    0.0000    0.0000
627     A         B          388           ILE        96.09         655  0  0  8.886  1.039  1.039   0.0978    0.0000    0.0000    0.0000
628     A         B          389           SER        97.84         655  0  0  8.886  1.039  1.039   0.0975    0.0000    0.0000    0.0000
629     A         B          390           LEU        95.56         655  0  0  8.886  1.039  1.039   0.0991    0.0000    0.0000    0.0000
630     A         B          391           VAL        95.33         655  0  0  8.886  1.039  1.039   0.0983    0.0000    0.0000    0.0000
631     A         B          392           GLU        89.70         655  0  0  8.886  1.039  1.039   0.0994    0.0000    0.0000    0.0000
632     A         B          393           ILE        87.86         655  0  0  8.886  1.039  1.039   0.0982    0.0000    0.0000    0.0000
633     A         B          394           TYR        73.11         655  0  0  8.886  1.039  1.039   0.0974    0.0000    0.0000    0.0000
634     A         B          395           ASP        63.00         655  0  0  8.886  1.039  1.039   0.0972    0.0000    0.0000    0.0000
635     A         B          396           THR        51.85         655  0  0  8.886  1.039  1.039   0.0948    0.0000    0.0000    0.0000
636     A         B          397           GLY        54.12         655  0  0  8.886  1.039  1.039   0.0945    0.0000    0.0000    0.0000
637     A         B          398           ASP        51.54         655  0  0  8.886  1.039  1.039   0.0959    0.0000    0.0000    0.0000
638     A         B          399           ASN        52.80         655  0  0  8.886  1.039  1.039   0.0957    0.0000    0.0000    0.0000
639     A         B          400           VAL        61.76         655  0  0  8.886  1.039  1.039   0.0968    0.0000    0.0000    0.0000
640     A         B          401           ILE        66.52         655  0  0  8.886  1.039  1.039   0.0973    0.0000    0.0000    0.0000
641     A         B          402           ARG        75.66         655  0  0  8.886  1.039  1.039   0.0965    0.0000    0.0000    0.0000
642     A         B          403           PRO        85.61         655  0  0  8.886  1.039  1.039   0.0987    0.0000    0.0000    0.0000
643     A         B          404           LYS        89.23         655  0  0  8.886  1.039  1.039   0.0976    0.0000    0.0000    0.0000
644     A         B          405           LEU        91.86         655  0  0  8.886  1.039  1.039   0.0984    0.0000    0.0000    0.0000
645     A         B          406           PHE        96.16         655  0  0  8.886  1.039  1.039   0.0974    0.0000    0.0000    0.0000
646     A         B          407           ALA        94.58         655  0  0  8.886  1.039  1.039   0.0974    0.0000    0.0000    0.0000
647     A         B          408           VAL        96.63         655  0  0  8.886  1.039  1.039   0.0975    0.0000    0.0000    0.0000
648     A         B          409           LYS        92.77         655  0  0  8.886  1.039  1.039   0.0973    0.0000    0.0000    0.0000
649     A         B          410           ILE        92.96         655  0  0  8.886  1.039  1.039   0.0989    0.0000    0.0000    0.0000
650     A         B          411           PRO        88.05         655  0  0  8.886  1.039  1.039   0.0964    0.0000    0.0000    0.0000
651     A         B          412           GLU        81.16         655  0  0  8.886  1.039  1.039   0.0941    0.0000    0.0000    0.0000
652     A         B          413           GLN        80.09         655  0  0  8.886  1.039  1.039   0.0887    0.0000    0.0000    0.0000
653     A         B          414           CYS        83.08         655  0  0  8.886  1.039  1.039   0.0891    0.0000    0.0000    0.0000
654     A         B          415           THR        74.02         655  0  0  8.886  1.039  1.039   0.0832    0.0000    0.0000    0.0000
655     A         B          416           HIS        58.79         655  0  0  8.886  1.039  1.039   0.0797    0.0000    0.0000    0.0000
1       B         A            1           GLN        71.68         655  0  0  8.886  1.039  1.039   0.0926    0.0000    0.0000    0.0000
2       B         A            2           VAL        83.73         655  0  0  8.886  1.039  1.039   0.1162    0.0000    0.0000    0.0000
3       B         A            3           GLN        93.71         655  0  0  8.886  1.039  1.039   0.1185    0.0000    0.0000    0.0000
4       B         A            4           LEU        95.86         655  0  0  8.886  1.039  1.039   0.1216    0.0000    0.0000    0.0000
5       B         A            5           GLN        95.81         655  0  0  8.886  1.039  1.039   0.1215    0.0000    0.0000    0.0000
6       B         A            6           GLU        96.35         655  0  0  8.886  1.039  1.039   0.1199    0.0000    0.0000    0.0000
7       B         A            7           SER        95.48         655  0  0  8.886  1.039  1.039   0.1201    0.0000    0.0000    0.0000
8       B         A            8           GLY        94.52         655  0  0  8.886  1.039  1.039   0.1134    0.0000    0.0000    0.0000
9       B         A            9           PRO        89.87         655  0  0  8.886  1.039  1.039   0.1135    0.0000    0.0000    0.0000
10      B         A           10           GLY        93.10         655  0  0  8.886  1.039  1.039   0.1126    0.0000    0.0000    0.0000
11      B         A           11           LEU        90.82         655  0  0  8.886  1.039  1.039   0.1175    0.0000    0.0000    0.0000
12      B         A           12           VAL        93.37         655  0  0  8.886  1.039  1.039   0.1184    0.0000    0.0000    0.0000
13      B         A           13           LYS        90.39         655  0  0  8.886  1.039  1.039   0.1189    0.0000    0.0000    0.0000
14      B         A           14           PRO        89.46         655  0  0  8.886  1.039  1.039   0.1193    0.0000    0.0000    0.0000
15      B         A           15           SER        90.10         655  0  0  8.886  1.039  1.039   0.1194    0.0000    0.0000    0.0000
16      B         A           16           GLU        91.29         655  0  0  8.886  1.039  1.039   0.1226    0.0000    0.0000    0.0000
17      B         A           17           THR        95.92         655  0  0  8.886  1.039  1.039   0.1226    0.0000    0.0000    0.0000
18      B         A           18           LEU        96.60         655  0  0  8.886  1.039  1.039   0.1244    0.0000    0.0000    0.0000
19      B         A           19           SER        96.78         655  0  0  8.886  1.039  1.039   0.1234    0.0000    0.0000    0.0000
20      B         A           20           LEU        98.07         655  0  0  8.886  1.039  1.039   0.1250    0.0000    0.0000    0.0000
21      B         A           21           THR        97.15         655  0  0  8.886  1.039  1.039   0.1248    0.0000    0.0000    0.0000
22      B         A           22           CYS        97.30         655  0  0  8.886  1.039  1.039   0.1244    0.0000    0.0000    0.0000
23      B         A           23           THR        96.28         655  0  0  8.886  1.039  1.039   0.1256    0.0000    0.0000    0.0000
24      B         A           24           VAL        92.41         655  0  0  8.886  1.039  1.039   0.1219    0.0000    0.0000    0.0000
25      B         A           25           SER        93.21         655  0  0  8.886  1.039  1.039   0.1221    0.0000    0.0000    0.0000
26      B         A           26           GLY        84.09         655  0  0  8.886  1.039  1.039   0.1183    0.0000    0.0000    0.0000
27      B         A           27           ALA        74.03         655  0  0  8.886  1.039  1.039   0.1150    0.0000    0.0000    0.0000
28      B         A           28           SER        72.41         655  0  0  8.886  1.039  1.039   0.1173    0.0000    0.0000    0.0000
29      B         A           29           ILE        80.65         655  0  0  8.886  1.039  1.039   0.1185    0.0000    0.0000    0.0000
30      B         A           30           ARG        65.16         655  0  0  8.886  1.039  1.039   0.1155    0.0000    0.0000    0.0000
31      B         A           31           GLY        55.45         655  0  0  8.886  1.039  1.039   0.1141    0.0000    0.0000    0.0000
32      B         A           32           TYR        72.13         655  0  0  8.886  1.039  1.039   0.1195    0.0000    0.0000    0.0000
33      B         A           33           TYR        75.64         655  0  0  8.886  1.039  1.039   0.1213    0.0000    0.0000    0.0000
34      B         A           34           TRP        89.41         655  0  0  8.886  1.039  1.039   0.1236    0.0000    0.0000    0.0000
35      B         A           35           SER        90.81         655  0  0  8.886  1.039  1.039   0.1203    0.0000    0.0000    0.0000
36      B         A           36           TRP        97.14         655  0  0  8.886  1.039  1.039   0.1238    0.0000    0.0000    0.0000
37      B         A           37           ILE        96.35         655  0  0  8.886  1.039  1.039   0.1230    0.0000    0.0000    0.0000
38      B         A           38           ARG        95.24         655  0  0  8.886  1.039  1.039   0.1231    0.0000    0.0000    0.0000
39      B         A           39           GLN        95.38         655  0  0  8.886  1.039  1.039   0.1223    0.0000    0.0000    0.0000
40      B         A           40           PHE        88.63         655  0  0  8.886  1.039  1.039   0.1199    0.0000    0.0000    0.0000
41      B         A           41           PRO        79.37         655  0  0  8.886  1.039  1.039   0.1125    0.0000    0.0000    0.0000
42      B         A           42           GLY        75.57         655  0  0  8.886  1.039  1.039   0.1009    0.0000    0.0000    0.0000
43      B         A           43           LYS        70.38         655  0  0  8.886  1.039  1.039   0.1061    0.0000    0.0000    0.0000
44      B         A           44           GLU        82.39         655  0  0  8.886  1.039  1.039   0.1141    0.0000    0.0000    0.0000
45      B         A           45           LEU        95.31         655  0  0  8.886  1.039  1.039   0.1203    0.0000    0.0000    0.0000
46      B         A           46           GLU        91.71         655  0  0  8.886  1.039  1.039   0.1222    0.0000    0.0000    0.0000
47      B         A           47           TRP        92.01         655  0  0  8.886  1.039  1.039   0.1201    0.0000    0.0000    0.0000
48      B         A           48           ILE        95.11         655  0  0  8.886  1.039  1.039   0.1226    0.0000    0.0000    0.0000
49      B         A           49           GLY        91.97         655  0  0  8.886  1.039  1.039   0.1197    0.0000    0.0000    0.0000
50      B         A           50           TYR        85.00         655  0  0  8.886  1.039  1.039   0.1216    0.0000    0.0000    0.0000
51      B         A           51           VAL        86.89         655  0  0  8.886  1.039  1.039   0.1222    0.0000    0.0000    0.0000
52      B         A           52           TYR        67.36         655  0  0  8.886  1.039  1.039   0.1201    0.0000    0.0000    0.0000
53      B         A           53           SER        55.94         655  0  0  8.886  1.039  1.039   0.1112    0.0000    0.0000    0.0000
54      B         A           54           GLY        49.38         655  0  0  8.886  1.039  1.039   0.1062    0.0000    0.0000    0.0000
55      B         A           55           SER        51.83         655  0  0  8.886  1.039  1.039   0.1077    0.0000    0.0000    0.0000
56      B         A           56           THR        60.96         655  0  0  8.886  1.039  1.039   0.1133    0.0000    0.0000    0.0000
57      B         A           57           GLU        77.20         655  0  0  8.886  1.039  1.039   0.1174    0.0000    0.0000    0.0000
58      B         A           58           ASN        76.55         655  0  0  8.886  1.039  1.039   0.1165    0.0000    0.0000    0.0000
59      B         A           59           TYR        89.37         655  0  0  8.886  1.039  1.039   0.1180    0.0000    0.0000    0.0000
60      B         A           60           ASN        89.27         655  0  0  8.886  1.039  1.039   0.1189    0.0000    0.0000    0.0000
61      B         A           61           PRO        78.46         655  0  0  8.886  1.039  1.039   0.1170    0.0000    0.0000    0.0000
62      B         A           62           SER        81.48         655  0  0  8.886  1.039  1.039   0.1191    0.0000    0.0000    0.0000
63      B         A           63           LEU        87.70         655  0  0  8.886  1.039  1.039   0.1204    0.0000    0.0000    0.0000
64      B         A           64           LYS        80.82         655  0  0  8.886  1.039  1.039   0.1187    0.0000    0.0000    0.0000
65      B         A           65           SER        84.28         655  0  0  8.886  1.039  1.039   0.1205    0.0000    0.0000    0.0000
66      B         A           66           ARG        91.39         655  0  0  8.886  1.039  1.039   0.1199    0.0000    0.0000    0.0000
67      B         A           67           VAL        92.26         655  0  0  8.886  1.039  1.039   0.1203    0.0000    0.0000    0.0000
68      B         A           68           THR        93.79         655  0  0  8.886  1.039  1.039   0.1214    0.0000    0.0000    0.0000
69      B         A           69           VAL        91.78         655  0  0  8.886  1.039  1.039   0.1202    0.0000    0.0000    0.0000
70      B         A           70           THR        91.79         655  0  0  8.886  1.039  1.039   0.1221    0.0000    0.0000    0.0000
71      B         A           71           LEU        82.17         655  0  0  8.886  1.039  1.039   0.1182    0.0000    0.0000    0.0000
72      B         A           72           THR        87.24         655  0  0  8.886  1.039  1.039   0.1186    0.0000    0.0000    0.0000
73      B         A           73           ASP        73.73         655  0  0  8.886  1.039  1.039   0.1113    0.0000    0.0000    0.0000
74      B         A           74           THR        82.96         655  0  0  8.886  1.039  1.039   0.1170    0.0000    0.0000    0.0000
75      B         A           75           LYS        88.77         655  0  0  8.886  1.039  1.039   0.1149    0.0000    0.0000    0.0000
76      B         A           76           ASN        89.13         655  0  0  8.886  1.039  1.039   0.1188    0.0000    0.0000    0.0000
77      B         A           77           SER        94.13         655  0  0  8.886  1.039  1.039   0.1226    0.0000    0.0000    0.0000
78      B         A           78           PHE        93.33         655  0  0  8.886  1.039  1.039   0.1210    0.0000    0.0000    0.0000
79      B         A           79           SER        95.50         655  0  0  8.886  1.039  1.039   0.1227    0.0000    0.0000    0.0000
80      B         A           80           LEU        97.14         655  0  0  8.886  1.039  1.039   0.1230    0.0000    0.0000    0.0000
81      B         A           81           LYS        96.09         655  0  0  8.886  1.039  1.039   0.1247    0.0000    0.0000    0.0000
82      B         A           82           LEU        95.97         655  0  0  8.886  1.039  1.039   0.1222    0.0000    0.0000    0.0000
83      B         A           83           ASN        92.87         655  0  0  8.886  1.039  1.039   0.1239    0.0000    0.0000    0.0000
84      B         A           84           SER        92.49         655  0  0  8.886  1.039  1.039   0.1214    0.0000    0.0000    0.0000
85      B         A           85           VAL        93.06         655  0  0  8.886  1.039  1.039   0.1220    0.0000    0.0000    0.0000
86      B         A           86           THR        88.69         655  0  0  8.886  1.039  1.039   0.1215    0.0000    0.0000    0.0000
87      B         A           87           SER        86.47         655  0  0  8.886  1.039  1.039   0.1194    0.0000    0.0000    0.0000
88      B         A           88           GLU        85.80         655  0  0  8.886  1.039  1.039   0.1227    0.0000    0.0000    0.0000
89      B         A           89           ASP        93.01         655  0  0  8.886  1.039  1.039   0.1215    0.0000    0.0000    0.0000
90      B         A           90           THR        91.66         655  0  0  8.886  1.039  1.039   0.1226    0.0000    0.0000    0.0000
91      B         A           91           ALA        94.35         655  0  0  8.886  1.039  1.039   0.1231    0.0000    0.0000    0.0000
92      B         A           92           VAL        96.10         655  0  0  8.886  1.039  1.039   0.1252    0.0000    0.0000    0.0000
93      B         A           93           TYR        97.91         655  0  0  8.886  1.039  1.039   0.1256    0.0000    0.0000    0.0000
94      B         A           94           TYR        98.01         655  0  0  8.886  1.039  1.039   0.1243    0.0000    0.0000    0.0000
95      B         A           95           CYS        96.09         655  0  0  8.886  1.039  1.039   0.1241    0.0000    0.0000    0.0000
96      B         A           96           ALA        94.05         655  0  0  8.886  1.039  1.039   0.1201    0.0000    0.0000    0.0000
97      B         A           97           ARG        85.18         655  0  0  8.886  1.039  1.039   0.1187    0.0000    0.0000    0.0000
98      B         A           98           GLY        77.50         655  0  0  8.886  1.039  1.039   0.1124    0.0000    0.0000    0.0000
99      B         A           99           GLY        56.14         655  0  0  8.886  1.039  1.039   0.1077    0.0000    0.0000    0.0000
100     B         A          100           ALA        41.91         655  0  0  8.886  1.039  1.039   0.1083    0.0000    0.0000    0.0000
101     B         A          101           LEU        47.86         655  0  0  8.886  1.039  1.039   0.1080    0.0000    0.0000    0.0000
102     B         A          102           ILE        57.19         655  0  0  8.886  1.039  1.039   0.1093    0.0000    0.0000    0.0000
103     B         A          103           TYR        71.02         655  0  0  8.886  1.039  1.039   0.1130    0.0000    0.0000    0.0000
104     B         A          104           TYR        86.56         655  0  0  8.886  1.039  1.039   0.1167    0.0000    0.0000    0.0000
105     B         A          105           ASP        76.76         655  0  0  8.886  1.039  1.039   0.1183    0.0000    0.0000    0.0000
106     B         A          106           VAL        87.55         655  0  0  8.886  1.039  1.039   0.1212    0.0000    0.0000    0.0000
107     B         A          107           TRP        96.68         655  0  0  8.886  1.039  1.039   0.1224    0.0000    0.0000    0.0000
108     B         A          108           GLY        97.00         655  0  0  8.886  1.039  1.039   0.1230    0.0000    0.0000    0.0000
109     B         A          109           THR        93.76         655  0  0  8.886  1.039  1.039   0.1212    0.0000    0.0000    0.0000
110     B         A          110           GLY        97.14         655  0  0  8.886  1.039  1.039   0.1187    0.0000    0.0000    0.0000
111     B         A          111           THR        95.61         655  0  0  8.886  1.039  1.039   0.1231    0.0000    0.0000    0.0000
112     B         A          112           THR        94.32         655  0  0  8.886  1.039  1.039   0.1229    0.0000    0.0000    0.0000
113     B         A          113           VAL        95.77         655  0  0  8.886  1.039  1.039   0.1227    0.0000    0.0000    0.0000
114     B         A          114           THR        91.53         655  0  0  8.886  1.039  1.039   0.1202    0.0000    0.0000    0.0000
115     B         A          115           VAL        91.13         655  0  0  8.886  1.039  1.039   0.1194    0.0000    0.0000    0.0000
116     B         A          116           SER        82.61         655  0  0  8.886  1.039  1.039   0.1110    0.0000    0.0000    0.0000
117     B         A          117           SER        77.34         655  0  0  8.886  1.039  1.039   0.0980    0.0000    0.0000    0.0000
118     B         A          118           GLY        67.74         655  0  0  8.886  1.039  1.039   0.0837    0.0000    0.0000    0.0000
119     B         A          119           GLY        48.05         655  0  0  8.886  1.039  1.039   0.0786    0.0000    0.0000    0.0000
120     B         A          120           GLY        46.38         655  0  0  8.886  1.039  1.039   0.0778    0.0000    0.0000    0.0000
121     B         A          121           SER        41.62         655  0  0  8.886  1.039  1.039   0.0784    0.0000    0.0000    0.0000
122     B         A          122           GLY        43.66         655  0  0  8.886  1.039  1.039   0.0788    0.0000    0.0000    0.0000
123     B         A          123           GLY        42.58         655  0  0  8.886  1.039  1.039   0.0792    0.0000    0.0000    0.0000
124     B         A          124           GLY        40.83         655  0  0  8.886  1.039  1.039   0.0799    0.0000    0.0000    0.0000
125     B         A          125           SER        41.59         655  0  0  8.886  1.039  1.039   0.0809    0.0000    0.0000    0.0000
126     B         A          126           GLY        42.99         655  0  0  8.886  1.039  1.039   0.0817    0.0000    0.0000    0.0000
127     B         A          127           GLY        43.36         655  0  0  8.886  1.039  1.039   0.0822    0.0000    0.0000    0.0000
128     B         A          128           GLY        42.01         655  0  0  8.886  1.039  1.039   0.0828    0.0000    0.0000    0.0000
129     B         A          129           SER        39.62         655  0  0  8.886  1.039  1.039   0.0826    0.0000    0.0000    0.0000
130     B         A          130           GLY        41.60         655  0  0  8.886  1.039  1.039   0.0837    0.0000    0.0000    0.0000
131     B         A          131           GLY        46.70         655  0  0  8.886  1.039  1.039   0.0862    0.0000    0.0000    0.0000
132     B         A          132           GLY        52.82         655  0  0  8.886  1.039  1.039   0.0902    0.0000    0.0000    0.0000
133     B         A          133           SER        59.64         655  0  0  8.886  1.039  1.039   0.0937    0.0000    0.0000    0.0000
134     B         A          134           ASP        78.81         655  0  0  8.886  1.039  1.039   0.1024    0.0000    0.0000    0.0000
135     B         A          135           ILE        87.34         655  0  0  8.886  1.039  1.039   0.1115    0.0000    0.0000    0.0000
136     B         A          136           GLN        90.35         655  0  0  8.886  1.039  1.039   0.1131    0.0000    0.0000    0.0000
137     B         A          137           VAL        93.48         655  0  0  8.886  1.039  1.039   0.1164    0.0000    0.0000    0.0000
138     B         A          138           THR        95.95         655  0  0  8.886  1.039  1.039   0.1193    0.0000    0.0000    0.0000
139     B         A          139           GLN        96.86         655  0  0  8.886  1.039  1.039   0.1179    0.0000    0.0000    0.0000
140     B         A          140           SER        96.30         655  0  0  8.886  1.039  1.039   0.1153    0.0000    0.0000    0.0000
141     B         A          141           PRO        96.79         655  0  0  8.886  1.039  1.039   0.1151    0.0000    0.0000    0.0000
142     B         A          142           VAL        94.39         655  0  0  8.886  1.039  1.039   0.1189    0.0000    0.0000    0.0000
143     B         A          143           SER        93.22         655  0  0  8.886  1.039  1.039   0.1139    0.0000    0.0000    0.0000
144     B         A          144           LEU        92.10         655  0  0  8.886  1.039  1.039   0.1137    0.0000    0.0000    0.0000
145     B         A          145           SER        95.55         655  0  0  8.886  1.039  1.039   0.1149    0.0000    0.0000    0.0000
146     B         A          146           ALA        95.02         655  0  0  8.886  1.039  1.039   0.1149    0.0000    0.0000    0.0000
147     B         A          147           SER        95.63         655  0  0  8.886  1.039  1.039   0.1161    0.0000    0.0000    0.0000
148     B         A          148           VAL        94.11         655  0  0  8.886  1.039  1.039   0.1188    0.0000    0.0000    0.0000
149     B         A          149           GLY        94.11         655  0  0  8.886  1.039  1.039   0.1184    0.0000    0.0000    0.0000
150     B         A          150           ASP        94.11         655  0  0  8.886  1.039  1.039   0.1201    0.0000    0.0000    0.0000
151     B         A          151           ARG        92.32         655  0  0  8.886  1.039  1.039   0.1185    0.0000    0.0000    0.0000
152     B         A          152           VAL        91.37         655  0  0  8.886  1.039  1.039   0.1190    0.0000    0.0000    0.0000
153     B         A          153           THR        93.05         655  0  0  8.886  1.039  1.039   0.1204    0.0000    0.0000    0.0000
154     B         A          154           ILE        95.48         655  0  0  8.886  1.039  1.039   0.1213    0.0000    0.0000    0.0000
155     B         A          155           THR        95.66         655  0  0  8.886  1.039  1.039   0.1205    0.0000    0.0000    0.0000
156     B         A          156           CYS        96.12         655  0  0  8.886  1.039  1.039   0.1200    0.0000    0.0000    0.0000
157     B         A          157           ARG        94.82         655  0  0  8.886  1.039  1.039   0.1164    0.0000    0.0000    0.0000
158     B         A          158           ALA        91.77         655  0  0  8.886  1.039  1.039   0.1141    0.0000    0.0000    0.0000
159     B         A          159           SER        89.31         655  0  0  8.886  1.039  1.039   0.1146    0.0000    0.0000    0.0000
160     B         A          160           GLN        77.20         655  0  0  8.886  1.039  1.039   0.1120    0.0000    0.0000    0.0000
161     B         A          161           GLY        75.08         655  0  0  8.886  1.039  1.039   0.1127    0.0000    0.0000    0.0000
162     B         A          162           ILE        81.12         655  0  0  8.886  1.039  1.039   0.1135    0.0000    0.0000    0.0000
163     B         A          163           ASP        63.63         655  0  0  8.886  1.039  1.039   0.1122    0.0000    0.0000    0.0000
164     B         A          164           SER        70.77         655  0  0  8.886  1.039  1.039   0.1124    0.0000    0.0000    0.0000
165     B         A          165           LEU        89.47         655  0  0  8.886  1.039  1.039   0.1167    0.0000    0.0000    0.0000
166     B         A          166           ASN        88.57         655  0  0  8.886  1.039  1.039   0.1173    0.0000    0.0000    0.0000
167     B         A          167           TRP        93.48         655  0  0  8.886  1.039  1.039   0.1213    0.0000    0.0000    0.0000
168     B         A          168           PHE        95.18         655  0  0  8.886  1.039  1.039   0.1219    0.0000    0.0000    0.0000
169     B         A          169           GLN        93.36         655  0  0  8.886  1.039  1.039   0.1237    0.0000    0.0000    0.0000
170     B         A          170           GLN        96.81         655  0  0  8.886  1.039  1.039   0.1228    0.0000    0.0000    0.0000
171     B         A          171           ARG        94.09         655  0  0  8.886  1.039  1.039   0.1222    0.0000    0.0000    0.0000
172     B         A          172           PRO        90.14         655  0  0  8.886  1.039  1.039   0.1178    0.0000    0.0000    0.0000
173     B         A          173           GLY        91.90         655  0  0  8.886  1.039  1.039   0.1167    0.0000    0.0000    0.0000
174     B         A          174           LYS        94.56         655  0  0  8.886  1.039  1.039   0.1223    0.0000    0.0000    0.0000
175     B         A          175           ALA        95.60         655  0  0  8.886  1.039  1.039   0.1234    0.0000    0.0000    0.0000
176     B         A          176           PRO        95.76         655  0  0  8.886  1.039  1.039   0.1216    0.0000    0.0000    0.0000
177     B         A          177           LYS        89.90         655  0  0  8.886  1.039  1.039   0.1215    0.0000    0.0000    0.0000
178     B         A          178           LEU        86.93         655  0  0  8.886  1.039  1.039   0.1203    0.0000    0.0000    0.0000
179     B         A          179           LEU        88.50         655  0  0  8.886  1.039  1.039   0.1210    0.0000    0.0000    0.0000
180     B         A          180           ILE        86.26         655  0  0  8.886  1.039  1.039   0.1203    0.0000    0.0000    0.0000
181     B         A          181           TYR        75.46         655  0  0  8.886  1.039  1.039   0.1195    0.0000    0.0000    0.0000
182     B         A          182           ALA        66.06         655  0  0  8.886  1.039  1.039   0.1168    0.0000    0.0000    0.0000
183     B         A          183           ALA        74.95         655  0  0  8.886  1.039  1.039   0.1145    0.0000    0.0000    0.0000
184     B         A          184           SER        69.17         655  0  0  8.886  1.039  1.039   0.1162    0.0000    0.0000    0.0000
185     B         A          185           GLN        63.62         655  0  0  8.886  1.039  1.039   0.1150    0.0000    0.0000    0.0000
186     B         A          186           LEU        61.09         655  0  0  8.886  1.039  1.039   0.1124    0.0000    0.0000    0.0000
187     B         A          187           THR        54.16         655  0  0  8.886  1.039  1.039   0.1013    0.0000    0.0000    0.0000
188     B         A          188           GLY        53.73         655  0  0  8.886  1.039  1.039   0.1013    0.0000    0.0000    0.0000
189     B         A          189           ILE        52.29         655  0  0  8.886  1.039  1.039   0.0987    0.0000    0.0000    0.0000
190     B         A          190           ALA        50.53         655  0  0  8.886  1.039  1.039   0.0984    0.0000    0.0000    0.0000
191     B         A          191           PRO        49.27         655  0  0  8.886  1.039  1.039   0.0983    0.0000    0.0000    0.0000
192     B         A          192           ARG        53.23         655  0  0  8.886  1.039  1.039   0.1007    0.0000    0.0000    0.0000
193     B         A          193           PHE        53.54         655  0  0  8.886  1.039  1.039   0.1020    0.0000    0.0000    0.0000
194     B         A          194           ARG        47.27         655  0  0  8.886  1.039  1.039   0.0971    0.0000    0.0000    0.0000
195     B         A          195           SER        49.60         655  0  0  8.886  1.039  1.039   0.0916    0.0000    0.0000    0.0000
196     B         A          196           GLY        54.23         655  0  0  8.886  1.039  1.039   0.0960    0.0000    0.0000    0.0000
197     B         A          197           SER        62.97         655  0  0  8.886  1.039  1.039   0.1021    0.0000    0.0000    0.0000
198     B         A          198           GLY        60.90         655  0  0  8.886  1.039  1.039   0.0990    0.0000    0.0000    0.0000
199     B         A          199           SER        57.80         655  0  0  8.886  1.039  1.039   0.0988    0.0000    0.0000    0.0000
200     B         A          200           GLY        76.27         655  0  0  8.886  1.039  1.039   0.1030    0.0000    0.0000    0.0000
201     B         A          201           THR        87.15         655  0  0  8.886  1.039  1.039   0.1088    0.0000    0.0000    0.0000
202     B         A          202           ASP        89.59         655  0  0  8.886  1.039  1.039   0.1139    0.0000    0.0000    0.0000
203     B         A          203           PHE        92.57         655  0  0  8.886  1.039  1.039   0.1176    0.0000    0.0000    0.0000
204     B         A          204           THR        91.28         655  0  0  8.886  1.039  1.039   0.1199    0.0000    0.0000    0.0000
205     B         A          205           LEU        93.44         655  0  0  8.886  1.039  1.039   0.1195    0.0000    0.0000    0.0000
206     B         A          206           THR        90.34         655  0  0  8.886  1.039  1.039   0.1216    0.0000    0.0000    0.0000
207     B         A          207           ILE        90.79         655  0  0  8.886  1.039  1.039   0.1190    0.0000    0.0000    0.0000
208     B         A          208           SER        85.82         655  0  0  8.886  1.039  1.039   0.1181    0.0000    0.0000    0.0000
209     B         A          209           SER        89.49         655  0  0  8.886  1.039  1.039   0.1170    0.0000    0.0000    0.0000
210     B         A          210           LEU        91.41         655  0  0  8.886  1.039  1.039   0.1173    0.0000    0.0000    0.0000
211     B         A          211           GLN        89.69         655  0  0  8.886  1.039  1.039   0.1180    0.0000    0.0000    0.0000
212     B         A          212           PRO        91.85         655  0  0  8.886  1.039  1.039   0.1166    0.0000    0.0000    0.0000
213     B         A          213           GLU        88.31         655  0  0  8.886  1.039  1.039   0.1189    0.0000    0.0000    0.0000
214     B         A          214           ASP        91.34         655  0  0  8.886  1.039  1.039   0.1187    0.0000    0.0000    0.0000
215     B         A          215           PHE        94.35         655  0  0  8.886  1.039  1.039   0.1219    0.0000    0.0000    0.0000
216     B         A          216           ALA        95.34         655  0  0  8.886  1.039  1.039   0.1211    0.0000    0.0000    0.0000
217     B         A          217           THR        96.32         655  0  0  8.886  1.039  1.039   0.1240    0.0000    0.0000    0.0000
218     B         A          218           TYR        96.27         655  0  0  8.886  1.039  1.039   0.1238    0.0000    0.0000    0.0000
219     B         A          219           TYR        97.55         655  0  0  8.886  1.039  1.039   0.1217    0.0000    0.0000    0.0000
220     B         A          220           CYS        95.96         655  0  0  8.886  1.039  1.039   0.1225    0.0000    0.0000    0.0000
221     B         A          221           GLN        94.72         655  0  0  8.886  1.039  1.039   0.1195    0.0000    0.0000    0.0000
222     B         A          222           GLN        90.11         655  0  0  8.886  1.039  1.039   0.1192    0.0000    0.0000    0.0000
223     B         A          223           TYR        79.91         655  0  0  8.886  1.039  1.039   0.1173    0.0000    0.0000    0.0000
224     B         A          224           ASN        72.35         655  0  0  8.886  1.039  1.039   0.1136    0.0000    0.0000    0.0000
225     B         A          225           ILE        70.85         655  0  0  8.886  1.039  1.039   0.1151    0.0000    0.0000    0.0000
226     B         A          226           TYR        70.42         655  0  0  8.886  1.039  1.039   0.1170    0.0000    0.0000    0.0000
227     B         A          227           PRO        83.97         655  0  0  8.886  1.039  1.039   0.1166    0.0000    0.0000    0.0000
228     B         A          228           ALA        87.21         655  0  0  8.886  1.039  1.039   0.1169    0.0000    0.0000    0.0000
229     B         A          229           THR        92.18         655  0  0  8.886  1.039  1.039   0.1184    0.0000    0.0000    0.0000
230     B         A          230           PHE        95.81         655  0  0  8.886  1.039  1.039   0.1222    0.0000    0.0000    0.0000
231     B         A          231           GLY        96.33         655  0  0  8.886  1.039  1.039   0.1214    0.0000    0.0000    0.0000
232     B         A          232           GLN        94.10         655  0  0  8.886  1.039  1.039   0.1203    0.0000    0.0000    0.0000
233     B         A          233           GLY        96.76         655  0  0  8.886  1.039  1.039   0.1181    0.0000    0.0000    0.0000
234     B         A          234           THR        97.08         655  0  0  8.886  1.039  1.039   0.1225    0.0000    0.0000    0.0000
235     B         A          235           LYS        95.58         655  0  0  8.886  1.039  1.039   0.1216    0.0000    0.0000    0.0000
236     B         A          236           VAL        95.82         655  0  0  8.886  1.039  1.039   0.1205    0.0000    0.0000    0.0000
237     B         A          237           GLU        93.28         655  0  0  8.886  1.039  1.039   0.1183    0.0000    0.0000    0.0000
238     B         A          238           ILE        88.32         655  0  0  8.886  1.039  1.039   0.1107    0.0000    0.0000    0.0000
239     B         A          239           LYS        78.36         655  0  0  8.886  1.039  1.039   0.0952    0.0000    0.0000    0.0000
