i,AlignChn,ScoredChain,AlignResNum,AlignResType,AlignRespLDDT,n0chn,n0dom,n0res,d0chn,d0dom,d0res,ipTM_pae,ipSAE_d0chn,ipSAE_d0dom,ipSAE 
241     A         B            1           ILE        92.79         656  0  0  8.892  1.039  1.039   0.0994    0.0000    0.0000    0.0000
242     A         B            2           CYS        95.12         656  0  0  8.892  1.039  1.039   0.1020    0.0000    0.0000    0.0000
243     A         B            3           LEU        92.95         656  0  0  8.892  1.039  1.039   0.1024    0.0000    0.0000    0.0000
244     A         B            4           GLN        93.85         656  0  0  8.892  1.039  1.039   0.1032    0.0000    0.0000    0.0000
245     A         B            5           LYS        94.74         656  0  0  8.892  1.039  1.039   0.1050    0.0000    0.0000    0.0000
246     A         B            6           THR        94.05         656  0  0  8.892  1.039  1.039   0.1023    0.0000    0.0000    0.0000
247     A         B            7           SER        88.58         656  0  0  8.892  1.039  1.039   0.1009    0.0000    0.0000    0.0000
248     A         B            8           ASN        89.31         656  0  0  8.892  1.039  1.039   0.0988    0.0000    0.0000    0.0000
249     A         B            9           GLN        89.65         656  0  0  8.892  1.039  1.039   0.0995    0.0000    0.0000    0.0000
250     A         B           10           ILE        94.41         656  0  0  8.892  1.039  1.039   0.1030    0.0000    0.0000    0.0000
251     A         B           11           LEU        97.04         656  0  0  8.892  1.039  1.039   0.1074    0.0000    0.0000    0.0000
252     A         B           12           LYS        92.66         656  0  0  8.892  1.039  1.039   0.1072    0.0000    0.0000    0.0000
253     A         B           13           PRO        96.39         656  0  0  8.892  1.039  1.039   0.1081    0.0000    0.0000    0.0000
254     A         B           14           LYS        90.98         656  0  0  8.892  1.039  1.039   0.1080    0.0000    0.0000    0.0000
255     A         B           15           LEU        88.56         656  0  0  8.892  1.039  1.039   0.1093    0.0000    0.0000    0.0000
256     A         B           16           ILE        86.56         656  0  0  8.892  1.039  1.039   0.1091    0.0000    0.0000    0.0000
257     A         B           17           SER        65.24         656  0  0  8.892  1.039  1.039   0.1071    0.0000    0.0000    0.0000
258     A         B           18           TYR        63.65         656  0  0  8.892  1.039  1.039   0.1042    0.0000    0.0000    0.0000
259     A         B           19           THR        63.62         656  0  0  8.892  1.039  1.039   0.1074    0.0000    0.0000    0.0000
260     A         B           20           LEU        69.35         656  0  0  8.892  1.039  1.039   0.1079    0.0000    0.0000    0.0000
261     A         B           21           PRO        60.29         656  0  0  8.892  1.039  1.039   0.1065    0.0000    0.0000    0.0000
262     A         B           22           VAL        67.22         656  0  0  8.892  1.039  1.039   0.1067    0.0000    0.0000    0.0000
263     A         B           23           VAL        64.11         656  0  0  8.892  1.039  1.039   0.1070    0.0000    0.0000    0.0000
264     A         B           24           GLY        64.31         656  0  0  8.892  1.039  1.039   0.1037    0.0000    0.0000    0.0000
265     A         B           25           GLN        63.20         656  0  0  8.892  1.039  1.039   0.1042    0.0000    0.0000    0.0000
266     A         B           26           SER        67.27         656  0  0  8.892  1.039  1.039   0.1048    0.0000    0.0000    0.0000
267     A         B           27           GLY        75.30         656  0  0  8.892  1.039  1.039   0.1062    0.0000    0.0000    0.0000
268     A         B           28           THR        80.97         656  0  0  8.892  1.039  1.039   0.1079    0.0000    0.0000    0.0000
269     A         B           29           CYS        82.05         656  0  0  8.892  1.039  1.039   0.1089    0.0000    0.0000    0.0000
270     A         B           30           ILE        87.92         656  0  0  8.892  1.039  1.039   0.1102    0.0000    0.0000    0.0000
271     A         B           31           THR        88.79         656  0  0  8.892  1.039  1.039   0.1101    0.0000    0.0000    0.0000
272     A         B           32           ASP        94.29         656  0  0  8.892  1.039  1.039   0.1111    0.0000    0.0000    0.0000
273     A         B           33           PRO        95.05         656  0  0  8.892  1.039  1.039   0.1105    0.0000    0.0000    0.0000
274     A         B           34           LEU        97.31         656  0  0  8.892  1.039  1.039   0.1115    0.0000    0.0000    0.0000
275     A         B           35           LEU        97.36         656  0  0  8.892  1.039  1.039   0.1106    0.0000    0.0000    0.0000
276     A         B           36           ALA        98.65         656  0  0  8.892  1.039  1.039   0.1123    0.0000    0.0000    0.0000
277     A         B           37           MET        97.31         656  0  0  8.892  1.039  1.039   0.1094    0.0000    0.0000    0.0000
278     A         B           38           ASP        96.38         656  0  0  8.892  1.039  1.039   0.1120    0.0000    0.0000    0.0000
279     A         B           39           GLU        93.83         656  0  0  8.892  1.039  1.039   0.1099    0.0000    0.0000    0.0000
280     A         B           40           GLY        93.93         656  0  0  8.892  1.039  1.039   0.1081    0.0000    0.0000    0.0000
281     A         B           41           TYR        96.09         656  0  0  8.892  1.039  1.039   0.1080    0.0000    0.0000    0.0000
282     A         B           42           PHE        96.14         656  0  0  8.892  1.039  1.039   0.1088    0.0000    0.0000    0.0000
283     A         B           43           ALA        98.20         656  0  0  8.892  1.039  1.039   0.1107    0.0000    0.0000    0.0000
284     A         B           44           TYR        94.87         656  0  0  8.892  1.039  1.039   0.1092    0.0000    0.0000    0.0000
285     A         B           45           SER        96.94         656  0  0  8.892  1.039  1.039   0.1093    0.0000    0.0000    0.0000
286     A         B           46           HIS        93.30         656  0  0  8.892  1.039  1.039   0.1101    0.0000    0.0000    0.0000
287     A         B           47           LEU        93.41         656  0  0  8.892  1.039  1.039   0.1089    0.0000    0.0000    0.0000
288     A         B           48           GLU        88.09         656  0  0  8.892  1.039  1.039   0.1096    0.0000    0.0000    0.0000
289     A         B           49           ARG        86.07         656  0  0  8.892  1.039  1.039   0.1069    0.0000    0.0000    0.0000
290     A         B           50           ILE        83.75         656  0  0  8.892  1.039  1.039   0.1080    0.0000    0.0000    0.0000
291     A         B           51           GLY        78.01         656  0  0  8.892  1.039  1.039   0.1062    0.0000    0.0000    0.0000
292     A         B           52           SER        74.18         656  0  0  8.892  1.039  1.039   0.1082    0.0000    0.0000    0.0000
293     A         B           53           CYS        76.23         656  0  0  8.892  1.039  1.039   0.1100    0.0000    0.0000    0.0000
294     A         B           54           SER        70.24         656  0  0  8.892  1.039  1.039   0.1050    0.0000    0.0000    0.0000
295     A         B           55           ARG        72.18         656  0  0  8.892  1.039  1.039   0.1047    0.0000    0.0000    0.0000
296     A         B           56           GLY        80.40         656  0  0  8.892  1.039  1.039   0.1056    0.0000    0.0000    0.0000
297     A         B           57           VAL        86.20         656  0  0  8.892  1.039  1.039   0.1062    0.0000    0.0000    0.0000
298     A         B           58           SER        88.27         656  0  0  8.892  1.039  1.039   0.1068    0.0000    0.0000    0.0000
299     A         B           59           LYS        87.37         656  0  0  8.892  1.039  1.039   0.1058    0.0000    0.0000    0.0000
300     A         B           60           GLN        87.80         656  0  0  8.892  1.039  1.039   0.1053    0.0000    0.0000    0.0000
301     A         B           61           ARG        94.30         656  0  0  8.892  1.039  1.039   0.1083    0.0000    0.0000    0.0000
302     A         B           62           ILE        91.56         656  0  0  8.892  1.039  1.039   0.1089    0.0000    0.0000    0.0000
303     A         B           63           ILE        96.58         656  0  0  8.892  1.039  1.039   0.1096    0.0000    0.0000    0.0000
304     A         B           64           GLY        93.94         656  0  0  8.892  1.039  1.039   0.1090    0.0000    0.0000    0.0000
305     A         B           65           VAL        94.88         656  0  0  8.892  1.039  1.039   0.1094    0.0000    0.0000    0.0000
306     A         B           66           GLY        91.80         656  0  0  8.892  1.039  1.039   0.1094    0.0000    0.0000    0.0000
307     A         B           67           GLU        85.76         656  0  0  8.892  1.039  1.039   0.1069    0.0000    0.0000    0.0000
308     A         B           68           VAL        92.35         656  0  0  8.892  1.039  1.039   0.1105    0.0000    0.0000    0.0000
309     A         B           69           LEU        79.40         656  0  0  8.892  1.039  1.039   0.1067    0.0000    0.0000    0.0000
310     A         B           70           ASP        78.93         656  0  0  8.892  1.039  1.039   0.1054    0.0000    0.0000    0.0000
311     A         B           71           ARG        67.53         656  0  0  8.892  1.039  1.039   0.1003    0.0000    0.0000    0.0000
312     A         B           72           GLY        69.56         656  0  0  8.892  1.039  1.039   0.0997    0.0000    0.0000    0.0000
313     A         B           73           ASP        74.81         656  0  0  8.892  1.039  1.039   0.1017    0.0000    0.0000    0.0000
314     A         B           74           GLU        83.59         656  0  0  8.892  1.039  1.039   0.1051    0.0000    0.0000    0.0000
315     A         B           75           VAL        88.22         656  0  0  8.892  1.039  1.039   0.1064    0.0000    0.0000    0.0000
316     A         B           76           PRO        92.38         656  0  0  8.892  1.039  1.039   0.1072    0.0000    0.0000    0.0000
317     A         B           77           SER        84.29         656  0  0  8.892  1.039  1.039   0.1062    0.0000    0.0000    0.0000
318     A         B           78           LEU        89.45         656  0  0  8.892  1.039  1.039   0.1084    0.0000    0.0000    0.0000
319     A         B           79           PHE        83.10         656  0  0  8.892  1.039  1.039   0.1100    0.0000    0.0000    0.0000
320     A         B           80           MET        85.93         656  0  0  8.892  1.039  1.039   0.1091    0.0000    0.0000    0.0000
321     A         B           81           THR        85.79         656  0  0  8.892  1.039  1.039   0.1086    0.0000    0.0000    0.0000
322     A         B           82           ASN        88.67         656  0  0  8.892  1.039  1.039   0.1076    0.0000    0.0000    0.0000
323     A         B           83           VAL        88.13         656  0  0  8.892  1.039  1.039   0.1095    0.0000    0.0000    0.0000
324     A         B           84           TRP        92.62         656  0  0  8.892  1.039  1.039   0.1083    0.0000    0.0000    0.0000
325     A         B           85           THR        90.30         656  0  0  8.892  1.039  1.039   0.1083    0.0000    0.0000    0.0000
326     A         B           86           PRO        94.18         656  0  0  8.892  1.039  1.039   0.1089    0.0000    0.0000    0.0000
327     A         B           87           PRO        91.06         656  0  0  8.892  1.039  1.039   0.1063    0.0000    0.0000    0.0000
328     A         B           88           ASN        92.10         656  0  0  8.892  1.039  1.039   0.1085    0.0000    0.0000    0.0000
329     A         B           89           PRO        91.43         656  0  0  8.892  1.039  1.039   0.1091    0.0000    0.0000    0.0000
330     A         B           90           ASN        91.15         656  0  0  8.892  1.039  1.039   0.1084    0.0000    0.0000    0.0000
331     A         B           91           THR        94.44         656  0  0  8.892  1.039  1.039   0.1084    0.0000    0.0000    0.0000
332     A         B           92           VAL        96.96         656  0  0  8.892  1.039  1.039   0.1123    0.0000    0.0000    0.0000
333     A         B           93           TYR        96.98         656  0  0  8.892  1.039  1.039   0.1104    0.0000    0.0000    0.0000
334     A         B           94           HIS        98.14         656  0  0  8.892  1.039  1.039   0.1121    0.0000    0.0000    0.0000
335     A         B           95           CYS        98.52         656  0  0  8.892  1.039  1.039   0.1115    0.0000    0.0000    0.0000
336     A         B           96           SER        98.91         656  0  0  8.892  1.039  1.039   0.1116    0.0000    0.0000    0.0000
337     A         B           97           ALA        98.88         656  0  0  8.892  1.039  1.039   0.1123    0.0000    0.0000    0.0000
338     A         B           98           VAL        98.82         656  0  0  8.892  1.039  1.039   0.1110    0.0000    0.0000    0.0000
339     A         B           99           TYR        98.12         656  0  0  8.892  1.039  1.039   0.1126    0.0000    0.0000    0.0000
340     A         B          100           ASN        96.53         656  0  0  8.892  1.039  1.039   0.1103    0.0000    0.0000    0.0000
341     A         B          101           ASN        90.60         656  0  0  8.892  1.039  1.039   0.1073    0.0000    0.0000    0.0000
342     A         B          102           GLU        89.10         656  0  0  8.892  1.039  1.039   0.1077    0.0000    0.0000    0.0000
343     A         B          103           PHE        95.36         656  0  0  8.892  1.039  1.039   0.1101    0.0000    0.0000    0.0000
344     A         B          104           TYR        98.11         656  0  0  8.892  1.039  1.039   0.1111    0.0000    0.0000    0.0000
345     A         B          105           TYR        98.18         656  0  0  8.892  1.039  1.039   0.1116    0.0000    0.0000    0.0000
346     A         B          106           VAL        98.65         656  0  0  8.892  1.039  1.039   0.1121    0.0000    0.0000    0.0000
347     A         B          107           LEU        98.81         656  0  0  8.892  1.039  1.039   0.1119    0.0000    0.0000    0.0000
348     A         B          108           CYS        98.46         656  0  0  8.892  1.039  1.039   0.1126    0.0000    0.0000    0.0000
349     A         B          109           ALA        98.49         656  0  0  8.892  1.039  1.039   0.1117    0.0000    0.0000    0.0000
350     A         B          110           VAL        97.12         656  0  0  8.892  1.039  1.039   0.1118    0.0000    0.0000    0.0000
351     A         B          111           SER        96.42         656  0  0  8.892  1.039  1.039   0.1121    0.0000    0.0000    0.0000
352     A         B          112           THR        91.17         656  0  0  8.892  1.039  1.039   0.1097    0.0000    0.0000    0.0000
353     A         B          113           VAL        90.75         656  0  0  8.892  1.039  1.039   0.1131    0.0000    0.0000    0.0000
354     A         B          114           GLY        92.07         656  0  0  8.892  1.039  1.039   0.1112    0.0000    0.0000    0.0000
355     A         B          115           ASP        93.67         656  0  0  8.892  1.039  1.039   0.1123    0.0000    0.0000    0.0000
356     A         B          116           PRO        97.97         656  0  0  8.892  1.039  1.039   0.1121    0.0000    0.0000    0.0000
357     A         B          117           ILE        96.71         656  0  0  8.892  1.039  1.039   0.1122    0.0000    0.0000    0.0000
358     A         B          118           LEU        92.96         656  0  0  8.892  1.039  1.039   0.1118    0.0000    0.0000    0.0000
359     A         B          119           ASN        93.49         656  0  0  8.892  1.039  1.039   0.1087    0.0000    0.0000    0.0000
360     A         B          120           SER        96.08         656  0  0  8.892  1.039  1.039   0.1111    0.0000    0.0000    0.0000
361     A         B          121           THR        92.40         656  0  0  8.892  1.039  1.039   0.1120    0.0000    0.0000    0.0000
362     A         B          122           TYR        91.66         656  0  0  8.892  1.039  1.039   0.1099    0.0000    0.0000    0.0000
363     A         B          123           TRP        97.41         656  0  0  8.892  1.039  1.039   0.1104    0.0000    0.0000    0.0000
364     A         B          124           SER        94.71         656  0  0  8.892  1.039  1.039   0.1088    0.0000    0.0000    0.0000
365     A         B          125           GLY        97.66         656  0  0  8.892  1.039  1.039   0.1106    0.0000    0.0000    0.0000
366     A         B          126           SER        96.45         656  0  0  8.892  1.039  1.039   0.1105    0.0000    0.0000    0.0000
367     A         B          127           LEU        98.26         656  0  0  8.892  1.039  1.039   0.1114    0.0000    0.0000    0.0000
368     A         B          128           MET        96.23         656  0  0  8.892  1.039  1.039   0.1105    0.0000    0.0000    0.0000
369     A         B          129           MET        97.08         656  0  0  8.892  1.039  1.039   0.1099    0.0000    0.0000    0.0000
370     A         B          130           THR        96.58         656  0  0  8.892  1.039  1.039   0.1117    0.0000    0.0000    0.0000
371     A         B          131           ARG        94.88         656  0  0  8.892  1.039  1.039   0.1088    0.0000    0.0000    0.0000
372     A         B          132           LEU        95.59         656  0  0  8.892  1.039  1.039   0.1101    0.0000    0.0000    0.0000
373     A         B          133           ALA        92.17         656  0  0  8.892  1.039  1.039   0.1108    0.0000    0.0000    0.0000
374     A         B          134           VAL        91.62         656  0  0  8.892  1.039  1.039   0.1091    0.0000    0.0000    0.0000
375     A         B          135           LYS        82.00         656  0  0  8.892  1.039  1.039   0.1059    0.0000    0.0000    0.0000
376     A         B          136           PRO        80.32         656  0  0  8.892  1.039  1.039   0.1039    0.0000    0.0000    0.0000
377     A         B          137           LYS        73.15         656  0  0  8.892  1.039  1.039   0.1026    0.0000    0.0000    0.0000
378     A         B          138           SER        62.88         656  0  0  8.892  1.039  1.039   0.0933    0.0000    0.0000    0.0000
379     A         B          139           ASN        64.34         656  0  0  8.892  1.039  1.039   0.0906    0.0000    0.0000    0.0000
380     A         B          140           GLY        65.44         656  0  0  8.892  1.039  1.039   0.0928    0.0000    0.0000    0.0000
381     A         B          141           GLY        64.54         656  0  0  8.892  1.039  1.039   0.0958    0.0000    0.0000    0.0000
382     A         B          142           GLY        69.31         656  0  0  8.892  1.039  1.039   0.0990    0.0000    0.0000    0.0000
383     A         B          143           TYR        71.07         656  0  0  8.892  1.039  1.039   0.1011    0.0000    0.0000    0.0000
384     A         B          144           ASN        83.54         656  0  0  8.892  1.039  1.039   0.1060    0.0000    0.0000    0.0000
385     A         B          145           GLN        85.20         656  0  0  8.892  1.039  1.039   0.1065    0.0000    0.0000    0.0000
386     A         B          146           HIS        88.91         656  0  0  8.892  1.039  1.039   0.1091    0.0000    0.0000    0.0000
387     A         B          147           GLN        90.41         656  0  0  8.892  1.039  1.039   0.1085    0.0000    0.0000    0.0000
388     A         B          148           LEU        92.62         656  0  0  8.892  1.039  1.039   0.1083    0.0000    0.0000    0.0000
389     A         B          149           ALA        86.44         656  0  0  8.892  1.039  1.039   0.1055    0.0000    0.0000    0.0000
390     A         B          150           LEU        92.90         656  0  0  8.892  1.039  1.039   0.1063    0.0000    0.0000    0.0000
391     A         B          151           ARG        87.33         656  0  0  8.892  1.039  1.039   0.1028    0.0000    0.0000    0.0000
392     A         B          152           SER        89.95         656  0  0  8.892  1.039  1.039   0.1048    0.0000    0.0000    0.0000
393     A         B          153           ILE        96.88         656  0  0  8.892  1.039  1.039   0.1113    0.0000    0.0000    0.0000
394     A         B          154           GLU        96.54         656  0  0  8.892  1.039  1.039   0.1101    0.0000    0.0000    0.0000
395     A         B          155           LYS        96.65         656  0  0  8.892  1.039  1.039   0.1099    0.0000    0.0000    0.0000
396     A         B          156           GLY        96.74         656  0  0  8.892  1.039  1.039   0.1091    0.0000    0.0000    0.0000
397     A         B          157           ARG        94.23         656  0  0  8.892  1.039  1.039   0.1065    0.0000    0.0000    0.0000
398     A         B          158           TYR        98.61         656  0  0  8.892  1.039  1.039   0.1113    0.0000    0.0000    0.0000
399     A         B          159           ASP        97.41         656  0  0  8.892  1.039  1.039   0.1099    0.0000    0.0000    0.0000
400     A         B          160           LYS        98.44         656  0  0  8.892  1.039  1.039   0.1100    0.0000    0.0000    0.0000
401     A         B          161           VAL        98.80         656  0  0  8.892  1.039  1.039   0.1113    0.0000    0.0000    0.0000
402     A         B          162           MET        98.36         656  0  0  8.892  1.039  1.039   0.1093    0.0000    0.0000    0.0000
403     A         B          163           PRO        98.90         656  0  0  8.892  1.039  1.039   0.1111    0.0000    0.0000    0.0000
404     A         B          164           TYR        98.81         656  0  0  8.892  1.039  1.039   0.1105    0.0000    0.0000    0.0000
405     A         B          165           GLY        98.87         656  0  0  8.892  1.039  1.039   0.1107    0.0000    0.0000    0.0000
406     A         B          166           PRO        98.43         656  0  0  8.892  1.039  1.039   0.1133    0.0000    0.0000    0.0000
407     A         B          167           SER        98.46         656  0  0  8.892  1.039  1.039   0.1136    0.0000    0.0000    0.0000
408     A         B          168           GLY        98.87         656  0  0  8.892  1.039  1.039   0.1138    0.0000    0.0000    0.0000
409     A         B          169           ILE        98.20         656  0  0  8.892  1.039  1.039   0.1138    0.0000    0.0000    0.0000
410     A         B          170           LYS        96.53         656  0  0  8.892  1.039  1.039   0.1128    0.0000    0.0000    0.0000
411     A         B          171           GLN        93.17         656  0  0  8.892  1.039  1.039   0.1094    0.0000    0.0000    0.0000
412     A         B          172           GLY        92.45         656  0  0  8.892  1.039  1.039   0.1089    0.0000    0.0000    0.0000
413     A         B          173           ASP        90.69         656  0  0  8.892  1.039  1.039   0.1064    0.0000    0.0000    0.0000
414     A         B          174           THR        96.93         656  0  0  8.892  1.039  1.039   0.1106    0.0000    0.0000    0.0000
415     A         B          175           LEU        98.44         656  0  0  8.892  1.039  1.039   0.1120    0.0000    0.0000    0.0000
416     A         B          176           TYR        98.63         656  0  0  8.892  1.039  1.039   0.1127    0.0000    0.0000    0.0000
417     A         B          177           PHE        98.95         656  0  0  8.892  1.039  1.039   0.1138    0.0000    0.0000    0.0000
418     A         B          178           PRO        98.95         656  0  0  8.892  1.039  1.039   0.1117    0.0000    0.0000    0.0000
419     A         B          179           ALA        98.93         656  0  0  8.892  1.039  1.039   0.1114    0.0000    0.0000    0.0000
420     A         B          180           VAL        98.89         656  0  0  8.892  1.039  1.039   0.1100    0.0000    0.0000    0.0000
421     A         B          181           GLY        98.88         656  0  0  8.892  1.039  1.039   0.1108    0.0000    0.0000    0.0000
422     A         B          182           PHE        98.71         656  0  0  8.892  1.039  1.039   0.1114    0.0000    0.0000    0.0000
423     A         B          183           LEU        98.18         656  0  0  8.892  1.039  1.039   0.1111    0.0000    0.0000    0.0000
424     A         B          184           VAL        97.02         656  0  0  8.892  1.039  1.039   0.1102    0.0000    0.0000    0.0000
425     A         B          185           ARG        95.32         656  0  0  8.892  1.039  1.039   0.1097    0.0000    0.0000    0.0000
426     A         B          186           THR        93.49         656  0  0  8.892  1.039  1.039   0.1108    0.0000    0.0000    0.0000
427     A         B          187           GLU        94.64         656  0  0  8.892  1.039  1.039   0.1093    0.0000    0.0000    0.0000
428     A         B          188           PHE        96.67         656  0  0  8.892  1.039  1.039   0.1105    0.0000    0.0000    0.0000
429     A         B          189           LYS        92.25         656  0  0  8.892  1.039  1.039   0.1067    0.0000    0.0000    0.0000
430     A         B          190           TYR        95.79         656  0  0  8.892  1.039  1.039   0.1082    0.0000    0.0000    0.0000
431     A         B          191           ASN        94.02         656  0  0  8.892  1.039  1.039   0.1052    0.0000    0.0000    0.0000
432     A         B          192           ASP        92.66         656  0  0  8.892  1.039  1.039   0.1064    0.0000    0.0000    0.0000
433     A         B          193           SER        93.85         656  0  0  8.892  1.039  1.039   0.1052    0.0000    0.0000    0.0000
434     A         B          194           ASN        93.87         656  0  0  8.892  1.039  1.039   0.1081    0.0000    0.0000    0.0000
435     A         B          195           CYS        95.75         656  0  0  8.892  1.039  1.039   0.1094    0.0000    0.0000    0.0000
436     A         B          196           PRO        91.69         656  0  0  8.892  1.039  1.039   0.1072    0.0000    0.0000    0.0000
437     A         B          197           ILE        93.08         656  0  0  8.892  1.039  1.039   0.1075    0.0000    0.0000    0.0000
438     A         B          198           THR        90.95         656  0  0  8.892  1.039  1.039   0.1054    0.0000    0.0000    0.0000
439     A         B          199           LYS        84.71         656  0  0  8.892  1.039  1.039   0.1069    0.0000    0.0000    0.0000
440     A         B          200           CYS        90.30         656  0  0  8.892  1.039  1.039   0.1124    0.0000    0.0000    0.0000
441     A         B          201           GLN        77.65         656  0  0  8.892  1.039  1.039   0.1093    0.0000    0.0000    0.0000
442     A         B          202           TYR        79.09         656  0  0  8.892  1.039  1.039   0.1103    0.0000    0.0000    0.0000
443     A         B          203           SER        90.68         656  0  0  8.892  1.039  1.039   0.1106    0.0000    0.0000    0.0000
444     A         B          204           LYS        91.02         656  0  0  8.892  1.039  1.039   0.1099    0.0000    0.0000    0.0000
445     A         B          205           PRO        95.25         656  0  0  8.892  1.039  1.039   0.1072    0.0000    0.0000    0.0000
446     A         B          206           GLU        93.86         656  0  0  8.892  1.039  1.039   0.1088    0.0000    0.0000    0.0000
447     A         B          207           ASN        94.71         656  0  0  8.892  1.039  1.039   0.1084    0.0000    0.0000    0.0000
448     A         B          208           CYS        97.00         656  0  0  8.892  1.039  1.039   0.1104    0.0000    0.0000    0.0000
449     A         B          209           ARG        96.54         656  0  0  8.892  1.039  1.039   0.1070    0.0000    0.0000    0.0000
450     A         B          210           LEU        94.53         656  0  0  8.892  1.039  1.039   0.1086    0.0000    0.0000    0.0000
451     A         B          211           SER        95.66         656  0  0  8.892  1.039  1.039   0.1089    0.0000    0.0000    0.0000
452     A         B          212           MET        97.51         656  0  0  8.892  1.039  1.039   0.1087    0.0000    0.0000    0.0000
453     A         B          213           GLY        96.53         656  0  0  8.892  1.039  1.039   0.1097    0.0000    0.0000    0.0000
454     A         B          214           ILE        93.05         656  0  0  8.892  1.039  1.039   0.1113    0.0000    0.0000    0.0000
455     A         B          215           ARG        88.42         656  0  0  8.892  1.039  1.039   0.1089    0.0000    0.0000    0.0000
456     A         B          216           PRO        87.17         656  0  0  8.892  1.039  1.039   0.1104    0.0000    0.0000    0.0000
457     A         B          217           ASN        87.04         656  0  0  8.892  1.039  1.039   0.1102    0.0000    0.0000    0.0000
458     A         B          218           SER        94.10         656  0  0  8.892  1.039  1.039   0.1101    0.0000    0.0000    0.0000
459     A         B          219           HIS        95.89         656  0  0  8.892  1.039  1.039   0.1117    0.0000    0.0000    0.0000
460     A         B          220           TYR        98.07         656  0  0  8.892  1.039  1.039   0.1095    0.0000    0.0000    0.0000
461     A         B          221           ILE        97.95         656  0  0  8.892  1.039  1.039   0.1102    0.0000    0.0000    0.0000
462     A         B          222           LEU        98.47         656  0  0  8.892  1.039  1.039   0.1091    0.0000    0.0000    0.0000
463     A         B          223           ARG        98.54         656  0  0  8.892  1.039  1.039   0.1096    0.0000    0.0000    0.0000
464     A         B          224           SER        98.58         656  0  0  8.892  1.039  1.039   0.1092    0.0000    0.0000    0.0000
465     A         B          225           GLY        98.78         656  0  0  8.892  1.039  1.039   0.1121    0.0000    0.0000    0.0000
466     A         B          226           LEU        98.61         656  0  0  8.892  1.039  1.039   0.1133    0.0000    0.0000    0.0000
467     A         B          227           LEU        98.85         656  0  0  8.892  1.039  1.039   0.1141    0.0000    0.0000    0.0000
468     A         B          228           LYS        97.92         656  0  0  8.892  1.039  1.039   0.1107    0.0000    0.0000    0.0000
469     A         B          229           TYR        97.82         656  0  0  8.892  1.039  1.039   0.1119    0.0000    0.0000    0.0000
470     A         B          230           ASN        94.96         656  0  0  8.892  1.039  1.039   0.1091    0.0000    0.0000    0.0000
471     A         B          231           LEU        93.56         656  0  0  8.892  1.039  1.039   0.1097    0.0000    0.0000    0.0000
472     A         B          232           SER        88.94         656  0  0  8.892  1.039  1.039   0.1054    0.0000    0.0000    0.0000
473     A         B          233           ASP        82.91         656  0  0  8.892  1.039  1.039   0.1017    0.0000    0.0000    0.0000
474     A         B          234           GLY        81.28         656  0  0  8.892  1.039  1.039   0.0946    0.0000    0.0000    0.0000
475     A         B          235           GLU        78.52         656  0  0  8.892  1.039  1.039   0.0952    0.0000    0.0000    0.0000
476     A         B          236           ASN        84.60         656  0  0  8.892  1.039  1.039   0.1011    0.0000    0.0000    0.0000
477     A         B          237           PRO        87.05         656  0  0  8.892  1.039  1.039   0.1049    0.0000    0.0000    0.0000
478     A         B          238           LYS        91.24         656  0  0  8.892  1.039  1.039   0.1094    0.0000    0.0000    0.0000
479     A         B          239           VAL        97.39         656  0  0  8.892  1.039  1.039   0.1115    0.0000    0.0000    0.0000
480     A         B          240           VAL        97.59         656  0  0  8.892  1.039  1.039   0.1103    0.0000    0.0000    0.0000
481     A         B          241           PHE        98.59         656  0  0  8.892  1.039  1.039   0.1137    0.0000    0.0000    0.0000
482     A         B          242           ILE        98.01         656  0  0  8.892  1.039  1.039   0.1117    0.0000    0.0000    0.0000
483     A         B          243           GLU        97.38         656  0  0  8.892  1.039  1.039   0.1130    0.0000    0.0000    0.0000
484     A         B          244           ILE        97.63         656  0  0  8.892  1.039  1.039   0.1122    0.0000    0.0000    0.0000
485     A         B          245           SER        92.80         656  0  0  8.892  1.039  1.039   0.1080    0.0000    0.0000    0.0000
486     A         B          246           ASP        90.73         656  0  0  8.892  1.039  1.039   0.1085    0.0000    0.0000    0.0000
487     A         B          247           GLN        91.33         656  0  0  8.892  1.039  1.039   0.1105    0.0000    0.0000    0.0000
488     A         B          248           ARG        92.04         656  0  0  8.892  1.039  1.039   0.1094    0.0000    0.0000    0.0000
489     A         B          249           LEU        95.41         656  0  0  8.892  1.039  1.039   0.1110    0.0000    0.0000    0.0000
490     A         B          250           SER        97.16         656  0  0  8.892  1.039  1.039   0.1098    0.0000    0.0000    0.0000
491     A         B          251           ILE        97.95         656  0  0  8.892  1.039  1.039   0.1101    0.0000    0.0000    0.0000
492     A         B          252           GLY        98.60         656  0  0  8.892  1.039  1.039   0.1083    0.0000    0.0000    0.0000
493     A         B          253           SER        98.39         656  0  0  8.892  1.039  1.039   0.1090    0.0000    0.0000    0.0000
494     A         B          254           PRO        98.58         656  0  0  8.892  1.039  1.039   0.1115    0.0000    0.0000    0.0000
495     A         B          255           SER        98.83         656  0  0  8.892  1.039  1.039   0.1110    0.0000    0.0000    0.0000
496     A         B          256           LYS        98.90         656  0  0  8.892  1.039  1.039   0.1115    0.0000    0.0000    0.0000
497     A         B          257           ILE        98.82         656  0  0  8.892  1.039  1.039   0.1143    0.0000    0.0000    0.0000
498     A         B          258           TYR        98.57         656  0  0  8.892  1.039  1.039   0.1123    0.0000    0.0000    0.0000
499     A         B          259           ASP        95.70         656  0  0  8.892  1.039  1.039   0.1108    0.0000    0.0000    0.0000
500     A         B          260           SER        97.00         656  0  0  8.892  1.039  1.039   0.1111    0.0000    0.0000    0.0000
501     A         B          261           LEU        92.93         656  0  0  8.892  1.039  1.039   0.1111    0.0000    0.0000    0.0000
502     A         B          262           GLY        92.50         656  0  0  8.892  1.039  1.039   0.1081    0.0000    0.0000    0.0000
503     A         B          263           GLN        91.38         656  0  0  8.892  1.039  1.039   0.1080    0.0000    0.0000    0.0000
504     A         B          264           PRO        96.53         656  0  0  8.892  1.039  1.039   0.1118    0.0000    0.0000    0.0000
505     A         B          265           VAL        98.23         656  0  0  8.892  1.039  1.039   0.1128    0.0000    0.0000    0.0000
506     A         B          266           PHE        98.61         656  0  0  8.892  1.039  1.039   0.1121    0.0000    0.0000    0.0000
507     A         B          267           TYR        98.94         656  0  0  8.892  1.039  1.039   0.1099    0.0000    0.0000    0.0000
508     A         B          268           GLN        98.83         656  0  0  8.892  1.039  1.039   0.1081    0.0000    0.0000    0.0000
509     A         B          269           ALA        98.53         656  0  0  8.892  1.039  1.039   0.1090    0.0000    0.0000    0.0000
510     A         B          270           SER        97.54         656  0  0  8.892  1.039  1.039   0.1080    0.0000    0.0000    0.0000
511     A         B          271           PHE        96.62         656  0  0  8.892  1.039  1.039   0.1093    0.0000    0.0000    0.0000
512     A         B          272           SER        95.81         656  0  0  8.892  1.039  1.039   0.1075    0.0000    0.0000    0.0000
513     A         B          273           TRP        95.66         656  0  0  8.892  1.039  1.039   0.1088    0.0000    0.0000    0.0000
514     A         B          274           ASP        97.08         656  0  0  8.892  1.039  1.039   0.1089    0.0000    0.0000    0.0000
515     A         B          275           THR        95.15         656  0  0  8.892  1.039  1.039   0.1094    0.0000    0.0000    0.0000
516     A         B          276           MET        96.07         656  0  0  8.892  1.039  1.039   0.1081    0.0000    0.0000    0.0000
517     A         B          277           ILE        98.69         656  0  0  8.892  1.039  1.039   0.1095    0.0000    0.0000    0.0000
518     A         B          278           LYS        98.36         656  0  0  8.892  1.039  1.039   0.1093    0.0000    0.0000    0.0000
519     A         B          279           PHE        98.60         656  0  0  8.892  1.039  1.039   0.1119    0.0000    0.0000    0.0000
520     A         B          280           GLY        97.39         656  0  0  8.892  1.039  1.039   0.1124    0.0000    0.0000    0.0000
521     A         B          281           ASP        94.32         656  0  0  8.892  1.039  1.039   0.1107    0.0000    0.0000    0.0000
522     A         B          282           VAL        96.10         656  0  0  8.892  1.039  1.039   0.1120    0.0000    0.0000    0.0000
523     A         B          283           LEU        88.98         656  0  0  8.892  1.039  1.039   0.1123    0.0000    0.0000    0.0000
524     A         B          284           THR        90.44         656  0  0  8.892  1.039  1.039   0.1096    0.0000    0.0000    0.0000
525     A         B          285           VAL        94.04         656  0  0  8.892  1.039  1.039   0.1130    0.0000    0.0000    0.0000
526     A         B          286           ASN        92.46         656  0  0  8.892  1.039  1.039   0.1110    0.0000    0.0000    0.0000
527     A         B          287           PRO        92.08         656  0  0  8.892  1.039  1.039   0.1117    0.0000    0.0000    0.0000
528     A         B          288           LEU        96.91         656  0  0  8.892  1.039  1.039   0.1136    0.0000    0.0000    0.0000
529     A         B          289           VAL        93.97         656  0  0  8.892  1.039  1.039   0.1113    0.0000    0.0000    0.0000
530     A         B          290           VAL        96.75         656  0  0  8.892  1.039  1.039   0.1112    0.0000    0.0000    0.0000
531     A         B          291           ASN        93.22         656  0  0  8.892  1.039  1.039   0.1098    0.0000    0.0000    0.0000
532     A         B          292           TRP        97.33         656  0  0  8.892  1.039  1.039   0.1111    0.0000    0.0000    0.0000
533     A         B          293           ARG        97.66         656  0  0  8.892  1.039  1.039   0.1096    0.0000    0.0000    0.0000
534     A         B          294           ASN        94.01         656  0  0  8.892  1.039  1.039   0.1085    0.0000    0.0000    0.0000
535     A         B          295           ASN        97.61         656  0  0  8.892  1.039  1.039   0.1094    0.0000    0.0000    0.0000
536     A         B          296           THR        93.49         656  0  0  8.892  1.039  1.039   0.1112    0.0000    0.0000    0.0000
537     A         B          297           VAL        96.05         656  0  0  8.892  1.039  1.039   0.1097    0.0000    0.0000    0.0000
538     A         B          298           ILE        98.15         656  0  0  8.892  1.039  1.039   0.1095    0.0000    0.0000    0.0000
539     A         B          299           SER        96.42         656  0  0  8.892  1.039  1.039   0.1091    0.0000    0.0000    0.0000
540     A         B          300           ARG        97.02         656  0  0  8.892  1.039  1.039   0.1106    0.0000    0.0000    0.0000
541     A         B          301           PRO        91.82         656  0  0  8.892  1.039  1.039   0.1108    0.0000    0.0000    0.0000
542     A         B          302           GLY        87.12         656  0  0  8.892  1.039  1.039   0.1106    0.0000    0.0000    0.0000
543     A         B          303           GLN        71.97         656  0  0  8.892  1.039  1.039   0.1103    0.0000    0.0000    0.0000
544     A         B          304           SER        67.37         656  0  0  8.892  1.039  1.039   0.1093    0.0000    0.0000    0.0000
545     A         B          305           GLN        74.05         656  0  0  8.892  1.039  1.039   0.1110    0.0000    0.0000    0.0000
546     A         B          306           CYS        89.03         656  0  0  8.892  1.039  1.039   0.1112    0.0000    0.0000    0.0000
547     A         B          307           PRO        84.94         656  0  0  8.892  1.039  1.039   0.1086    0.0000    0.0000    0.0000
548     A         B          308           ARG        89.62         656  0  0  8.892  1.039  1.039   0.1106    0.0000    0.0000    0.0000
549     A         B          309           PHE        88.84         656  0  0  8.892  1.039  1.039   0.1130    0.0000    0.0000    0.0000
550     A         B          310           ASN        87.43         656  0  0  8.892  1.039  1.039   0.1095    0.0000    0.0000    0.0000
551     A         B          311           THR        90.56         656  0  0  8.892  1.039  1.039   0.1089    0.0000    0.0000    0.0000
552     A         B          312           CYS        92.90         656  0  0  8.892  1.039  1.039   0.1107    0.0000    0.0000    0.0000
553     A         B          313           PRO        95.50         656  0  0  8.892  1.039  1.039   0.1089    0.0000    0.0000    0.0000
554     A         B          314           GLU        88.23         656  0  0  8.892  1.039  1.039   0.1088    0.0000    0.0000    0.0000
555     A         B          315           ILE        88.92         656  0  0  8.892  1.039  1.039   0.1091    0.0000    0.0000    0.0000
556     A         B          316           CYS        88.40         656  0  0  8.892  1.039  1.039   0.1079    0.0000    0.0000    0.0000
557     A         B          317           TRP        89.32         656  0  0  8.892  1.039  1.039   0.1085    0.0000    0.0000    0.0000
558     A         B          318           GLU        88.86         656  0  0  8.892  1.039  1.039   0.1115    0.0000    0.0000    0.0000
559     A         B          319           GLY        93.73         656  0  0  8.892  1.039  1.039   0.1084    0.0000    0.0000    0.0000
560     A         B          320           VAL        95.52         656  0  0  8.892  1.039  1.039   0.1096    0.0000    0.0000    0.0000
561     A         B          321           TYR        98.22         656  0  0  8.892  1.039  1.039   0.1084    0.0000    0.0000    0.0000
562     A         B          322           ASN        98.70         656  0  0  8.892  1.039  1.039   0.1076    0.0000    0.0000    0.0000
563     A         B          323           ASP        98.22         656  0  0  8.892  1.039  1.039   0.1102    0.0000    0.0000    0.0000
564     A         B          324           ALA        98.76         656  0  0  8.892  1.039  1.039   0.1083    0.0000    0.0000    0.0000
565     A         B          325           PHE        98.84         656  0  0  8.892  1.039  1.039   0.1107    0.0000    0.0000    0.0000
566     A         B          326           LEU        97.94         656  0  0  8.892  1.039  1.039   0.1104    0.0000    0.0000    0.0000
567     A         B          327           ILE        98.04         656  0  0  8.892  1.039  1.039   0.1107    0.0000    0.0000    0.0000
568     A         B          328           ASP        96.24         656  0  0  8.892  1.039  1.039   0.1096    0.0000    0.0000    0.0000
569     A         B          329           ARG        93.30         656  0  0  8.892  1.039  1.039   0.1076    0.0000    0.0000    0.0000
570     A         B          330           ILE        90.14         656  0  0  8.892  1.039  1.039   0.1090    0.0000    0.0000    0.0000
571     A         B          331           ASN        94.21         656  0  0  8.892  1.039  1.039   0.1098    0.0000    0.0000    0.0000
572     A         B          332           TRP        97.29         656  0  0  8.892  1.039  1.039   0.1107    0.0000    0.0000    0.0000
573     A         B          333           ILE        98.00         656  0  0  8.892  1.039  1.039   0.1109    0.0000    0.0000    0.0000
574     A         B          334           SER        98.79         656  0  0  8.892  1.039  1.039   0.1098    0.0000    0.0000    0.0000
575     A         B          335           ALA        98.85         656  0  0  8.892  1.039  1.039   0.1077    0.0000    0.0000    0.0000
576     A         B          336           GLY        98.94         656  0  0  8.892  1.039  1.039   0.1095    0.0000    0.0000    0.0000
577     A         B          337           VAL        98.86         656  0  0  8.892  1.039  1.039   0.1080    0.0000    0.0000    0.0000
578     A         B          338           PHE        98.24         656  0  0  8.892  1.039  1.039   0.1097    0.0000    0.0000    0.0000
579     A         B          339           LEU        95.82         656  0  0  8.892  1.039  1.039   0.1101    0.0000    0.0000    0.0000
580     A         B          340           ASP        91.66         656  0  0  8.892  1.039  1.039   0.1102    0.0000    0.0000    0.0000
581     A         B          341           SER        86.71         656  0  0  8.892  1.039  1.039   0.1108    0.0000    0.0000    0.0000
582     A         B          342           ASN        81.39         656  0  0  8.892  1.039  1.039   0.1115    0.0000    0.0000    0.0000
583     A         B          343           GLN        76.48         656  0  0  8.892  1.039  1.039   0.1107    0.0000    0.0000    0.0000
584     A         B          344           THR        81.31         656  0  0  8.892  1.039  1.039   0.1128    0.0000    0.0000    0.0000
585     A         B          345           ALA        88.81         656  0  0  8.892  1.039  1.039   0.1127    0.0000    0.0000    0.0000
586     A         B          346           GLU        84.83         656  0  0  8.892  1.039  1.039   0.1115    0.0000    0.0000    0.0000
587     A         B          347           ASN        92.66         656  0  0  8.892  1.039  1.039   0.1122    0.0000    0.0000    0.0000
588     A         B          348           PRO        96.40         656  0  0  8.892  1.039  1.039   0.1120    0.0000    0.0000    0.0000
589     A         B          349           VAL        97.21         656  0  0  8.892  1.039  1.039   0.1109    0.0000    0.0000    0.0000
590     A         B          350           PHE        98.72         656  0  0  8.892  1.039  1.039   0.1096    0.0000    0.0000    0.0000
591     A         B          351           THR        98.14         656  0  0  8.892  1.039  1.039   0.1101    0.0000    0.0000    0.0000
592     A         B          352           VAL        98.61         656  0  0  8.892  1.039  1.039   0.1094    0.0000    0.0000    0.0000
593     A         B          353           PHE        98.43         656  0  0  8.892  1.039  1.039   0.1105    0.0000    0.0000    0.0000
594     A         B          354           LYS        97.61         656  0  0  8.892  1.039  1.039   0.1102    0.0000    0.0000    0.0000
595     A         B          355           ASP        96.93         656  0  0  8.892  1.039  1.039   0.1107    0.0000    0.0000    0.0000
596     A         B          356           ASN        94.44         656  0  0  8.892  1.039  1.039   0.1102    0.0000    0.0000    0.0000
597     A         B          357           GLU        94.80         656  0  0  8.892  1.039  1.039   0.1106    0.0000    0.0000    0.0000
598     A         B          358           ILE        95.98         656  0  0  8.892  1.039  1.039   0.1123    0.0000    0.0000    0.0000
599     A         B          359           LEU        97.76         656  0  0  8.892  1.039  1.039   0.1105    0.0000    0.0000    0.0000
600     A         B          360           TYR        97.13         656  0  0  8.892  1.039  1.039   0.1084    0.0000    0.0000    0.0000
601     A         B          361           ARG        95.30         656  0  0  8.892  1.039  1.039   0.1092    0.0000    0.0000    0.0000
602     A         B          362           ALA        97.06         656  0  0  8.892  1.039  1.039   0.1105    0.0000    0.0000    0.0000
603     A         B          363           GLN        93.47         656  0  0  8.892  1.039  1.039   0.1092    0.0000    0.0000    0.0000
604     A         B          364           LEU        96.40         656  0  0  8.892  1.039  1.039   0.1107    0.0000    0.0000    0.0000
605     A         B          365           ALA        89.30         656  0  0  8.892  1.039  1.039   0.1110    0.0000    0.0000    0.0000
606     A         B          366           SER        80.88         656  0  0  8.892  1.039  1.039   0.1118    0.0000    0.0000    0.0000
607     A         B          367           GLU        78.95         656  0  0  8.892  1.039  1.039   0.1120    0.0000    0.0000    0.0000
608     A         B          368           ASP        73.32         656  0  0  8.892  1.039  1.039   0.1115    0.0000    0.0000    0.0000
609     A         B          369           THR        85.85         656  0  0  8.892  1.039  1.039   0.1103    0.0000    0.0000    0.0000
610     A         B          370           ASN        81.77         656  0  0  8.892  1.039  1.039   0.1093    0.0000    0.0000    0.0000
611     A         B          371           ALA        93.04         656  0  0  8.892  1.039  1.039   0.1107    0.0000    0.0000    0.0000
612     A         B          372           GLN        91.22         656  0  0  8.892  1.039  1.039   0.1092    0.0000    0.0000    0.0000
613     A         B          373           LYS        95.30         656  0  0  8.892  1.039  1.039   0.1112    0.0000    0.0000    0.0000
614     A         B          374           THR        98.40         656  0  0  8.892  1.039  1.039   0.1096    0.0000    0.0000    0.0000
615     A         B          375           ILE        98.78         656  0  0  8.892  1.039  1.039   0.1101    0.0000    0.0000    0.0000
616     A         B          376           THR        98.92         656  0  0  8.892  1.039  1.039   0.1089    0.0000    0.0000    0.0000
617     A         B          377           ASN        98.59         656  0  0  8.892  1.039  1.039   0.1093    0.0000    0.0000    0.0000
618     A         B          378           CYS        98.57         656  0  0  8.892  1.039  1.039   0.1103    0.0000    0.0000    0.0000
619     A         B          379           PHE        97.12         656  0  0  8.892  1.039  1.039   0.1094    0.0000    0.0000    0.0000
620     A         B          380           LEU        94.44         656  0  0  8.892  1.039  1.039   0.1085    0.0000    0.0000    0.0000
621     A         B          381           LEU        91.16         656  0  0  8.892  1.039  1.039   0.1085    0.0000    0.0000    0.0000
622     A         B          382           LYS        84.39         656  0  0  8.892  1.039  1.039   0.1064    0.0000    0.0000    0.0000
623     A         B          383           ASN        89.54         656  0  0  8.892  1.039  1.039   0.1058    0.0000    0.0000    0.0000
624     A         B          384           LYS        93.57         656  0  0  8.892  1.039  1.039   0.1094    0.0000    0.0000    0.0000
625     A         B          385           ILE        97.09         656  0  0  8.892  1.039  1.039   0.1093    0.0000    0.0000    0.0000
626     A         B          386           TRP        97.24         656  0  0  8.892  1.039  1.039   0.1090    0.0000    0.0000    0.0000
627     A         B          387           CYS        98.70         656  0  0  8.892  1.039  1.039   0.1089    0.0000    0.0000    0.0000
628     A         B          388           ILE        97.18         656  0  0  8.892  1.039  1.039   0.1094    0.0000    0.0000    0.0000
629     A         B          389           SER        98.46         656  0  0  8.892  1.039  1.039   0.1076    0.0000    0.0000    0.0000
630     A         B          390           LEU        96.64         656  0  0  8.892  1.039  1.039   0.1105    0.0000    0.0000    0.0000
631     A         B          391           VAL        96.64         656  0  0  8.892  1.039  1.039   0.1091    0.0000    0.0000    0.0000
632     A         B          392           GLU        92.11         656  0  0  8.892  1.039  1.039   0.1118    0.0000    0.0000    0.0000
633     A         B          393           ILE        90.36         656  0  0  8.892  1.039  1.039   0.1098    0.0000    0.0000    0.0000
634     A         B          394           TYR        77.61         656  0  0  8.892  1.039  1.039   0.1091    0.0000    0.0000    0.0000
635     A         B          395           ASP        64.73         656  0  0  8.892  1.039  1.039   0.1085    0.0000    0.0000    0.0000
636     A         B          396           THR        54.34         656  0  0  8.892  1.039  1.039   0.1049    0.0000    0.0000    0.0000
637     A         B          397           GLY        54.16         656  0  0  8.892  1.039  1.039   0.1037    0.0000    0.0000    0.0000
638     A         B          398           ASP        55.43         656  0  0  8.892  1.039  1.039   0.1060    0.0000    0.0000    0.0000
639     A         B          399           ASN        62.14         656  0  0  8.892  1.039  1.039   0.1082    0.0000    0.0000    0.0000
640     A         B          400           VAL        70.52         656  0  0  8.892  1.039  1.039   0.1098    0.0000    0.0000    0.0000
641     A         B          401           ILE        75.69         656  0  0  8.892  1.039  1.039   0.1098    0.0000    0.0000    0.0000
642     A         B          402           ARG        82.34         656  0  0  8.892  1.039  1.039   0.1082    0.0000    0.0000    0.0000
643     A         B          403           PRO        90.54         656  0  0  8.892  1.039  1.039   0.1110    0.0000    0.0000    0.0000
644     A         B          404           LYS        91.59         656  0  0  8.892  1.039  1.039   0.1092    0.0000    0.0000    0.0000
645     A         B          405           LEU        93.85         656  0  0  8.892  1.039  1.039   0.1096    0.0000    0.0000    0.0000
646     A         B          406           PHE        97.09         656  0  0  8.892  1.039  1.039   0.1081    0.0000    0.0000    0.0000
647     A         B          407           ALA        95.89         656  0  0  8.892  1.039  1.039   0.1086    0.0000    0.0000    0.0000
648     A         B          408           VAL        98.32         656  0  0  8.892  1.039  1.039   0.1075    0.0000    0.0000    0.0000
649     A         B          409           LYS        96.74         656  0  0  8.892  1.039  1.039   0.1097    0.0000    0.0000    0.0000
650     A         B          410           ILE        97.97         656  0  0  8.892  1.039  1.039   0.1089    0.0000    0.0000    0.0000
651     A         B          411           PRO        95.19         656  0  0  8.892  1.039  1.039   0.1085    0.0000    0.0000    0.0000
652     A         B          412           GLU        91.08         656  0  0  8.892  1.039  1.039   0.1034    0.0000    0.0000    0.0000
653     A         B          413           GLN        89.07         656  0  0  8.892  1.039  1.039   0.0960    0.0000    0.0000    0.0000
654     A         B          414           CYS        91.16         656  0  0  8.892  1.039  1.039   0.0977    0.0000    0.0000    0.0000
655     A         B          415           THR        80.37         656  0  0  8.892  1.039  1.039   0.0894    0.0000    0.0000    0.0000
656     A         B          416           HIS        65.02         656  0  0  8.892  1.039  1.039   0.0850    0.0000    0.0000    0.0000
1       B         A            1           GLN        76.71         656  193  0  8.892  5.175  1.039   0.0976    0.0000    0.0000    0.0000
2       B         A            2           VAL        88.27         656  193  0  8.892  5.175  1.039   0.1337    0.0000    0.0000    0.0000
3       B         A            3           GLN        95.48         656  193  0  8.892  5.175  1.039   0.1370    0.0000    0.0000    0.0000
4       B         A            4           LEU        97.46         656  193  7  8.892  5.175  1.039   0.1435    0.2681    0.1104    0.0050
5       B         A            5           VAL        97.99         656  193  9  8.892  5.175  1.039   0.1466    0.2700    0.1114    0.0050
6       B         A            6           GLU        98.10         656  193  6  8.892  5.175  1.039   0.1432    0.2672    0.1100    0.0050
7       B         A            7           SER        97.98         656  193  4  8.892  5.175  1.039   0.1427    0.2674    0.1100    0.0050
8       B         A            8           GLY        98.55         656  193  0  8.892  5.175  1.039   0.1365    0.0000    0.0000    0.0000
9       B         A            9           GLY        97.11         656  193  0  8.892  5.175  1.039   0.1323    0.0000    0.0000    0.0000
10      B         A           10           GLY        94.56         656  193  0  8.892  5.175  1.039   0.1330    0.0000    0.0000    0.0000
11      B         A           11           VAL        91.08         656  193  0  8.892  5.175  1.039   0.1389    0.0000    0.0000    0.0000
12      B         A           12           VAL        93.30         656  193  0  8.892  5.175  1.039   0.1349    0.0000    0.0000    0.0000
13      B         A           13           GLN        90.84         656  193  0  8.892  5.175  1.039   0.1366    0.0000    0.0000    0.0000
14      B         A           14           PRO        90.84         656  193  1  8.892  5.175  1.039   0.1410    0.2632    0.1080    0.0049
15      B         A           15           GLY        93.73         656  193  0  8.892  5.175  1.039   0.1413    0.0000    0.0000    0.0000
16      B         A           16           LYS        94.55         656  193  0  8.892  5.175  1.039   0.1411    0.0000    0.0000    0.0000
17      B         A           17           SER        97.51         656  193  3  8.892  5.175  1.039   0.1409    0.2631    0.1079    0.0049
18      B         A           18           LEU        97.71         656  193  0  8.892  5.175  1.039   0.1425    0.0000    0.0000    0.0000
19      B         A           19           ARG        98.61         656  193  7  8.892  5.175  1.039   0.1443    0.2711    0.1119    0.0051
20      B         A           20           LEU        98.95         656  193  12  8.892  5.175  1.039   0.1470    0.2731    0.1130    0.0051
21      B         A           21           SER        98.52         656  193  12  8.892  5.175  1.039   0.1461    0.2727    0.1128    0.0051
22      B         A           22           CYS        98.73         656  193  9  8.892  5.175  1.039   0.1462    0.2721    0.1124    0.0051
23      B         A           23           ALA        98.60         656  193  13  8.892  5.175  1.039   0.1487    0.2789    0.1159    0.0053
24      B         A           24           ALA        97.21         656  193  7  8.892  5.175  1.039   0.1420    0.2685    0.1106    0.0050
25      B         A           25           SER        97.27         656  193  9  8.892  5.175  1.039   0.1451    0.2729    0.1128    0.0051
26      B         A           26           GLY        93.85         656  193  9  8.892  5.175  1.039   0.1442    0.2692    0.1110    0.0050
27      B         A           27           PHE        86.66         656  193  9  8.892  5.175  1.039   0.1423    0.2726    0.1127    0.0051
28      B         A           28           THR        76.68         656  193  13  8.892  5.175  1.039   0.1451    0.2814    0.1172    0.0053
29      B         A           29           PHE        93.19         656  193  10  8.892  5.175  1.039   0.1446    0.2750    0.1139    0.0052
30      B         A           30           SER        81.01         656  193  8  8.892  5.175  1.039   0.1418    0.2775    0.1152    0.0052
31      B         A           31           SER        66.40         656  193  8  8.892  5.175  1.039   0.1383    0.2698    0.1113    0.0050
32      B         A           32           TYR        77.71         656  193  10  8.892  5.175  1.039   0.1409    0.2763    0.1146    0.0052
33      B         A           33           ALA        76.30         656  193  7  8.892  5.175  1.039   0.1399    0.2691    0.1109    0.0050
34      B         A           34           MET        90.84         656  193  9  8.892  5.175  1.039   0.1427    0.2699    0.1113    0.0050
35      B         A           35           SER        89.50         656  193  7  8.892  5.175  1.039   0.1438    0.2705    0.1116    0.0050
36      B         A           36           TRP        98.49         656  193  9  8.892  5.175  1.039   0.1457    0.2721    0.1124    0.0051
37      B         A           37           VAL        96.76         656  193  10  8.892  5.175  1.039   0.1462    0.2706    0.1116    0.0050
38      B         A           38           ARG        97.05         656  193  9  8.892  5.175  1.039   0.1455    0.2696    0.1111    0.0050
39      B         A           39           GLN        96.51         656  193  9  8.892  5.175  1.039   0.1469    0.2705    0.1116    0.0050
40      B         A           40           ALA        93.37         656  193  9  8.892  5.175  1.039   0.1478    0.2720    0.1124    0.0051
41      B         A           41           PRO        88.88         656  193  0  8.892  5.175  1.039   0.1393    0.0000    0.0000    0.0000
42      B         A           42           GLY        91.01         656  193  0  8.892  5.175  1.039   0.1352    0.0000    0.0000    0.0000
43      B         A           43           LYS        91.50         656  193  2  8.892  5.175  1.039   0.1414    0.2654    0.1090    0.0049
44      B         A           44           GLY        95.21         656  193  8  8.892  5.175  1.039   0.1452    0.2665    0.1096    0.0049
45      B         A           45           PRO        96.47         656  193  9  8.892  5.175  1.039   0.1451    0.2691    0.1109    0.0050
46      B         A           46           GLU        93.79         656  193  8  8.892  5.175  1.039   0.1440    0.2677    0.1102    0.0050
47      B         A           47           TRP        92.83         656  193  6  8.892  5.175  1.039   0.1402    0.2672    0.1099    0.0050
48      B         A           48           VAL        97.06         656  193  6  8.892  5.175  1.039   0.1437    0.2677    0.1102    0.0050
49      B         A           49           ALA        94.65         656  193  7  8.892  5.175  1.039   0.1415    0.2682    0.1105    0.0050
50      B         A           50           PHE        82.48         656  193  10  8.892  5.175  1.039   0.1434    0.2735    0.1132    0.0051
51      B         A           51           ILE        87.01         656  193  10  8.892  5.175  1.039   0.1426    0.2720    0.1124    0.0051
52      B         A           52           SER        69.72         656  193  2  8.892  5.175  1.039   0.1374    0.2683    0.1105    0.0050
53      B         A           53           TYR        68.41         656  193  9  8.892  5.175  1.039   0.1408    0.2786    0.1158    0.0052
54      B         A           54           ASP        63.44         656  193  2  8.892  5.175  1.039   0.1370    0.2636    0.1081    0.0049
55      B         A           55           GLY        79.82         656  193  1  8.892  5.175  1.039   0.1360    0.2635    0.1081    0.0049
56      B         A           56           SER        61.76         656  193  1  8.892  5.175  1.039   0.1340    0.2601    0.1064    0.0048
57      B         A           57           ASN        64.15         656  193  1  8.892  5.175  1.039   0.1334    0.2661    0.1094    0.0049
58      B         A           58           ASN        79.65         656  193  0  8.892  5.175  1.039   0.1323    0.0000    0.0000    0.0000
59      B         A           59           TYR        77.66         656  193  6  8.892  5.175  1.039   0.1380    0.2698    0.1113    0.0050
60      B         A           60           TYR        89.53         656  193  5  8.892  5.175  1.039   0.1399    0.2738    0.1133    0.0051
61      B         A           61           ALA        91.08         656  193  6  8.892  5.175  1.039   0.1412    0.2697    0.1112    0.0050
62      B         A           62           ASP        83.60         656  193  4  8.892  5.175  1.039   0.1393    0.2658    0.1093    0.0049
63      B         A           63           SER        87.80         656  193  3  8.892  5.175  1.039   0.1401    0.2654    0.1090    0.0049
64      B         A           64           VAL        95.51         656  193  2  8.892  5.175  1.039   0.1393    0.2659    0.1093    0.0049
65      B         A           65           LYS        85.45         656  193  0  8.892  5.175  1.039   0.1347    0.0000    0.0000    0.0000
66      B         A           66           GLY        93.89         656  193  5  8.892  5.175  1.039   0.1394    0.2724    0.1126    0.0051
67      B         A           67           ARG        96.30         656  193  4  8.892  5.175  1.039   0.1421    0.2703    0.1115    0.0050
68      B         A           68           PHE        98.08         656  193  7  8.892  5.175  1.039   0.1435    0.2687    0.1107    0.0050
69      B         A           69           THR        97.86         656  193  12  8.892  5.175  1.039   0.1448    0.2793    0.1161    0.0053
70      B         A           70           ILE        95.92         656  193  12  8.892  5.175  1.039   0.1431    0.2722    0.1125    0.0051
71      B         A           71           SER        97.46         656  193  12  8.892  5.175  1.039   0.1446    0.2779    0.1154    0.0052
72      B         A           72           ARG        93.98         656  193  10  8.892  5.175  1.039   0.1424    0.2732    0.1130    0.0051
73      B         A           73           ASP        98.15         656  193  11  8.892  5.175  1.039   0.1458    0.2753    0.1141    0.0052
74      B         A           74           ASN        91.96         656  193  9  8.892  5.175  1.039   0.1414    0.2756    0.1142    0.0052
75      B         A           75           PRO        96.30         656  193  11  8.892  5.175  1.039   0.1432    0.2777    0.1153    0.0052
76      B         A           76           LYS        97.86         656  193  7  8.892  5.175  1.039   0.1443    0.2710    0.1119    0.0051
77      B         A           77           ASN        97.63         656  193  13  8.892  5.175  1.039   0.1453    0.2769    0.1149    0.0052
78      B         A           78           THR        98.61         656  193  13  8.892  5.175  1.039   0.1475    0.2766    0.1147    0.0052
79      B         A           79           LEU        98.56         656  193  12  8.892  5.175  1.039   0.1446    0.2729    0.1129    0.0051
80      B         A           80           TYR        98.88         656  193  12  8.892  5.175  1.039   0.1463    0.2756    0.1142    0.0052
81      B         A           81           LEU        98.92         656  193  9  8.892  5.175  1.039   0.1462    0.2753    0.1141    0.0052
82      B         A           82           GLN        98.62         656  193  10  8.892  5.175  1.039   0.1450    0.2736    0.1132    0.0051
83      B         A           83           MET        98.71         656  193  5  8.892  5.175  1.039   0.1432    0.2663    0.1095    0.0049
84      B         A           84           LYS        97.09         656  193  4  8.892  5.175  1.039   0.1418    0.2666    0.1096    0.0049
85      B         A           85           SER        96.12         656  193  4  8.892  5.175  1.039   0.1417    0.2649    0.1088    0.0049
86      B         A           86           LEU        95.92         656  193  4  8.892  5.175  1.039   0.1418    0.2634    0.1081    0.0049
87      B         A           87           ARG        88.77         656  193  0  8.892  5.175  1.039   0.1389    0.0000    0.0000    0.0000
88      B         A           88           ALA        87.96         656  193  1  8.892  5.175  1.039   0.1413    0.2637    0.1082    0.0049
89      B         A           89           GLU        88.50         656  193  2  8.892  5.175  1.039   0.1419    0.2643    0.1085    0.0049
90      B         A           90           ASP        95.73         656  193  5  8.892  5.175  1.039   0.1438    0.2705    0.1116    0.0050
91      B         A           91           THR        93.11         656  193  9  8.892  5.175  1.039   0.1462    0.2672    0.1099    0.0050
92      B         A           92           ALA        96.31         656  193  5  8.892  5.175  1.039   0.1455    0.2675    0.1101    0.0050
93      B         A           93           VAL        97.52         656  193  9  8.892  5.175  1.039   0.1482    0.2742    0.1135    0.0051
94      B         A           94           TYR        98.78         656  193  8  8.892  5.175  1.039   0.1494    0.2737    0.1132    0.0051
95      B         A           95           TYR        98.25         656  193  8  8.892  5.175  1.039   0.1477    0.2716    0.1122    0.0051
96      B         A           96           CYS        96.73         656  193  6  8.892  5.175  1.039   0.1443    0.2687    0.1107    0.0050
97      B         A           97           ALA        93.21         656  193  5  8.892  5.175  1.039   0.1428    0.2675    0.1101    0.0050
98      B         A           98           ARG        86.09         656  193  3  8.892  5.175  1.039   0.1389    0.2680    0.1104    0.0050
99      B         A           99           TRP        71.43         656  193  0  8.892  5.175  1.039   0.1323    0.0000    0.0000    0.0000
100     B         A          100           ARG        51.92         656  193  0  8.892  5.175  1.039   0.1226    0.0000    0.0000    0.0000
101     B         A          101           GLN        43.49         656  193  0  8.892  5.175  1.039   0.1219    0.0000    0.0000    0.0000
102     B         A          102           ARG        42.77         656  193  0  8.892  5.175  1.039   0.1213    0.0000    0.0000    0.0000
103     B         A          103           PHE        47.63         656  193  0  8.892  5.175  1.039   0.1215    0.0000    0.0000    0.0000
104     B         A          104           ASP        54.92         656  193  0  8.892  5.175  1.039   0.1248    0.0000    0.0000    0.0000
105     B         A          105           MET        74.41         656  193  0  8.892  5.175  1.039   0.1317    0.0000    0.0000    0.0000
106     B         A          106           TYR        87.60         656  193  1  8.892  5.175  1.039   0.1392    0.2600    0.1064    0.0048
107     B         A          107           TRP        93.83         656  193  2  8.892  5.175  1.039   0.1424    0.2622    0.1074    0.0048
108     B         A          108           GLY        96.93         656  193  3  8.892  5.175  1.039   0.1418    0.2677    0.1102    0.0050
109     B         A          109           ARG        92.17         656  193  0  8.892  5.175  1.039   0.1367    0.0000    0.0000    0.0000
110     B         A          110           GLY        97.82         656  193  0  8.892  5.175  1.039   0.1381    0.0000    0.0000    0.0000
111     B         A          111           THR        97.93         656  193  5  8.892  5.175  1.039   0.1442    0.2655    0.1091    0.0049
112     B         A          112           LEU        95.94         656  193  6  8.892  5.175  1.039   0.1446    0.2677    0.1102    0.0050
113     B         A          113           VAL        97.30         656  193  6  8.892  5.175  1.039   0.1446    0.2691    0.1109    0.0050
114     B         A          114           THR        92.61         656  193  2  8.892  5.175  1.039   0.1434    0.2667    0.1097    0.0049
115     B         A          115           VAL        92.38         656  193  0  8.892  5.175  1.039   0.1373    0.0000    0.0000    0.0000
116     B         A          116           SER        81.12         656  193  0  8.892  5.175  1.039   0.1114    0.0000    0.0000    0.0000
117     B         A          117           SER        70.71         656  193  0  8.892  5.175  1.039   0.0956    0.0000    0.0000    0.0000
118     B         A          118           GLY        62.05         656  193  0  8.892  5.175  1.039   0.0823    0.0000    0.0000    0.0000
119     B         A          119           GLY        47.13         656  193  0  8.892  5.175  1.039   0.0785    0.0000    0.0000    0.0000
120     B         A          120           GLY        46.83         656  193  0  8.892  5.175  1.039   0.0782    0.0000    0.0000    0.0000
121     B         A          121           SER        42.69         656  193  0  8.892  5.175  1.039   0.0784    0.0000    0.0000    0.0000
122     B         A          122           GLY        42.54         656  193  0  8.892  5.175  1.039   0.0787    0.0000    0.0000    0.0000
123     B         A          123           GLY        43.39         656  193  0  8.892  5.175  1.039   0.0791    0.0000    0.0000    0.0000
124     B         A          124           GLY        43.52         656  193  0  8.892  5.175  1.039   0.0799    0.0000    0.0000    0.0000
125     B         A          125           SER        41.66         656  193  0  8.892  5.175  1.039   0.0805    0.0000    0.0000    0.0000
126     B         A          126           GLY        42.52         656  193  0  8.892  5.175  1.039   0.0813    0.0000    0.0000    0.0000
127     B         A          127           GLY        41.08         656  193  0  8.892  5.175  1.039   0.0822    0.0000    0.0000    0.0000
128     B         A          128           GLY        41.10         656  193  0  8.892  5.175  1.039   0.0827    0.0000    0.0000    0.0000
129     B         A          129           SER        38.81         656  193  0  8.892  5.175  1.039   0.0831    0.0000    0.0000    0.0000
130     B         A          130           GLY        43.20         656  193  0  8.892  5.175  1.039   0.0845    0.0000    0.0000    0.0000
131     B         A          131           GLY        40.36         656  193  0  8.892  5.175  1.039   0.0874    0.0000    0.0000    0.0000
132     B         A          132           GLY        47.28         656  193  0  8.892  5.175  1.039   0.0931    0.0000    0.0000    0.0000
133     B         A          133           SER        53.60         656  193  0  8.892  5.175  1.039   0.1025    0.0000    0.0000    0.0000
134     B         A          134           ASP        81.14         656  193  0  8.892  5.175  1.039   0.1192    0.0000    0.0000    0.0000
135     B         A          135           ILE        87.80         656  193  1  8.892  5.175  1.039   0.1374    0.2670    0.1098    0.0049
136     B         A          136           GLN        91.05         656  193  2  8.892  5.175  1.039   0.1403    0.2666    0.1097    0.0049
137     B         A          137           MET        96.44         656  193  4  8.892  5.175  1.039   0.1401    0.2674    0.1100    0.0050
138     B         A          138           THR        97.52         656  193  10  8.892  5.175  1.039   0.1455    0.2695    0.1111    0.0050
139     B         A          139           GLN        98.48         656  193  4  8.892  5.175  1.039   0.1416    0.2665    0.1096    0.0049
140     B         A          140           SER        97.48         656  193  0  8.892  5.175  1.039   0.1388    0.0000    0.0000    0.0000
141     B         A          141           PRO        97.61         656  193  0  8.892  5.175  1.039   0.1379    0.0000    0.0000    0.0000
142     B         A          142           SER        95.73         656  193  0  8.892  5.175  1.039   0.1389    0.0000    0.0000    0.0000
143     B         A          143           SER        96.05         656  193  0  8.892  5.175  1.039   0.1362    0.0000    0.0000    0.0000
144     B         A          144           LEU        92.94         656  193  0  8.892  5.175  1.039   0.1290    0.0000    0.0000    0.0000
145     B         A          145           SER        95.98         656  193  0  8.892  5.175  1.039   0.1352    0.0000    0.0000    0.0000
146     B         A          146           ALA        96.37         656  193  0  8.892  5.175  1.039   0.1367    0.0000    0.0000    0.0000
147     B         A          147           SER        96.49         656  193  0  8.892  5.175  1.039   0.1382    0.0000    0.0000    0.0000
148     B         A          148           VAL        96.38         656  193  2  8.892  5.175  1.039   0.1432    0.2624    0.1076    0.0048
149     B         A          149           GLY        97.31         656  193  1  8.892  5.175  1.039   0.1432    0.2609    0.1068    0.0048
150     B         A          150           ASP        96.40         656  193  4  8.892  5.175  1.039   0.1442    0.2660    0.1094    0.0049
151     B         A          151           ARG        97.65         656  193  10  8.892  5.175  1.039   0.1446    0.2725    0.1126    0.0051
152     B         A          152           VAL        96.03         656  193  6  8.892  5.175  1.039   0.1444    0.2649    0.1088    0.0049
153     B         A          153           THR        97.70         656  193  12  8.892  5.175  1.039   0.1463    0.2742    0.1135    0.0051
154     B         A          154           ILE        98.57         656  193  12  8.892  5.175  1.039   0.1471    0.2731    0.1129    0.0051
155     B         A          155           THR        98.52         656  193  12  8.892  5.175  1.039   0.1464    0.2743    0.1136    0.0051
156     B         A          156           CYS        98.56         656  193  9  8.892  5.175  1.039   0.1440    0.2715    0.1121    0.0051
157     B         A          157           ARG        98.05         656  193  10  8.892  5.175  1.039   0.1437    0.2726    0.1127    0.0051
158     B         A          158           ALA        94.07         656  193  7  8.892  5.175  1.039   0.1400    0.2711    0.1119    0.0051
159     B         A          159           SER        89.76         656  193  6  8.892  5.175  1.039   0.1418    0.2687    0.1107    0.0050
160     B         A          160           GLN        77.86         656  193  2  8.892  5.175  1.039   0.1364    0.2625    0.1076    0.0048
161     B         A          161           SER        75.91         656  193  5  8.892  5.175  1.039   0.1389    0.2692    0.1109    0.0050
162     B         A          162           ILE        81.90         656  193  7  8.892  5.175  1.039   0.1408    0.2685    0.1106    0.0050
163     B         A          163           SER        63.71         656  193  3  8.892  5.175  1.039   0.1373    0.2647    0.1087    0.0049
164     B         A          164           SER        69.50         656  193  3  8.892  5.175  1.039   0.1370    0.2655    0.1091    0.0049
165     B         A          165           TYR        73.18         656  193  15  8.892  5.175  1.039   0.1470    0.2830    0.1181    0.0054
166     B         A          166           LEU        90.61         656  193  13  8.892  5.175  1.039   0.1466    0.2798    0.1164    0.0053
167     B         A          167           ASN        90.00         656  193  10  8.892  5.175  1.039   0.1428    0.2729    0.1128    0.0051
168     B         A          168           TRP        97.79         656  193  14  8.892  5.175  1.039   0.1499    0.2862    0.1197    0.0055
169     B         A          169           TYR        97.21         656  193  13  8.892  5.175  1.039   0.1505    0.2823    0.1176    0.0053
170     B         A          170           GLN        98.16         656  193  14  8.892  5.175  1.039   0.1494    0.2828    0.1179    0.0054
171     B         A          171           GLN        98.05         656  193  12  8.892  5.175  1.039   0.1486    0.2743    0.1136    0.0051
172     B         A          172           LYS        96.57         656  193  11  8.892  5.175  1.039   0.1483    0.2716    0.1122    0.0051
173     B         A          173           PRO        93.21         656  193  0  8.892  5.175  1.039   0.1380    0.0000    0.0000    0.0000
174     B         A          174           GLY        93.83         656  193  0  8.892  5.175  1.039   0.1383    0.0000    0.0000    0.0000
175     B         A          175           LYS        95.58         656  193  8  8.892  5.175  1.039   0.1454    0.2661    0.1094    0.0049
176     B         A          176           ALA        95.65         656  193  13  8.892  5.175  1.039   0.1495    0.2784    0.1156    0.0052
177     B         A          177           PRO        95.92         656  193  10  8.892  5.175  1.039   0.1457    0.2708    0.1118    0.0050
178     B         A          178           LYS        94.14         656  193  10  8.892  5.175  1.039   0.1453    0.2715    0.1121    0.0051
179     B         A          179           LEU        91.10         656  193  12  8.892  5.175  1.039   0.1444    0.2756    0.1142    0.0052
180     B         A          180           LEU        96.58         656  193  13  8.892  5.175  1.039   0.1476    0.2784    0.1156    0.0052
181     B         A          181           ILE        93.46         656  193  13  8.892  5.175  1.039   0.1476    0.2879    0.1205    0.0055
182     B         A          182           TYR        80.31         656  193  13  8.892  5.175  1.039   0.1444    0.2779    0.1154    0.0052
183     B         A          183           ALA        68.64         656  193  5  8.892  5.175  1.039   0.1390    0.2696    0.1112    0.0050
184     B         A          184           ALA        83.95         656  193  7  8.892  5.175  1.039   0.1408    0.2705    0.1116    0.0050
185     B         A          185           SER        82.42         656  193  10  8.892  5.175  1.039   0.1417    0.2749    0.1139    0.0052
186     B         A          186           SER        70.76         656  193  10  8.892  5.175  1.039   0.1408    0.2716    0.1122    0.0051
187     B         A          187           LEU        87.06         656  193  13  8.892  5.175  1.039   0.1445    0.2761    0.1145    0.0052
188     B         A          188           GLN        87.13         656  193  7  8.892  5.175  1.039   0.1419    0.2736    0.1132    0.0051
189     B         A          189           SER        74.90         656  193  7  8.892  5.175  1.039   0.1406    0.2681    0.1104    0.0050
190     B         A          190           GLY        89.03         656  193  3  8.892  5.175  1.039   0.1398    0.2622    0.1075    0.0048
191     B         A          191           VAL        93.97         656  193  11  8.892  5.175  1.039   0.1445    0.2713    0.1120    0.0051
192     B         A          192           PRO        96.88         656  193  5  8.892  5.175  1.039   0.1419    0.2650    0.1088    0.0049
193     B         A          193           SER        93.94         656  193  5  8.892  5.175  1.039   0.1404    0.2659    0.1093    0.0049
194     B         A          194           ARG        97.55         656  193  8  8.892  5.175  1.039   0.1444    0.2687    0.1107    0.0050
195     B         A          195           PHE        98.36         656  193  11  8.892  5.175  1.039   0.1457    0.2746    0.1137    0.0051
196     B         A          196           SER        96.70         656  193  13  8.892  5.175  1.039   0.1453    0.2782    0.1155    0.0052
197     B         A          197           GLY        96.48         656  193  8  8.892  5.175  1.039   0.1415    0.2682    0.1105    0.0050
198     B         A          198           SER        95.00         656  193  10  8.892  5.175  1.039   0.1430    0.2706    0.1117    0.0050
199     B         A          199           GLY        91.32         656  193  1  8.892  5.175  1.039   0.1364    0.2650    0.1089    0.0049
200     B         A          200           SER        77.50         656  193  0  8.892  5.175  1.039   0.1315    0.0000    0.0000    0.0000
201     B         A          201           GLY        81.88         656  193  0  8.892  5.175  1.039   0.1338    0.0000    0.0000    0.0000
202     B         A          202           THR        91.57         656  193  3  8.892  5.175  1.039   0.1387    0.2670    0.1099    0.0049
203     B         A          203           ASP        96.36         656  193  7  8.892  5.175  1.039   0.1412    0.2687    0.1107    0.0050
204     B         A          204           PHE        97.54         656  193  10  8.892  5.175  1.039   0.1426    0.2729    0.1128    0.0051
205     B         A          205           THR        98.14         656  193  10  8.892  5.175  1.039   0.1455    0.2759    0.1143    0.0052
206     B         A          206           LEU        98.83         656  193  11  8.892  5.175  1.039   0.1459    0.2752    0.1140    0.0052
207     B         A          207           THR        98.48         656  193  13  8.892  5.175  1.039   0.1481    0.2826    0.1178    0.0054
208     B         A          208           ILE        98.24         656  193  13  8.892  5.175  1.039   0.1485    0.2805    0.1167    0.0053
209     B         A          209           SER        97.25         656  193  11  8.892  5.175  1.039   0.1448    0.2747    0.1137    0.0051
210     B         A          210           SER        97.23         656  193  3  8.892  5.175  1.039   0.1429    0.2685    0.1106    0.0050
211     B         A          211           LEU        97.07         656  193  3  8.892  5.175  1.039   0.1432    0.2647    0.1087    0.0049
212     B         A          212           GLN        97.44         656  193  5  8.892  5.175  1.039   0.1436    0.2659    0.1093    0.0049
213     B         A          213           PRO        95.98         656  193  0  8.892  5.175  1.039   0.1410    0.0000    0.0000    0.0000
214     B         A          214           GLU        95.80         656  193  4  8.892  5.175  1.039   0.1426    0.2653    0.1090    0.0049
215     B         A          215           ASP        97.66         656  193  8  8.892  5.175  1.039   0.1446    0.2692    0.1110    0.0050
216     B         A          216           PHE        96.11         656  193  3  8.892  5.175  1.039   0.1457    0.2648    0.1087    0.0049
217     B         A          217           ALA        98.12         656  193  11  8.892  5.175  1.039   0.1491    0.2741    0.1135    0.0051
218     B         A          218           THR        98.28         656  193  13  8.892  5.175  1.039   0.1507    0.2786    0.1158    0.0052
219     B         A          219           TYR        98.90         656  193  13  8.892  5.175  1.039   0.1500    0.2804    0.1166    0.0053
220     B         A          220           TYR        98.49         656  193  13  8.892  5.175  1.039   0.1503    0.2787    0.1158    0.0053
221     B         A          221           CYS        98.44         656  193  13  8.892  5.175  1.039   0.1480    0.2810    0.1170    0.0053
222     B         A          222           GLN        94.43         656  193  10  8.892  5.175  1.039   0.1457    0.2730    0.1129    0.0051
223     B         A          223           GLN        89.87         656  193  9  8.892  5.175  1.039   0.1439    0.2769    0.1149    0.0052
224     B         A          224           SER        77.56         656  193  6  8.892  5.175  1.039   0.1438    0.2731    0.1129    0.0051
225     B         A          225           TYR        72.06         656  193  8  8.892  5.175  1.039   0.1437    0.2802    0.1166    0.0053
226     B         A          226           SER        67.11         656  193  0  8.892  5.175  1.039   0.1348    0.0000    0.0000    0.0000
227     B         A          227           THR        71.59         656  193  0  8.892  5.175  1.039   0.1339    0.0000    0.0000    0.0000
228     B         A          228           PRO        82.49         656  193  2  8.892  5.175  1.039   0.1372    0.2621    0.1074    0.0048
229     B         A          229           TYR        85.29         656  193  10  8.892  5.175  1.039   0.1452    0.2694    0.1111    0.0050
230     B         A          230           THR        92.93         656  193  7  8.892  5.175  1.039   0.1435    0.2712    0.1120    0.0051
231     B         A          231           PHE        96.90         656  193  11  8.892  5.175  1.039   0.1502    0.2756    0.1142    0.0052
232     B         A          232           GLY        97.59         656  193  10  8.892  5.175  1.039   0.1465    0.2769    0.1149    0.0052
233     B         A          233           GLN        96.07         656  193  8  8.892  5.175  1.039   0.1438    0.2665    0.1096    0.0049
234     B         A          234           GLY        98.44         656  193  6  8.892  5.175  1.039   0.1440    0.2656    0.1092    0.0049
235     B         A          235           THR        98.52         656  193  11  8.892  5.175  1.039   0.1479    0.2772    0.1150    0.0052
236     B         A          236           LYS        97.37         656  193  8  8.892  5.175  1.039   0.1473    0.2680    0.1104    0.0050
237     B         A          237           VAL        97.85         656  193  7  8.892  5.175  1.039   0.1459    0.2666    0.1097    0.0049
238     B         A          238           GLU        93.69         656  193  0  8.892  5.175  1.039   0.1398    0.0000    0.0000    0.0000
239     B         A          239           ILE        87.78         656  193  0  8.892  5.175  1.039   0.1289    0.0000    0.0000    0.0000
240     B         A          240           LYS        76.83         656  193  0  8.892  5.175  1.039   0.1056    0.0000    0.0000    0.0000
