i,AlignChn,ScoredChain,AlignResNum,AlignResType,AlignRespLDDT,n0chn,n0dom,n0res,d0chn,d0dom,d0res,ipTM_pae,ipSAE_d0chn,ipSAE_d0dom,ipSAE 
247     A         B            1           ILE        92.80         662  459  0  8.925  7.660  1.039   0.1291    0.0000    0.0000    0.0000
248     A         B            2           CYS        94.91         662  459  0  8.925  7.660  1.039   0.1529    0.0000    0.0000    0.0000
249     A         B            3           LEU        93.22         662  459  0  8.925  7.660  1.039   0.1580    0.0000    0.0000    0.0000
250     A         B            4           GLN        93.83         662  459  0  8.925  7.660  1.039   0.1659    0.0000    0.0000    0.0000
251     A         B            5           LYS        94.10         662  459  0  8.925  7.660  1.039   0.1675    0.0000    0.0000    0.0000
252     A         B            6           THR        94.18         662  459  0  8.925  7.660  1.039   0.1579    0.0000    0.0000    0.0000
253     A         B            7           SER        88.92         662  459  0  8.925  7.660  1.039   0.1538    0.0000    0.0000    0.0000
254     A         B            8           ASN        89.90         662  459  0  8.925  7.660  1.039   0.1446    0.0000    0.0000    0.0000
255     A         B            9           GLN        89.83         662  459  0  8.925  7.660  1.039   0.1477    0.0000    0.0000    0.0000
256     A         B           10           ILE        94.41         662  459  0  8.925  7.660  1.039   0.1608    0.0000    0.0000    0.0000
257     A         B           11           LEU        96.69         662  459  1  8.925  7.660  1.039   0.1977    0.2633    0.2084    0.0048
258     A         B           12           LYS        93.48         662  459  4  8.925  7.660  1.039   0.1996    0.2661    0.2108    0.0049
259     A         B           13           PRO        95.99         662  459  14  8.925  7.660  1.039   0.2129    0.2752    0.2186    0.0051
260     A         B           14           LYS        91.29         662  459  16  8.925  7.660  1.039   0.2132    0.2778    0.2208    0.0052
261     A         B           15           LEU        87.48         662  459  19  8.925  7.660  1.039   0.2192    0.2777    0.2207    0.0052
262     A         B           16           ILE        85.61         662  459  15  8.925  7.660  1.039   0.2138    0.2742    0.2177    0.0051
263     A         B           17           SER        59.71         662  459  0  8.925  7.660  1.039   0.1860    0.0000    0.0000    0.0000
264     A         B           18           TYR        59.37         662  459  0  8.925  7.660  1.039   0.1772    0.0000    0.0000    0.0000
265     A         B           19           THR        59.15         662  459  0  8.925  7.660  1.039   0.1867    0.0000    0.0000    0.0000
266     A         B           20           LEU        63.72         662  459  0  8.925  7.660  1.039   0.1896    0.0000    0.0000    0.0000
267     A         B           21           PRO        54.44         662  459  0  8.925  7.660  1.039   0.1709    0.0000    0.0000    0.0000
268     A         B           22           VAL        59.25         662  459  0  8.925  7.660  1.039   0.1732    0.0000    0.0000    0.0000
269     A         B           23           VAL        57.72         662  459  0  8.925  7.660  1.039   0.1738    0.0000    0.0000    0.0000
270     A         B           24           GLY        59.86         662  459  0  8.925  7.660  1.039   0.1586    0.0000    0.0000    0.0000
271     A         B           25           GLN        61.28         662  459  0  8.925  7.660  1.039   0.1687    0.0000    0.0000    0.0000
272     A         B           26           SER        65.66         662  459  0  8.925  7.660  1.039   0.1753    0.0000    0.0000    0.0000
273     A         B           27           GLY        72.69         662  459  0  8.925  7.660  1.039   0.1852    0.0000    0.0000    0.0000
274     A         B           28           THR        78.03         662  459  7  8.925  7.660  1.039   0.1976    0.2704    0.2145    0.0050
275     A         B           29           CYS        78.31         662  459  15  8.925  7.660  1.039   0.2082    0.2767    0.2199    0.0052
276     A         B           30           ILE        84.67         662  459  30  8.925  7.660  1.258   0.2218    0.2793    0.2221    0.0076
277     A         B           31           THR        85.70         662  459  28  8.925  7.660  1.116   0.2215    0.2798    0.2225    0.0060
278     A         B           32           ASP        92.00         662  459  40  8.925  7.660  1.826   0.2299    0.2878    0.2295    0.0167
279     A         B           33           PRO        93.19         662  459  45  8.925  7.660  2.053   0.2338    0.2883    0.2299    0.0210
280     A         B           34           LEU        95.99         662  459  56  8.925  7.660  2.476   0.2368    0.2857    0.2277    0.0299
281     A         B           35           LEU        96.59         662  459  61  8.925  7.660  2.643   0.2404    0.2885    0.2301    0.0344
282     A         B           36           ALA        98.30         662  459  66  8.925  7.660  2.798   0.2430    0.2868    0.2286    0.0381
283     A         B           37           MET        96.69         662  459  52  8.925  7.660  2.332   0.2342    0.2831    0.2254    0.0263
284     A         B           38           ASP        95.90         662  459  38  8.925  7.660  1.726   0.2286    0.2835    0.2258    0.0146
285     A         B           39           GLU        94.88         662  459  16  8.925  7.660  1.039   0.2147    0.2844    0.2265    0.0054
286     A         B           40           GLY        95.15         662  459  12  8.925  7.660  1.039   0.2101    0.2758    0.2191    0.0051
287     A         B           41           TYR        96.93         662  459  47  8.925  7.660  2.137   0.2310    0.2829    0.2252    0.0222
288     A         B           42           PHE        95.85         662  459  55  8.925  7.660  2.441   0.2376    0.2848    0.2269    0.0290
289     A         B           43           ALA        97.80         662  459  55  8.925  7.660  2.441   0.2373    0.2829    0.2253    0.0287
290     A         B           44           TYR        93.81         662  459  48  8.925  7.660  2.177   0.2341    0.2834    0.2257    0.0230
291     A         B           45           SER        95.81         662  459  39  8.925  7.660  1.777   0.2291    0.2840    0.2262    0.0155
292     A         B           46           HIS        91.49         662  459  41  8.925  7.660  1.873   0.2314    0.2846    0.2267    0.0173
293     A         B           47           LEU        91.41         662  459  36  8.925  7.660  1.621   0.2271    0.2832    0.2255    0.0129
294     A         B           48           GLU        85.97         662  459  21  8.925  7.660  1.039   0.2156    0.2795    0.2223    0.0052
295     A         B           49           ARG        83.25         662  459  11  8.925  7.660  1.039   0.2048    0.2716    0.2155    0.0050
296     A         B           50           ILE        81.42         662  459  7  8.925  7.660  1.039   0.2035    0.2713    0.2153    0.0050
297     A         B           51           GLY        74.19         662  459  9  8.925  7.660  1.039   0.1986    0.2681    0.2125    0.0049
298     A         B           52           SER        68.87         662  459  14  8.925  7.660  1.039   0.2041    0.2754    0.2188    0.0051
299     A         B           53           CYS        71.76         662  459  20  8.925  7.660  1.039   0.2121    0.2787    0.2216    0.0052
300     A         B           54           SER        65.01         662  459  2  8.925  7.660  1.039   0.1921    0.2671    0.2117    0.0049
301     A         B           55           ARG        67.02         662  459  6  8.925  7.660  1.039   0.1899    0.2703    0.2143    0.0050
302     A         B           56           GLY        75.78         662  459  4  8.925  7.660  1.039   0.1875    0.2704    0.2144    0.0050
303     A         B           57           VAL        82.77         662  459  4  8.925  7.660  1.039   0.1957    0.2664    0.2110    0.0049
304     A         B           58           SER        86.09         662  459  6  8.925  7.660  1.039   0.1968    0.2693    0.2135    0.0050
305     A         B           59           LYS        84.99         662  459  5  8.925  7.660  1.039   0.1979    0.2707    0.2147    0.0050
306     A         B           60           GLN        86.26         662  459  4  8.925  7.660  1.039   0.1982    0.2808    0.2234    0.0053
307     A         B           61           ARG        92.47         662  459  21  8.925  7.660  1.039   0.2193    0.2842    0.2264    0.0054
308     A         B           62           ILE        89.88         662  459  23  8.925  7.660  1.039   0.2180    0.2790    0.2218    0.0052
309     A         B           63           ILE        95.61         662  459  34  8.925  7.660  1.509   0.2285    0.2828    0.2252    0.0112
310     A         B           64           GLY        93.40         662  459  22  8.925  7.660  1.039   0.2190    0.2815    0.2240    0.0053
311     A         B           65           VAL        94.99         662  459  33  8.925  7.660  1.450   0.2282    0.2825    0.2249    0.0103
312     A         B           66           GLY        92.45         662  459  17  8.925  7.660  1.039   0.2149    0.2794    0.2222    0.0052
313     A         B           67           GLU        88.33         662  459  13  8.925  7.660  1.039   0.2123    0.2786    0.2215    0.0052
314     A         B           68           VAL        93.38         662  459  30  8.925  7.660  1.258   0.2240    0.2782    0.2212    0.0076
315     A         B           69           LEU        83.93         662  459  3  8.925  7.660  1.039   0.1911    0.2706    0.2146    0.0050
316     A         B           70           ASP        84.91         662  459  0  8.925  7.660  1.039   0.1837    0.0000    0.0000    0.0000
317     A         B           71           ARG        73.59         662  459  0  8.925  7.660  1.039   0.1529    0.0000    0.0000    0.0000
318     A         B           72           GLY        78.92         662  459  0  8.925  7.660  1.039   0.1485    0.0000    0.0000    0.0000
319     A         B           73           ASP        79.42         662  459  0  8.925  7.660  1.039   0.1609    0.0000    0.0000    0.0000
320     A         B           74           GLU        86.45         662  459  0  8.925  7.660  1.039   0.1835    0.0000    0.0000    0.0000
321     A         B           75           VAL        89.91         662  459  10  8.925  7.660  1.039   0.2020    0.2700    0.2141    0.0050
322     A         B           76           PRO        93.36         662  459  13  8.925  7.660  1.039   0.2104    0.2780    0.2210    0.0052
323     A         B           77           SER        85.68         662  459  8  8.925  7.660  1.039   0.2018    0.2713    0.2152    0.0050
324     A         B           78           LEU        89.13         662  459  29  8.925  7.660  1.189   0.2234    0.2812    0.2238    0.0069
325     A         B           79           PHE        85.81         662  459  27  8.925  7.660  1.039   0.2209    0.2758    0.2191    0.0051
326     A         B           80           MET        86.25         662  459  18  8.925  7.660  1.039   0.2177    0.2806    0.2232    0.0053
327     A         B           81           THR        88.01         662  459  11  8.925  7.660  1.039   0.2096    0.2742    0.2177    0.0051
328     A         B           82           ASN        89.57         662  459  15  8.925  7.660  1.039   0.2134    0.2748    0.2183    0.0051
329     A         B           83           VAL        87.82         662  459  14  8.925  7.660  1.039   0.2146    0.2772    0.2203    0.0052
330     A         B           84           TRP        92.15         662  459  18  8.925  7.660  1.039   0.2164    0.2776    0.2207    0.0052
331     A         B           85           THR        89.44         662  459  8  8.925  7.660  1.039   0.2022    0.2738    0.2174    0.0051
332     A         B           86           PRO        93.37         662  459  5  8.925  7.660  1.039   0.2012    0.2754    0.2187    0.0051
333     A         B           87           PRO        90.24         662  459  2  8.925  7.660  1.039   0.1846    0.2717    0.2155    0.0050
334     A         B           88           ASN        91.87         662  459  4  8.925  7.660  1.039   0.1953    0.2808    0.2234    0.0053
335     A         B           89           PRO        90.08         662  459  4  8.925  7.660  1.039   0.1933    0.2767    0.2199    0.0052
336     A         B           90           ASN        90.08         662  459  3  8.925  7.660  1.039   0.1958    0.2806    0.2232    0.0053
337     A         B           91           THR        94.77         662  459  5  8.925  7.660  1.039   0.2013    0.2845    0.2266    0.0054
338     A         B           92           VAL        96.28         662  459  19  8.925  7.660  1.039   0.2161    0.2786    0.2216    0.0052
339     A         B           93           TYR        96.38         662  459  22  8.925  7.660  1.039   0.2214    0.2871    0.2289    0.0054
340     A         B           94           HIS        97.73         662  459  44  8.925  7.660  2.010   0.2340    0.2875    0.2292    0.0201
341     A         B           95           CYS        98.09         662  459  43  8.925  7.660  1.965   0.2319    0.2853    0.2274    0.0190
342     A         B           96           SER        98.79         662  459  41  8.925  7.660  1.873   0.2319    0.2865    0.2284    0.0174
343     A         B           97           ALA        98.73         662  459  49  8.925  7.660  2.217   0.2347    0.2828    0.2252    0.0238
344     A         B           98           VAL        98.73         662  459  40  8.925  7.660  1.826   0.2324    0.2825    0.2249    0.0162
345     A         B           99           TYR        98.11         662  459  59  8.925  7.660  2.578   0.2383    0.2846    0.2267    0.0322
346     A         B          100           ASN        96.13         662  459  26  8.925  7.660  1.039   0.2219    0.2791    0.2219    0.0052
347     A         B          101           ASN        90.35         662  459  3  8.925  7.660  1.039   0.1896    0.2718    0.2156    0.0050
348     A         B          102           GLU        90.10         662  459  3  8.925  7.660  1.039   0.1946    0.2703    0.2144    0.0050
349     A         B          103           PHE        94.78         662  459  37  8.925  7.660  1.675   0.2273    0.2800    0.2228    0.0135
350     A         B          104           TYR        97.90         662  459  41  8.925  7.660  1.873   0.2315    0.2814    0.2239    0.0170
351     A         B          105           TYR        97.61         662  459  45  8.925  7.660  2.053   0.2344    0.2843    0.2265    0.0206
352     A         B          106           VAL        98.35         662  459  28  8.925  7.660  1.116   0.2274    0.2823    0.2247    0.0061
353     A         B          107           LEU        98.64         662  459  40  8.925  7.660  1.826   0.2308    0.2825    0.2249    0.0162
354     A         B          108           CYS        98.03         662  459  39  8.925  7.660  1.777   0.2302    0.2865    0.2283    0.0157
355     A         B          109           ALA        98.28         662  459  38  8.925  7.660  1.726   0.2282    0.2829    0.2253    0.0146
356     A         B          110           VAL        97.00         662  459  22  8.925  7.660  1.039   0.2184    0.2806    0.2233    0.0053
357     A         B          111           SER        96.99         662  459  22  8.925  7.660  1.039   0.2174    0.2828    0.2252    0.0053
358     A         B          112           THR        93.82         662  459  7  8.925  7.660  1.039   0.2046    0.2859    0.2278    0.0054
359     A         B          113           VAL        92.78         662  459  19  8.925  7.660  1.039   0.2153    0.2778    0.2208    0.0052
360     A         B          114           GLY        92.15         662  459  22  8.925  7.660  1.039   0.2166    0.2848    0.2269    0.0054
361     A         B          115           ASP        92.39         662  459  30  8.925  7.660  1.258   0.2227    0.2833    0.2256    0.0078
362     A         B          116           PRO        97.74         662  459  28  8.925  7.660  1.116   0.2240    0.2870    0.2288    0.0063
363     A         B          117           ILE        96.10         662  459  36  8.925  7.660  1.621   0.2278    0.2836    0.2259    0.0129
364     A         B          118           LEU        90.76         662  459  34  8.925  7.660  1.509   0.2247    0.2827    0.2250    0.0112
365     A         B          119           ASN        94.17         662  459  22  8.925  7.660  1.039   0.2174    0.2857    0.2276    0.0054
366     A         B          120           SER        95.81         662  459  26  8.925  7.660  1.039   0.2208    0.2846    0.2267    0.0054
367     A         B          121           THR        93.98         662  459  18  8.925  7.660  1.039   0.2132    0.2789    0.2218    0.0052
368     A         B          122           TYR        94.26         662  459  16  8.925  7.660  1.039   0.2132    0.2787    0.2216    0.0052
369     A         B          123           TRP        97.77         662  459  22  8.925  7.660  1.039   0.2199    0.2826    0.2250    0.0053
370     A         B          124           SER        95.17         662  459  10  8.925  7.660  1.039   0.2052    0.2854    0.2274    0.0054
371     A         B          125           GLY        97.48         662  459  13  8.925  7.660  1.039   0.2067    0.2773    0.2205    0.0052
372     A         B          126           SER        96.09         662  459  12  8.925  7.660  1.039   0.2089    0.2803    0.2230    0.0053
373     A         B          127           LEU        97.84         662  459  31  8.925  7.660  1.325   0.2228    0.2816    0.2242    0.0086
374     A         B          128           MET        95.61         662  459  16  8.925  7.660  1.039   0.2118    0.2787    0.2216    0.0052
375     A         B          129           MET        96.26         662  459  24  8.925  7.660  1.039   0.2218    0.2837    0.2259    0.0053
376     A         B          130           THR        96.00         662  459  23  8.925  7.660  1.039   0.2212    0.2813    0.2239    0.0053
377     A         B          131           ARG        93.93         662  459  16  8.925  7.660  1.039   0.2164    0.2799    0.2226    0.0052
378     A         B          132           LEU        95.42         662  459  25  8.925  7.660  1.039   0.2220    0.2805    0.2232    0.0053
379     A         B          133           ALA        92.11         662  459  21  8.925  7.660  1.039   0.2201    0.2787    0.2216    0.0052
380     A         B          134           VAL        93.21         662  459  11  8.925  7.660  1.039   0.2073    0.2726    0.2164    0.0051
381     A         B          135           LYS        85.40         662  459  3  8.925  7.660  1.039   0.1875    0.2723    0.2161    0.0050
382     A         B          136           PRO        78.56         662  459  0  8.925  7.660  1.039   0.1601    0.0000    0.0000    0.0000
383     A         B          137           LYS        72.76         662  459  0  8.925  7.660  1.039   0.1454    0.0000    0.0000    0.0000
384     A         B          138           SER        63.23         662  459  0  8.925  7.660  1.039   0.1174    0.0000    0.0000    0.0000
385     A         B          139           ASN        64.94         662  459  0  8.925  7.660  1.039   0.1083    0.0000    0.0000    0.0000
386     A         B          140           GLY        63.96         662  459  0  8.925  7.660  1.039   0.1147    0.0000    0.0000    0.0000
387     A         B          141           GLY        63.18         662  459  0  8.925  7.660  1.039   0.1211    0.0000    0.0000    0.0000
388     A         B          142           GLY        68.32         662  459  0  8.925  7.660  1.039   0.1316    0.0000    0.0000    0.0000
389     A         B          143           TYR        69.94         662  459  0  8.925  7.660  1.039   0.1513    0.0000    0.0000    0.0000
390     A         B          144           ASN        83.55         662  459  0  8.925  7.660  1.039   0.1755    0.0000    0.0000    0.0000
391     A         B          145           GLN        84.24         662  459  1  8.925  7.660  1.039   0.1897    0.2665    0.2111    0.0049
392     A         B          146           HIS        87.91         662  459  5  8.925  7.660  1.039   0.2013    0.2754    0.2188    0.0051
393     A         B          147           GLN        89.54         662  459  3  8.925  7.660  1.039   0.2015    0.2792    0.2220    0.0052
394     A         B          148           LEU        91.28         662  459  3  8.925  7.660  1.039   0.1972    0.2778    0.2208    0.0052
395     A         B          149           ALA        84.67         662  459  0  8.925  7.660  1.039   0.1750    0.0000    0.0000    0.0000
396     A         B          150           LEU        91.99         662  459  0  8.925  7.660  1.039   0.1816    0.0000    0.0000    0.0000
397     A         B          151           ARG        85.60         662  459  0  8.925  7.660  1.039   0.1576    0.0000    0.0000    0.0000
398     A         B          152           SER        88.32         662  459  0  8.925  7.660  1.039   0.1695    0.0000    0.0000    0.0000
399     A         B          153           ILE        96.32         662  459  9  8.925  7.660  1.039   0.2060    0.2778    0.2208    0.0052
400     A         B          154           GLU        96.29         662  459  16  8.925  7.660  1.039   0.2119    0.2790    0.2219    0.0052
401     A         B          155           LYS        97.14         662  459  11  8.925  7.660  1.039   0.2069    0.2825    0.2249    0.0053
402     A         B          156           GLY        97.17         662  459  9  8.925  7.660  1.039   0.2048    0.2820    0.2244    0.0053
403     A         B          157           ARG        95.35         662  459  9  8.925  7.660  1.039   0.2048    0.2905    0.2318    0.0055
404     A         B          158           TYR        98.68         662  459  36  8.925  7.660  1.621   0.2247    0.2817    0.2242    0.0128
405     A         B          159           ASP        97.89         662  459  21  8.925  7.660  1.039   0.2179    0.2819    0.2244    0.0053
406     A         B          160           LYS        98.43         662  459  17  8.925  7.660  1.039   0.2134    0.2837    0.2260    0.0054
407     A         B          161           VAL        98.79         662  459  27  8.925  7.660  1.039   0.2260    0.2860    0.2280    0.0054
408     A         B          162           MET        98.14         662  459  18  8.925  7.660  1.039   0.2152    0.2877    0.2294    0.0055
409     A         B          163           PRO        98.82         662  459  36  8.925  7.660  1.621   0.2270    0.2835    0.2258    0.0129
410     A         B          164           TYR        98.72         662  459  46  8.925  7.660  2.095   0.2331    0.2886    0.2302    0.0219
411     A         B          165           GLY        98.72         662  459  32  8.925  7.660  1.388   0.2206    0.2848    0.2269    0.0096
412     A         B          166           PRO        97.78         662  459  47  8.925  7.660  2.137   0.2308    0.2854    0.2274    0.0225
413     A         B          167           SER        98.01         662  459  43  8.925  7.660  1.965   0.2304    0.2834    0.2257    0.0189
414     A         B          168           GLY        98.79         662  459  49  8.925  7.660  2.217   0.2321    0.2845    0.2266    0.0240
415     A         B          169           ILE        98.37         662  459  58  8.925  7.660  2.544   0.2378    0.2849    0.2270    0.0314
416     A         B          170           LYS        96.94         662  459  44  8.925  7.660  2.010   0.2285    0.2819    0.2244    0.0196
417     A         B          171           GLN        94.55         662  459  20  8.925  7.660  1.039   0.2157    0.2822    0.2246    0.0053
418     A         B          172           GLY        94.27         662  459  5  8.925  7.660  1.039   0.1939    0.2704    0.2145    0.0050
419     A         B          173           ASP        90.39         662  459  2  8.925  7.660  1.039   0.1834    0.2705    0.2145    0.0050
420     A         B          174           THR        97.05         662  459  29  8.925  7.660  1.189   0.2207    0.2798    0.2225    0.0069
421     A         B          175           LEU        98.12         662  459  42  8.925  7.660  1.920   0.2307    0.2824    0.2248    0.0179
422     A         B          176           TYR        98.72         662  459  58  8.925  7.660  2.544   0.2374    0.2842    0.2263    0.0313
423     A         B          177           PHE        98.91         662  459  52  8.925  7.660  2.332   0.2363    0.2839    0.2261    0.0264
424     A         B          178           PRO        98.93         662  459  45  8.925  7.660  2.053   0.2328    0.2869    0.2287    0.0209
425     A         B          179           ALA        98.89         662  459  36  8.925  7.660  1.621   0.2276    0.2832    0.2255    0.0129
426     A         B          180           VAL        98.83         662  459  39  8.925  7.660  1.777   0.2292    0.2840    0.2262    0.0155
427     A         B          181           GLY        98.86         662  459  33  8.925  7.660  1.450   0.2238    0.2864    0.2283    0.0105
428     A         B          182           PHE        98.77         662  459  40  8.925  7.660  1.826   0.2309    0.2848    0.2269    0.0164
429     A         B          183           LEU        98.33         662  459  36  8.925  7.660  1.621   0.2253    0.2828    0.2252    0.0129
430     A         B          184           VAL        97.81         662  459  20  8.925  7.660  1.039   0.2165    0.2817    0.2242    0.0053
431     A         B          185           ARG        95.47         662  459  11  8.925  7.660  1.039   0.2077    0.2808    0.2235    0.0053
432     A         B          186           THR        95.23         662  459  11  8.925  7.660  1.039   0.2095    0.2870    0.2287    0.0054
433     A         B          187           GLU        95.87         662  459  12  8.925  7.660  1.039   0.2098    0.2846    0.2267    0.0054
434     A         B          188           PHE        96.70         662  459  9  8.925  7.660  1.039   0.2048    0.2793    0.2221    0.0052
435     A         B          189           LYS        92.22         662  459  5  8.925  7.660  1.039   0.1858    0.2750    0.2184    0.0051
436     A         B          190           TYR        94.79         662  459  3  8.925  7.660  1.039   0.1929    0.2757    0.2190    0.0051
437     A         B          191           ASN        93.46         662  459  3  8.925  7.660  1.039   0.1828    0.2713    0.2152    0.0050
438     A         B          192           ASP        91.36         662  459  0  8.925  7.660  1.039   0.1845    0.0000    0.0000    0.0000
439     A         B          193           SER        92.76         662  459  3  8.925  7.660  1.039   0.1838    0.2662    0.2109    0.0049
440     A         B          194           ASN        92.94         662  459  3  8.925  7.660  1.039   0.1899    0.2653    0.2101    0.0049
441     A         B          195           CYS        94.53         662  459  8  8.925  7.660  1.039   0.1993    0.2728    0.2166    0.0051
442     A         B          196           PRO        89.24         662  459  1  8.925  7.660  1.039   0.1900    0.2615    0.2069    0.0048
443     A         B          197           ILE        91.25         662  459  0  8.925  7.660  1.039   0.1944    0.0000    0.0000    0.0000
444     A         B          198           THR        88.04         662  459  0  8.925  7.660  1.039   0.1775    0.0000    0.0000    0.0000
445     A         B          199           LYS        81.54         662  459  4  8.925  7.660  1.039   0.1916    0.2665    0.2111    0.0049
446     A         B          200           CYS        87.93         662  459  17  8.925  7.660  1.039   0.2084    0.2725    0.2163    0.0051
447     A         B          201           GLN        79.65         662  459  0  8.925  7.660  1.039   0.1930    0.0000    0.0000    0.0000
448     A         B          202           TYR        78.84         662  459  15  8.925  7.660  1.039   0.2033    0.2720    0.2159    0.0050
449     A         B          203           SER        90.00         662  459  18  8.925  7.660  1.039   0.2069    0.2696    0.2138    0.0050
450     A         B          204           LYS        89.75         662  459  19  8.925  7.660  1.039   0.2092    0.2739    0.2175    0.0051
451     A         B          205           PRO        94.54         662  459  14  8.925  7.660  1.039   0.2059    0.2769    0.2200    0.0052
452     A         B          206           GLU        92.97         662  459  17  8.925  7.660  1.039   0.2132    0.2847    0.2268    0.0054
453     A         B          207           ASN        93.75         662  459  22  8.925  7.660  1.039   0.2181    0.2778    0.2208    0.0052
454     A         B          208           CYS        95.98         662  459  37  8.925  7.660  1.675   0.2280    0.2816    0.2242    0.0136
455     A         B          209           ARG        95.82         662  459  18  8.925  7.660  1.039   0.2141    0.2806    0.2233    0.0053
456     A         B          210           LEU        94.54         662  459  28  8.925  7.660  1.116   0.2209    0.2817    0.2242    0.0061
457     A         B          211           SER        94.84         662  459  25  8.925  7.660  1.039   0.2181    0.2813    0.2238    0.0053
458     A         B          212           MET        96.98         662  459  34  8.925  7.660  1.509   0.2255    0.2858    0.2278    0.0113
459     A         B          213           GLY        95.74         662  459  28  8.925  7.660  1.116   0.2173    0.2822    0.2246    0.0061
460     A         B          214           ILE        92.18         662  459  26  8.925  7.660  1.039   0.2214    0.2829    0.2252    0.0053
461     A         B          215           ARG        88.49         662  459  18  8.925  7.660  1.039   0.2111    0.2809    0.2235    0.0053
462     A         B          216           PRO        87.77         662  459  18  8.925  7.660  1.039   0.2102    0.2848    0.2268    0.0054
463     A         B          217           ASN        89.07         662  459  13  8.925  7.660  1.039   0.2068    0.2834    0.2257    0.0053
464     A         B          218           SER        93.63         662  459  16  8.925  7.660  1.039   0.2093    0.2801    0.2228    0.0053
465     A         B          219           HIS        96.82         662  459  18  8.925  7.660  1.039   0.2159    0.2799    0.2227    0.0052
466     A         B          220           TYR        98.23         662  459  26  8.925  7.660  1.039   0.2196    0.2827    0.2251    0.0053
467     A         B          221           ILE        97.86         662  459  29  8.925  7.660  1.189   0.2235    0.2827    0.2250    0.0070
468     A         B          222           LEU        98.25         662  459  40  8.925  7.660  1.826   0.2277    0.2847    0.2268    0.0164
469     A         B          223           ARG        98.37         662  459  36  8.925  7.660  1.621   0.2271    0.2845    0.2266    0.0130
470     A         B          224           SER        98.46         662  459  39  8.925  7.660  1.777   0.2296    0.2868    0.2286    0.0157
471     A         B          225           GLY        98.81         662  459  41  8.925  7.660  1.873   0.2288    0.2879    0.2296    0.0176
472     A         B          226           LEU        98.74         662  459  39  8.925  7.660  1.777   0.2324    0.2866    0.2284    0.0157
473     A         B          227           LEU        98.78         662  459  43  8.925  7.660  1.965   0.2318    0.2836    0.2258    0.0189
474     A         B          228           LYS        97.95         662  459  36  8.925  7.660  1.621   0.2250    0.2820    0.2245    0.0128
475     A         B          229           TYR        96.83         662  459  38  8.925  7.660  1.726   0.2258    0.2801    0.2228    0.0144
476     A         B          230           ASN        94.59         662  459  16  8.925  7.660  1.039   0.2099    0.2763    0.2195    0.0052
477     A         B          231           LEU        92.12         662  459  6  8.925  7.660  1.039   0.2031    0.2762    0.2194    0.0051
478     A         B          232           SER        88.38         662  459  1  8.925  7.660  1.039   0.1775    0.2668    0.2114    0.0049
479     A         B          233           ASP        79.44         662  459  0  8.925  7.660  1.039   0.1590    0.0000    0.0000    0.0000
480     A         B          234           GLY        77.27         662  459  0  8.925  7.660  1.039   0.1303    0.0000    0.0000    0.0000
481     A         B          235           GLU        72.69         662  459  0  8.925  7.660  1.039   0.1408    0.0000    0.0000    0.0000
482     A         B          236           ASN        75.80         662  459  0  8.925  7.660  1.039   0.1486    0.0000    0.0000    0.0000
483     A         B          237           PRO        86.28         662  459  0  8.925  7.660  1.039   0.1747    0.0000    0.0000    0.0000
484     A         B          238           LYS        90.84         662  459  5  8.925  7.660  1.039   0.1969    0.2847    0.2268    0.0054
485     A         B          239           VAL        96.63         662  459  16  8.925  7.660  1.039   0.2125    0.2799    0.2226    0.0052
486     A         B          240           VAL        97.37         662  459  18  8.925  7.660  1.039   0.2168    0.2833    0.2256    0.0053
487     A         B          241           PHE        98.69         662  459  38  8.925  7.660  1.726   0.2299    0.2857    0.2276    0.0148
488     A         B          242           ILE        98.43         662  459  29  8.925  7.660  1.189   0.2246    0.2810    0.2236    0.0069
489     A         B          243           GLU        97.56         662  459  30  8.925  7.660  1.258   0.2228    0.2817    0.2242    0.0077
490     A         B          244           ILE        97.66         662  459  22  8.925  7.660  1.039   0.2187    0.2812    0.2237    0.0053
491     A         B          245           SER        93.69         662  459  3  8.925  7.660  1.039   0.1854    0.2723    0.2161    0.0050
492     A         B          246           ASP        90.28         662  459  3  8.925  7.660  1.039   0.1901    0.2670    0.2116    0.0049
493     A         B          247           GLN        91.55         662  459  3  8.925  7.660  1.039   0.1930    0.2744    0.2179    0.0051
494     A         B          248           ARG        91.71         662  459  9  8.925  7.660  1.039   0.1989    0.2811    0.2237    0.0053
495     A         B          249           LEU        94.84         662  459  20  8.925  7.660  1.039   0.2095    0.2829    0.2253    0.0053
496     A         B          250           SER        96.32         662  459  24  8.925  7.660  1.039   0.2136    0.2826    0.2250    0.0053
497     A         B          251           ILE        97.09         662  459  31  8.925  7.660  1.325   0.2218    0.2811    0.2237    0.0086
498     A         B          252           GLY        98.28         662  459  23  8.925  7.660  1.039   0.2162    0.2859    0.2279    0.0054
499     A         B          253           SER        97.79         662  459  34  8.925  7.660  1.509   0.2238    0.2833    0.2256    0.0112
500     A         B          254           PRO        98.18         662  459  57  8.925  7.660  2.510   0.2391    0.2912    0.2325    0.0316
501     A         B          255           SER        98.68         662  459  56  8.925  7.660  2.476   0.2378    0.2893    0.2309    0.0305
502     A         B          256           LYS        98.80         662  459  57  8.925  7.660  2.510   0.2397    0.2880    0.2297    0.0311
503     A         B          257           ILE        98.83         662  459  65  8.925  7.660  2.768   0.2422    0.2865    0.2284    0.0373
504     A         B          258           TYR        98.62         662  459  51  8.925  7.660  2.294   0.2343    0.2848    0.2269    0.0257
505     A         B          259           ASP        96.42         662  459  37  8.925  7.660  1.675   0.2250    0.2831    0.2254    0.0137
506     A         B          260           SER        97.60         662  459  13  8.925  7.660  1.039   0.2109    0.2795    0.2223    0.0052
507     A         B          261           LEU        94.57         662  459  17  8.925  7.660  1.039   0.2136    0.2773    0.2204    0.0052
508     A         B          262           GLY        95.77         662  459  4  8.925  7.660  1.039   0.1943    0.2781    0.2211    0.0052
509     A         B          263           GLN        96.30         662  459  18  8.925  7.660  1.039   0.2148    0.2849    0.2270    0.0054
510     A         B          264           PRO        98.00         662  459  63  8.925  7.660  2.706   0.2381    0.2885    0.2301    0.0361
511     A         B          265           VAL        98.71         662  459  60  8.925  7.660  2.611   0.2395    0.2849    0.2270    0.0330
512     A         B          266           PHE        98.79         662  459  63  8.925  7.660  2.706   0.2425    0.2893    0.2308    0.0362
513     A         B          267           TYR        98.90         662  459  60  8.925  7.660  2.611   0.2410    0.2907    0.2321    0.0340
514     A         B          268           GLN        98.72         662  459  54  8.925  7.660  2.405   0.2377    0.2894    0.2309    0.0288
515     A         B          269           ALA        97.94         662  459  53  8.925  7.660  2.369   0.2366    0.2904    0.2318    0.0281
516     A         B          270           SER        96.35         662  459  47  8.925  7.660  2.137   0.2300    0.2883    0.2300    0.0228
517     A         B          271           PHE        95.51         662  459  48  8.925  7.660  2.177   0.2357    0.2861    0.2280    0.0233
518     A         B          272           SER        94.52         662  459  33  8.925  7.660  1.450   0.2205    0.2842    0.2263    0.0104
519     A         B          273           TRP        93.72         662  459  41  8.925  7.660  1.873   0.2284    0.2859    0.2278    0.0174
520     A         B          274           ASP        95.42         662  459  45  8.925  7.660  2.053   0.2319    0.2888    0.2303    0.0211
521     A         B          275           THR        91.20         662  459  53  8.925  7.660  2.369   0.2365    0.2924    0.2335    0.0284
522     A         B          276           MET        93.10         662  459  58  8.925  7.660  2.544   0.2379    0.2915    0.2327    0.0325
523     A         B          277           ILE        98.28         662  459  61  8.925  7.660  2.643   0.2436    0.2911    0.2324    0.0349
524     A         B          278           LYS        97.90         662  459  60  8.925  7.660  2.611   0.2394    0.2915    0.2327    0.0341
525     A         B          279           PHE        98.60         662  459  64  8.925  7.660  2.738   0.2415    0.2882    0.2298    0.0368
526     A         B          280           GLY        98.44         662  459  62  8.925  7.660  2.675   0.2370    0.2873    0.2290    0.0350
527     A         B          281           ASP        97.28         662  459  35  8.925  7.660  1.566   0.2273    0.2835    0.2257    0.0121
528     A         B          282           VAL        98.20         662  459  47  8.925  7.660  2.137   0.2329    0.2822    0.2247    0.0221
529     A         B          283           LEU        96.35         662  459  26  8.925  7.660  1.039   0.2210    0.2821    0.2245    0.0053
530     A         B          284           THR        95.99         662  459  7  8.925  7.660  1.039   0.2043    0.2811    0.2237    0.0053
531     A         B          285           VAL        95.29         662  459  10  8.925  7.660  1.039   0.2085    0.2741    0.2177    0.0051
532     A         B          286           ASN        94.36         662  459  3  8.925  7.660  1.039   0.1946    0.2764    0.2196    0.0052
533     A         B          287           PRO        94.32         662  459  6  8.925  7.660  1.039   0.2016    0.2794    0.2222    0.0052
534     A         B          288           LEU        97.93         662  459  22  8.925  7.660  1.039   0.2194    0.2823    0.2247    0.0053
535     A         B          289           VAL        96.77         662  459  21  8.925  7.660  1.039   0.2185    0.2809    0.2235    0.0053
536     A         B          290           VAL        97.92         662  459  30  8.925  7.660  1.258   0.2258    0.2834    0.2256    0.0078
537     A         B          291           ASN        97.00         662  459  30  8.925  7.660  1.258   0.2223    0.2819    0.2244    0.0078
538     A         B          292           TRP        97.68         662  459  51  8.925  7.660  2.294   0.2349    0.2863    0.2282    0.0259
539     A         B          293           ARG        97.88         662  459  25  8.925  7.660  1.039   0.2209    0.2831    0.2254    0.0053
540     A         B          294           ASN        93.75         662  459  19  8.925  7.660  1.039   0.2109    0.2754    0.2188    0.0051
541     A         B          295           ASN        96.65         662  459  35  8.925  7.660  1.566   0.2243    0.2832    0.2255    0.0120
542     A         B          296           THR        88.75         662  459  43  8.925  7.660  1.965   0.2275    0.2834    0.2256    0.0188
543     A         B          297           VAL        91.82         662  459  44  8.925  7.660  2.010   0.2289    0.2823    0.2247    0.0196
544     A         B          298           ILE        96.86         662  459  60  8.925  7.660  2.611   0.2431    0.2904    0.2318    0.0339
545     A         B          299           SER        94.36         662  459  62  8.925  7.660  2.675   0.2406    0.2927    0.2338    0.0360
546     A         B          300           ARG        95.92         662  459  74  8.925  7.660  3.027   0.2467    0.2936    0.2346    0.0458
547     A         B          301           PRO        89.16         662  459  75  8.925  7.660  3.054   0.2454    0.2937    0.2346    0.0466
548     A         B          302           GLY        83.09         662  459  65  8.925  7.660  2.768   0.2373    0.2957    0.2363    0.0389
549     A         B          303           GLN        70.49         662  459  70  8.925  7.660  2.916   0.2416    0.2944    0.2352    0.0428
550     A         B          304           SER        64.07         662  459  79  8.925  7.660  3.160   0.2455    0.2950    0.2358    0.0500
551     A         B          305           GLN        69.95         662  459  67  8.925  7.660  2.828   0.2443    0.2934    0.2343    0.0401
552     A         B          306           CYS        85.59         662  459  70  8.925  7.660  2.916   0.2418    0.2903    0.2316    0.0419
553     A         B          307           PRO        79.36         662  459  61  8.925  7.660  2.643   0.2374    0.2907    0.2320    0.0348
554     A         B          308           ARG        83.72         662  459  69  8.925  7.660  2.887   0.2421    0.2887    0.2303    0.0408
555     A         B          309           PHE        78.39         662  459  71  8.925  7.660  2.944   0.2438    0.2923    0.2334    0.0431
556     A         B          310           ASN        82.51         662  459  49  8.925  7.660  2.217   0.2308    0.2823    0.2247    0.0237
557     A         B          311           THR        84.79         662  459  37  8.925  7.660  1.675   0.2250    0.2880    0.2296    0.0141
558     A         B          312           CYS        88.89         662  459  37  8.925  7.660  1.675   0.2258    0.2835    0.2258    0.0138
559     A         B          313           PRO        93.89         662  459  25  8.925  7.660  1.039   0.2201    0.2854    0.2273    0.0054
560     A         B          314           GLU        87.78         662  459  32  8.925  7.660  1.388   0.2203    0.2832    0.2255    0.0095
561     A         B          315           ILE        88.18         662  459  39  8.925  7.660  1.777   0.2302    0.2870    0.2288    0.0157
562     A         B          316           CYS        87.17         662  459  51  8.925  7.660  2.294   0.2340    0.2912    0.2324    0.0265
563     A         B          317           TRP        90.37         662  459  46  8.925  7.660  2.095   0.2363    0.2889    0.2304    0.0219
564     A         B          318           GLU        88.17         662  459  53  8.925  7.660  2.369   0.2351    0.2907    0.2320    0.0281
565     A         B          319           GLY        92.42         662  459  53  8.925  7.660  2.369   0.2309    0.2883    0.2299    0.0278
566     A         B          320           VAL        94.38         662  459  46  8.925  7.660  2.095   0.2313    0.2827    0.2251    0.0213
567     A         B          321           TYR        97.61         662  459  43  8.925  7.660  1.965   0.2326    0.2871    0.2289    0.0192
568     A         B          322           ASN        98.23         662  459  58  8.925  7.660  2.544   0.2370    0.2872    0.2290    0.0318
569     A         B          323           ASP        97.86         662  459  53  8.925  7.660  2.369   0.2386    0.2902    0.2316    0.0281
570     A         B          324           ALA        98.51         662  459  55  8.925  7.660  2.441   0.2369    0.2876    0.2294    0.0294
571     A         B          325           PHE        98.82         662  459  69  8.925  7.660  2.887   0.2450    0.2884    0.2300    0.0408
572     A         B          326           LEU        98.58         662  459  61  8.925  7.660  2.643   0.2382    0.2868    0.2286    0.0342
573     A         B          327           ILE        98.17         662  459  49  8.925  7.660  2.217   0.2361    0.2853    0.2273    0.0241
574     A         B          328           ASP        97.24         662  459  35  8.925  7.660  1.566   0.2260    0.2840    0.2262    0.0121
575     A         B          329           ARG        96.36         662  459  16  8.925  7.660  1.039   0.2133    0.2832    0.2255    0.0053
576     A         B          330           ILE        94.98         662  459  14  8.925  7.660  1.039   0.2085    0.2770    0.2201    0.0052
577     A         B          331           ASN        96.44         662  459  25  8.925  7.660  1.039   0.2212    0.2841    0.2263    0.0054
578     A         B          332           TRP        97.94         662  459  47  8.925  7.660  2.137   0.2312    0.2848    0.2269    0.0224
579     A         B          333           ILE        98.34         662  459  56  8.925  7.660  2.476   0.2377    0.2849    0.2270    0.0298
580     A         B          334           SER        98.69         662  459  58  8.925  7.660  2.544   0.2371    0.2861    0.2280    0.0316
581     A         B          335           ALA        98.75         662  459  50  8.925  7.660  2.256   0.2357    0.2865    0.2283    0.0251
582     A         B          336           GLY        98.88         662  459  66  8.925  7.660  2.798   0.2393    0.2888    0.2303    0.0385
583     A         B          337           VAL        98.67         662  459  64  8.925  7.660  2.738   0.2400    0.2872    0.2290    0.0366
584     A         B          338           PHE        97.71         662  459  78  8.925  7.660  3.134   0.2491    0.2922    0.2334    0.0486
585     A         B          339           LEU        94.74         662  459  88  8.925  7.660  3.382   0.2550    0.2980    0.2384    0.0577
586     A         B          340           ASP        88.66         662  459  63  8.925  7.660  2.706   0.2382    0.2887    0.2303    0.0361
587     A         B          341           SER        84.33         662  459  75  8.925  7.660  3.054   0.2453    0.2976    0.2381    0.0475
588     A         B          342           ASN        74.43         662  459  79  8.925  7.660  3.160   0.2468    0.2931    0.2341    0.0496
589     A         B          343           GLN        68.67         662  459  79  8.925  7.660  3.160   0.2474    0.2939    0.2348    0.0498
590     A         B          344           THR        78.10         662  459  84  8.925  7.660  3.286   0.2510    0.3015    0.2414    0.0555
591     A         B          345           ALA        86.74         662  459  87  8.925  7.660  3.359   0.2531    0.2962    0.2368    0.0564
592     A         B          346           GLU        84.07         662  459  84  8.925  7.660  3.286   0.2533    0.2991    0.2393    0.0549
593     A         B          347           ASN        90.26         662  459  79  8.925  7.660  3.160   0.2482    0.2936    0.2345    0.0497
594     A         B          348           PRO        96.13         662  459  80  8.925  7.660  3.186   0.2516    0.2975    0.2379    0.0513
595     A         B          349           VAL        96.83         662  459  76  8.925  7.660  3.081   0.2460    0.2904    0.2317    0.0466
596     A         B          350           PHE        98.56         662  459  85  8.925  7.660  3.310   0.2517    0.2915    0.2327    0.0537
597     A         B          351           THR        97.61         662  459  60  8.925  7.660  2.611   0.2373    0.2848    0.2269    0.0330
598     A         B          352           VAL        98.54         662  459  65  8.925  7.660  2.768   0.2405    0.2854    0.2274    0.0371
599     A         B          353           PHE        98.07         662  459  68  8.925  7.660  2.858   0.2415    0.2879    0.2296    0.0399
600     A         B          354           LYS        97.58         662  459  35  8.925  7.660  1.566   0.2238    0.2820    0.2244    0.0120
601     A         B          355           ASP        96.62         662  459  22  8.925  7.660  1.039   0.2151    0.2763    0.2195    0.0051
602     A         B          356           ASN        92.05         662  459  10  8.925  7.660  1.039   0.2060    0.2736    0.2172    0.0051
603     A         B          357           GLU        93.14         662  459  16  8.925  7.660  1.039   0.2117    0.2759    0.2192    0.0051
604     A         B          358           ILE        93.64         662  459  48  8.925  7.660  2.177   0.2309    0.2831    0.2254    0.0230
605     A         B          359           LEU        97.50         662  459  42  8.925  7.660  1.920   0.2303    0.2847    0.2268    0.0181
606     A         B          360           TYR        96.97         662  459  30  8.925  7.660  1.258   0.2197    0.2800    0.2227    0.0077
607     A         B          361           ARG        92.93         662  459  20  8.925  7.660  1.039   0.2136    0.2792    0.2220    0.0052
608     A         B          362           ALA        96.67         662  459  63  8.925  7.660  2.706   0.2374    0.2879    0.2296    0.0359
609     A         B          363           GLN        93.38         662  459  40  8.925  7.660  1.826   0.2261    0.2840    0.2262    0.0164
610     A         B          364           LEU        95.92         662  459  69  8.925  7.660  2.887   0.2399    0.2878    0.2295    0.0407
611     A         B          365           ALA        88.53         662  459  48  8.925  7.660  2.177   0.2296    0.2841    0.2262    0.0231
612     A         B          366           SER        81.98         662  459  54  8.925  7.660  2.405   0.2310    0.2857    0.2277    0.0283
613     A         B          367           GLU        77.18         662  459  70  8.925  7.660  2.916   0.2399    0.2896    0.2311    0.0418
614     A         B          368           ASP        73.26         662  459  60  8.925  7.660  2.611   0.2359    0.2880    0.2297    0.0335
615     A         B          369           THR        85.21         662  459  69  8.925  7.660  2.887   0.2398    0.2870    0.2288    0.0405
616     A         B          370           ASN        80.07         662  459  67  8.925  7.660  2.828   0.2412    0.2864    0.2283    0.0388
617     A         B          371           ALA        91.80         662  459  78  8.925  7.660  3.134   0.2460    0.2912    0.2325    0.0484
618     A         B          372           GLN        89.08         662  459  63  8.925  7.660  2.706   0.2383    0.2893    0.2308    0.0362
619     A         B          373           LYS        94.07         662  459  72  8.925  7.660  2.972   0.2424    0.2874    0.2291    0.0429
620     A         B          374           THR        97.92         662  459  74  8.925  7.660  3.027   0.2465    0.2892    0.2307    0.0449
621     A         B          375           ILE        98.40         662  459  75  8.925  7.660  3.054   0.2465    0.2881    0.2297    0.0454
622     A         B          376           THR        98.82         662  459  54  8.925  7.660  2.405   0.2383    0.2869    0.2287    0.0285
623     A         B          377           ASN        98.36         662  459  55  8.925  7.660  2.441   0.2377    0.2853    0.2273    0.0291
624     A         B          378           CYS        98.50         662  459  64  8.925  7.660  2.738   0.2421    0.2855    0.2275    0.0363
625     A         B          379           PHE        97.12         662  459  62  8.925  7.660  2.675   0.2392    0.2851    0.2272    0.0347
626     A         B          380           LEU        95.65         662  459  27  8.925  7.660  1.039   0.2224    0.2820    0.2245    0.0053
627     A         B          381           LEU        94.15         662  459  15  8.925  7.660  1.039   0.2126    0.2797    0.2225    0.0052
628     A         B          382           LYS        90.27         662  459  6  8.925  7.660  1.039   0.1974    0.2742    0.2178    0.0051
629     A         B          383           ASN        92.86         662  459  1  8.925  7.660  1.039   0.1905    0.2682    0.2126    0.0049
630     A         B          384           LYS        94.57         662  459  26  8.925  7.660  1.039   0.2179    0.2829    0.2252    0.0053
631     A         B          385           ILE        97.44         662  459  49  8.925  7.660  2.217   0.2354    0.2844    0.2266    0.0240
632     A         B          386           TRP        97.37         662  459  54  8.925  7.660  2.405   0.2377    0.2852    0.2272    0.0282
633     A         B          387           CYS        98.49         662  459  69  8.925  7.660  2.887   0.2410    0.2841    0.2263    0.0400
634     A         B          388           ILE        96.70         662  459  60  8.925  7.660  2.611   0.2400    0.2849    0.2270    0.0330
635     A         B          389           SER        97.96         662  459  57  8.925  7.660  2.510   0.2367    0.2864    0.2283    0.0309
636     A         B          390           LEU        95.65         662  459  65  8.925  7.660  2.768   0.2424    0.2877    0.2294    0.0375
637     A         B          391           VAL        95.64         662  459  78  8.925  7.660  3.134   0.2465    0.2888    0.2304    0.0478
638     A         B          392           GLU        90.05         662  459  82  8.925  7.660  3.236   0.2478    0.2909    0.2322    0.0514
639     A         B          393           ILE        88.29         662  459  51  8.925  7.660  2.294   0.2341    0.2886    0.2302    0.0262
640     A         B          394           TYR        71.50         662  459  34  8.925  7.660  1.509   0.2204    0.2775    0.2206    0.0109
641     A         B          395           ASP        60.93         662  459  6  8.925  7.660  1.039   0.1898    0.2747    0.2181    0.0051
642     A         B          396           THR        53.66         662  459  0  8.925  7.660  1.039   0.1773    0.0000    0.0000    0.0000
643     A         B          397           GLY        54.89         662  459  0  8.925  7.660  1.039   0.1729    0.0000    0.0000    0.0000
644     A         B          398           ASP        53.49         662  459  0  8.925  7.660  1.039   0.1790    0.0000    0.0000    0.0000
645     A         B          399           ASN        55.90         662  459  3  8.925  7.660  1.039   0.1913    0.2637    0.2087    0.0048
646     A         B          400           VAL        64.61         662  459  6  8.925  7.660  1.039   0.1972    0.2704    0.2145    0.0050
647     A         B          401           ILE        68.95         662  459  24  8.925  7.660  1.039   0.2152    0.2744    0.2179    0.0051
648     A         B          402           ARG        78.35         662  459  20  8.925  7.660  1.039   0.2133    0.2758    0.2191    0.0051
649     A         B          403           PRO        88.04         662  459  47  8.925  7.660  2.137   0.2329    0.2869    0.2287    0.0226
650     A         B          404           LYS        89.69         662  459  51  8.925  7.660  2.294   0.2329    0.2851    0.2272    0.0257
651     A         B          405           LEU        92.40         662  459  59  8.925  7.660  2.578   0.2374    0.2838    0.2260    0.0321
652     A         B          406           PHE        96.15         662  459  73  8.925  7.660  3.000   0.2421    0.2859    0.2278    0.0434
653     A         B          407           ALA        95.54         662  459  59  8.925  7.660  2.578   0.2388    0.2842    0.2263    0.0321
654     A         B          408           VAL        98.07         662  459  43  8.925  7.660  1.965   0.2311    0.2842    0.2264    0.0189
655     A         B          409           LYS        96.72         662  459  41  8.925  7.660  1.873   0.2275    0.2814    0.2240    0.0170
656     A         B          410           ILE        97.95         662  459  36  8.925  7.660  1.621   0.2284    0.2824    0.2248    0.0128
657     A         B          411           PRO        95.18         662  459  5  8.925  7.660  1.039   0.1965    0.2734    0.2171    0.0051
658     A         B          412           GLU        91.23         662  459  0  8.925  7.660  1.039   0.1740    0.0000    0.0000    0.0000
659     A         B          413           GLN        89.37         662  459  0  8.925  7.660  1.039   0.1405    0.0000    0.0000    0.0000
660     A         B          414           CYS        90.99         662  459  0  8.925  7.660  1.039   0.1361    0.0000    0.0000    0.0000
661     A         B          415           THR        77.73         662  459  0  8.925  7.660  1.039   0.1009    0.0000    0.0000    0.0000
662     A         B          416           HIS        59.96         662  459  0  8.925  7.660  1.039   0.0877    0.0000    0.0000    0.0000
1       B         A            1           GLY        84.67         662  465  0  8.925  7.702  1.039   0.1056    0.0000    0.0000    0.0000
2       B         A            2           ILE        90.20         662  465  54  8.925  7.702  2.405   0.2087    0.2834    0.2276    0.0280
3       B         A            3           SER        93.87         662  465  59  8.925  7.702  2.578   0.2095    0.2840    0.2281    0.0321
4       B         A            4           LEU        96.72         662  465  116  8.925  7.702  3.975   0.2377    0.3042    0.2459    0.0802
5       B         A            5           VAL        97.06         662  465  127  8.925  7.702  4.177   0.2466    0.3067    0.2481    0.0888
6       B         A            6           GLU        95.87         662  465  108  8.925  7.702  3.818   0.2340    0.3004    0.2425    0.0731
7       B         A            7           SER        96.54         662  465  99  8.925  7.702  3.631   0.2300    0.2982    0.2405    0.0659
8       B         A            8           GLY        97.42         662  465  73  8.925  7.702  3.000   0.2169    0.2872    0.2309    0.0436
9       B         A            9           GLY        94.87         662  465  45  8.925  7.702  2.053   0.2046    0.2765    0.2216    0.0198
10      B         A           10           GLY        95.51         662  465  52  8.925  7.702  2.332   0.2090    0.2813    0.2258    0.0261
11      B         A           11           THR        92.49         662  465  71  8.925  7.702  2.944   0.2178    0.2852    0.2291    0.0417
12      B         A           12           VAL        92.43         662  465  57  8.925  7.702  2.510   0.2109    0.2826    0.2269    0.0303
13      B         A           13           LYS        87.70         662  465  49  8.925  7.702  2.217   0.2077    0.2798    0.2244    0.0234
14      B         A           14           PRO        85.31         662  465  95  8.925  7.702  3.543   0.2245    0.2927    0.2357    0.0614
15      B         A           15           GLY        88.28         662  465  85  8.925  7.702  3.310   0.2235    0.2938    0.2367    0.0543
16      B         A           16           GLU        91.56         662  465  86  8.925  7.702  3.335   0.2228    0.2899    0.2333    0.0540
17      B         A           17           SER        95.88         662  465  100  8.925  7.702  3.652   0.2290    0.2997    0.2419    0.0671
18      B         A           18           VAL        96.34         662  465  111  8.925  7.702  3.878   0.2351    0.3002    0.2423    0.0752
19      B         A           19           THR        97.91         662  465  132  8.925  7.702  4.265   0.2471    0.3101    0.2512    0.0937
20      B         A           20           LEU        98.39         662  465  136  8.925  7.702  4.333   0.2493    0.3141    0.2547    0.0981
21      B         A           21           SER        97.83         662  465  120  8.925  7.702  4.050   0.2432    0.3117    0.2525    0.0858
22      B         A           22           CYS        98.05         662  465  123  8.925  7.702  4.105   0.2454    0.3125    0.2532    0.0882
23      B         A           23           LYS        97.52         662  465  123  8.925  7.702  4.105   0.2429    0.3059    0.2474    0.0857
24      B         A           24           ALA        95.25         662  465  96  8.925  7.702  3.565   0.2281    0.2989    0.2412    0.0639
25      B         A           25           SER        95.31         662  465  87  8.925  7.702  3.359   0.2251    0.2955    0.2382    0.0563
26      B         A           26           GLY        93.34         662  465  101  8.925  7.702  3.673   0.2320    0.2974    0.2399    0.0672
27      B         A           27           PHE        88.67         662  465  108  8.925  7.702  3.818   0.2352    0.3033    0.2451    0.0742
28      B         A           28           VAL        79.56         662  465  100  8.925  7.702  3.652   0.2319    0.3033    0.2451    0.0683
29      B         A           29           PHE        91.41         662  465  114  8.925  7.702  3.936   0.2399    0.3133    0.2540    0.0821
30      B         A           30           SER        77.28         662  465  94  8.925  7.702  3.521   0.2298    0.3048    0.2464    0.0642
31      B         A           31           LYS        74.44         662  465  102  8.925  7.702  3.694   0.2354    0.3051    0.2467    0.0704
32      B         A           32           TYR        85.49         662  465  135  8.925  7.702  4.316   0.2505    0.3121    0.2530    0.0967
33      B         A           33           SER        85.08         662  465  148  8.925  7.702  4.530   0.2549    0.3126    0.2535    0.1056
34      B         A           34           HIS        95.19         662  465  150  8.925  7.702  4.561   0.2571    0.3165    0.2569    0.1088
35      B         A           35           ALA        94.62         662  465  138  8.925  7.702  4.367   0.2535    0.3129    0.2536    0.0989
36      B         A           36           TRP        98.37         662  465  173  8.925  7.702  4.904   0.2657    0.3219    0.2618    0.1264
37      B         A           37           VAL        97.48         662  465  165  8.925  7.702  4.788   0.2610    0.3163    0.2568    0.1184
38      B         A           38           ARG        96.20         662  465  151  8.925  7.702  4.577   0.2555    0.3153    0.2557    0.1087
39      B         A           39           GLN        96.77         662  465  152  8.925  7.702  4.592   0.2561    0.3142    0.2548    0.1089
40      B         A           40           PRO        91.54         662  465  138  8.925  7.702  4.367   0.2493    0.3095    0.2506    0.0974
41      B         A           41           PRO        90.02         662  465  88  8.925  7.702  3.382   0.2239    0.2931    0.2360    0.0563
42      B         A           42           GLY        90.83         662  465  42  8.925  7.702  1.920   0.2041    0.2758    0.2210    0.0173
43      B         A           43           GLY        92.42         662  465  99  8.925  7.702  3.631   0.2286    0.2969    0.2394    0.0655
44      B         A           44           PRO        92.37         662  465  121  8.925  7.702  4.068   0.2441    0.3086    0.2497    0.0852
45      B         A           45           LEU        96.67         662  465  151  8.925  7.702  4.577   0.2560    0.3157    0.2561    0.1089
46      B         A           46           GLU        92.03         662  465  144  8.925  7.702  4.465   0.2535    0.3141    0.2547    0.1035
47      B         A           47           TRP        93.50         662  465  137  8.925  7.702  4.350   0.2514    0.3138    0.2545    0.0987
48      B         A           48           VAL        96.08         662  465  141  8.925  7.702  4.416   0.2532    0.3162    0.2566    0.1024
49      B         A           49           SER        95.10         662  465  117  8.925  7.702  3.994   0.2427    0.3119    0.2527    0.0838
50      B         A           50           GLN        89.03         662  465  129  8.925  7.702  4.213   0.2491    0.3107    0.2517    0.0919
51      B         A           51           ILE        91.14         662  465  135  8.925  7.702  4.316   0.2517    0.3172    0.2576    0.0990
52      B         A           52           SER        78.73         662  465  109  8.925  7.702  3.838   0.2374    0.3050    0.2467    0.0756
53      B         A           53           SER        78.51         662  465  106  8.925  7.702  3.777   0.2356    0.3039    0.2457    0.0730
54      B         A           54           ASP        70.53         662  465  81  8.925  7.702  3.211   0.2219    0.2957    0.2384    0.0518
55      B         A           55           GLY        81.02         662  465  95  8.925  7.702  3.543   0.2286    0.3032    0.2450    0.0645
56      B         A           56           SER        67.47         662  465  99  8.925  7.702  3.631   0.2270    0.2988    0.2412    0.0662
57      B         A           57           VAL        71.46         662  465  111  8.925  7.702  3.878   0.2375    0.3059    0.2474    0.0773
58      B         A           58           THR        86.80         662  465  113  8.925  7.702  3.917   0.2399    0.3114    0.2523    0.0807
59      B         A           59           ARG        81.59         662  465  111  8.925  7.702  3.878   0.2384    0.3107    0.2517    0.0791
60      B         A           60           TYR        90.23         662  465  122  8.925  7.702  4.087   0.2437    0.3133    0.2540    0.0880
61      B         A           61           ALA        89.20         662  465  126  8.925  7.702  4.159   0.2458    0.3104    0.2514    0.0896
62      B         A           62           SER        78.92         662  465  107  8.925  7.702  3.798   0.2351    0.3053    0.2468    0.0741
63      B         A           63           SER        83.24         662  465  112  8.925  7.702  3.897   0.2360    0.3059    0.2474    0.0779
64      B         A           64           VAL        92.11         662  465  107  8.925  7.702  3.798   0.2352    0.3056    0.2471    0.0742
65      B         A           65           SER        83.50         662  465  81  8.925  7.702  3.211   0.2191    0.2923    0.2354    0.0509
66      B         A           66           GLY        89.71         662  465  107  8.925  7.702  3.798   0.2325    0.3050    0.2466    0.0740
67      B         A           67           ARG        92.71         662  465  118  8.925  7.702  4.013   0.2376    0.3072    0.2486    0.0827
68      B         A           68           PHE        96.89         662  465  128  8.925  7.702  4.195   0.2456    0.3128    0.2535    0.0920
69      B         A           69           THR        97.06         662  465  129  8.925  7.702  4.213   0.2454    0.3117    0.2527    0.0923
70      B         A           70           ILE        96.93         662  465  132  8.925  7.702  4.265   0.2466    0.3133    0.2541    0.0951
71      B         A           71           SER        96.41         662  465  130  8.925  7.702  4.230   0.2463    0.3145    0.2551    0.0941
72      B         A           72           ARG        92.83         662  465  103  8.925  7.702  3.715   0.2292    0.3046    0.2463    0.0710
73      B         A           73           ASP        94.29         662  465  111  8.925  7.702  3.878   0.2366    0.3092    0.2503    0.0784
74      B         A           74           ASN        86.89         662  465  78  8.925  7.702  3.134   0.2213    0.2993    0.2415    0.0503
75      B         A           75           SER        88.99         662  465  86  8.925  7.702  3.335   0.2243    0.3010    0.2431    0.0570
76      B         A           76           ASN        93.42         662  465  69  8.925  7.702  2.887   0.2161    0.2913    0.2345    0.0414
77      B         A           77           SER        94.27         662  465  104  8.925  7.702  3.736   0.2332    0.3049    0.2465    0.0718
78      B         A           78           THR        97.53         662  465  122  8.925  7.702  4.087   0.2436    0.3127    0.2535    0.0877
79      B         A           79           VAL        96.79         662  465  112  8.925  7.702  3.897   0.2390    0.3106    0.2516    0.0796
80      B         A           80           TYR        98.17         662  465  143  8.925  7.702  4.449   0.2546    0.3189    0.2591    0.1051
81      B         A           81           LEU        98.59         662  465  133  8.925  7.702  4.282   0.2481    0.3147    0.2553    0.0963
82      B         A           82           GLN        97.69         662  465  130  8.925  7.702  4.230   0.2453    0.3110    0.2520    0.0927
83      B         A           83           MET        97.52         662  465  121  8.925  7.702  4.068   0.2401    0.3091    0.2503    0.0856
84      B         A           84           ASN        94.70         662  465  115  8.925  7.702  3.956   0.2375    0.3062    0.2477    0.0802
85      B         A           85           ASN        89.74         662  465  106  8.925  7.702  3.777   0.2344    0.3039    0.2456    0.0729
86      B         A           86           LEU        92.52         662  465  116  8.925  7.702  3.975   0.2383    0.3064    0.2478    0.0809
87      B         A           87           ARG        84.51         662  465  102  8.925  7.702  3.694   0.2280    0.2955    0.2382    0.0673
88      B         A           88           PRO        84.81         662  465  102  8.925  7.702  3.694   0.2308    0.2980    0.2403    0.0680
89      B         A           89           SER        84.27         662  465  104  8.925  7.702  3.736   0.2305    0.2999    0.2421    0.0701
90      B         A           90           ASP        92.52         662  465  128  8.925  7.702  4.195   0.2430    0.3096    0.2507    0.0906
91      B         A           91           THR        92.95         662  465  138  8.925  7.702  4.367   0.2497    0.3105    0.2514    0.0978
92      B         A           92           ALA        95.15         662  465  128  8.925  7.702  4.195   0.2461    0.3075    0.2488    0.0897
93      B         A           93           THR        97.38         662  465  164  8.925  7.702  4.774   0.2588    0.3110    0.2519    0.1150
94      B         A           94           TYR        98.41         662  465  193  8.925  7.702  5.175   0.2714    0.3197    0.2598    0.1374
95      B         A           95           TYR        98.23         662  465  190  8.925  7.702  5.136   0.2700    0.3173    0.2576    0.1343
96      B         A           96           CYS        95.70         662  465  134  8.925  7.702  4.299   0.2502    0.3132    0.2539    0.0962
97      B         A           97           GLY        96.74         662  465  128  8.925  7.702  4.195   0.2458    0.3101    0.2511    0.0909
98      B         A           98           ILE        92.13         662  465  145  8.925  7.702  4.482   0.2568    0.3137    0.2543    0.1040
99      B         A           99           ILE        86.25         662  465  158  8.925  7.702  4.684   0.2600    0.3115    0.2524    0.1116
100     B         A          100           PRO        79.42         662  465  77  8.925  7.702  3.108   0.2207    0.2912    0.2344    0.0476
101     B         A          101           GLN        57.48         662  465  34  8.925  7.702  1.509   0.2029    0.2814    0.2258    0.0111
102     B         A          102           ASP        51.73         662  465  37  8.925  7.702  1.675   0.2012    0.2827    0.2270    0.0137
103     B         A          103           ASN        48.86         662  465  24  8.925  7.702  1.039   0.1973    0.2784    0.2232    0.0052
104     B         A          104           VAL        47.71         662  465  52  8.925  7.702  2.332   0.2088    0.2832    0.2274    0.0263
105     B         A          105           HIS        49.69         662  465  41  8.925  7.702  1.873   0.2054    0.2833    0.2275    0.0171
106     B         A          106           GLY        57.99         662  465  30  8.925  7.702  1.258   0.2000    0.2836    0.2277    0.0078
107     B         A          107           ASP        62.55         662  465  87  8.925  7.702  3.359   0.2228    0.2913    0.2345    0.0552
108     B         A          108           TYR        69.61         662  465  100  8.925  7.702  3.652   0.2336    0.2983    0.2407    0.0667
109     B         A          109           ALA        89.34         662  465  155  8.925  7.702  4.639   0.2599    0.3141    0.2547    0.1107
110     B         A          110           ILE        94.87         662  465  217  8.925  7.702  5.476   0.2779    0.3161    0.2565    0.1491
111     B         A          111           SER        89.78         662  465  159  8.925  7.702  4.699   0.2587    0.3128    0.2536    0.1128
112     B         A          112           HIS        94.38         662  465  161  8.925  7.702  4.729   0.2595    0.3120    0.2528    0.1136
113     B         A          113           TRP        97.49         662  465  183  8.925  7.702  5.042   0.2680    0.3166    0.2570    0.1297
114     B         A          114           GLY        97.57         662  465  148  8.925  7.702  4.530   0.2560    0.3138    0.2544    0.1060
115     B         A          115           GLN        95.32         662  465  110  8.925  7.702  3.858   0.2352    0.2995    0.2418    0.0743
116     B         A          116           GLY        97.64         662  465  106  8.925  7.702  3.777   0.2338    0.2998    0.2420    0.0715
117     B         A          117           THR        97.15         662  465  125  8.925  7.702  4.141   0.2452    0.3080    0.2492    0.0879
118     B         A          118           LEU        96.74         662  465  136  8.925  7.702  4.333   0.2505    0.3095    0.2505    0.0960
119     B         A          119           LEU        96.96         662  465  122  8.925  7.702  4.087   0.2436    0.3079    0.2491    0.0857
120     B         A          120           THR        94.32         662  465  110  8.925  7.702  3.858   0.2371    0.2996    0.2417    0.0742
121     B         A          121           VAL        90.53         662  465  80  8.925  7.702  3.186   0.2196    0.2862    0.2300    0.0487
122     B         A          122           THR        79.70         662  465  0  8.925  7.702  1.039   0.1390    0.0000    0.0000    0.0000
123     B         A          123           ALA        62.46         662  465  0  8.925  7.702  1.039   0.0950    0.0000    0.0000    0.0000
124     B         A          124           GLY        56.54         662  465  0  8.925  7.702  1.039   0.0827    0.0000    0.0000    0.0000
125     B         A          125           GLY        47.40         662  465  0  8.925  7.702  1.039   0.0800    0.0000    0.0000    0.0000
126     B         A          126           GLY        48.41         662  465  0  8.925  7.702  1.039   0.0796    0.0000    0.0000    0.0000
127     B         A          127           SER        44.84         662  465  0  8.925  7.702  1.039   0.0802    0.0000    0.0000    0.0000
128     B         A          128           GLY        43.92         662  465  0  8.925  7.702  1.039   0.0801    0.0000    0.0000    0.0000
129     B         A          129           GLY        43.64         662  465  0  8.925  7.702  1.039   0.0808    0.0000    0.0000    0.0000
130     B         A          130           GLY        43.49         662  465  0  8.925  7.702  1.039   0.0817    0.0000    0.0000    0.0000
131     B         A          131           SER        43.36         662  465  0  8.925  7.702  1.039   0.0841    0.0000    0.0000    0.0000
132     B         A          132           GLY        42.97         662  465  0  8.925  7.702  1.039   0.0859    0.0000    0.0000    0.0000
133     B         A          133           GLY        41.93         662  465  0  8.925  7.702  1.039   0.0871    0.0000    0.0000    0.0000
134     B         A          134           GLY        41.27         662  465  0  8.925  7.702  1.039   0.0885    0.0000    0.0000    0.0000
135     B         A          135           SER        42.62         662  465  0  8.925  7.702  1.039   0.0891    0.0000    0.0000    0.0000
136     B         A          136           GLY        44.16         662  465  0  8.925  7.702  1.039   0.0925    0.0000    0.0000    0.0000
137     B         A          137           GLY        43.50         662  465  0  8.925  7.702  1.039   0.0994    0.0000    0.0000    0.0000
138     B         A          138           GLY        50.25         662  465  0  8.925  7.702  1.039   0.1150    0.0000    0.0000    0.0000
139     B         A          139           SER        55.43         662  465  0  8.925  7.702  1.039   0.1356    0.0000    0.0000    0.0000
140     B         A          140           ALA        76.15         662  465  34  8.925  7.702  1.509   0.1945    0.2743    0.2197    0.0107
141     B         A          141           ILE        87.22         662  465  120  8.925  7.702  4.050   0.2428    0.3089    0.2501    0.0848
142     B         A          142           THR        90.14         662  465  140  8.925  7.702  4.400   0.2519    0.3121    0.2529    0.1000
143     B         A          143           LEU        96.73         662  465  150  8.925  7.702  4.561   0.2540    0.3132    0.2539    0.1072
144     B         A          144           THR        96.68         662  465  140  8.925  7.702  4.400   0.2518    0.3121    0.2530    0.1000
145     B         A          145           GLN        97.45         662  465  125  8.925  7.702  4.141   0.2445    0.3096    0.2507    0.0885
146     B         A          146           SER        94.93         662  465  94  8.925  7.702  3.521   0.2256    0.2952    0.2379    0.0614
147     B         A          147           PRO        94.19         662  465  80  8.925  7.702  3.186   0.2221    0.2906    0.2339    0.0497
148     B         A          148           ALA        94.29         662  465  90  8.925  7.702  3.429   0.2262    0.2901    0.2334    0.0570
149     B         A          149           SER        92.45         662  465  58  8.925  7.702  2.544   0.2119    0.2822    0.2266    0.0310
150     B         A          150           LEU        91.59         662  465  35  8.925  7.702  1.566   0.2049    0.2761    0.2213    0.0116
151     B         A          151           SER        94.32         662  465  68  8.925  7.702  2.858   0.2163    0.2841    0.2282    0.0392
152     B         A          152           ALA        94.38         662  465  66  8.925  7.702  2.798   0.2190    0.2835    0.2277    0.0375
153     B         A          153           LYS        94.53         662  465  55  8.925  7.702  2.441   0.2155    0.2851    0.2290    0.0290
154     B         A          154           VAL        94.31         662  465  101  8.925  7.702  3.673   0.2341    0.2959    0.2385    0.0667
155     B         A          155           GLY        95.33         662  465  86  8.925  7.702  3.335   0.2270    0.2928    0.2358    0.0548
156     B         A          156           ASP        93.96         662  465  104  8.925  7.702  3.736   0.2346    0.2962    0.2388    0.0689
157     B         A          157           THR        96.23         662  465  122  8.925  7.702  4.087   0.2424    0.3045    0.2461    0.0845
158     B         A          158           VAL        95.60         662  465  128  8.925  7.702  4.195   0.2467    0.3041    0.2458    0.0884
159     B         A          159           THR        96.18         662  465  129  8.925  7.702  4.213   0.2464    0.3081    0.2493    0.0907
160     B         A          160           LEU        97.31         662  465  141  8.925  7.702  4.416   0.2532    0.3115    0.2524    0.1003
161     B         A          161           SER        97.22         662  465  137  8.925  7.702  4.350   0.2511    0.3133    0.2540    0.0984
162     B         A          162           CYS        98.34         662  465  159  8.925  7.702  4.699   0.2602    0.3168    0.2572    0.1148
163     B         A          163           THR        97.47         662  465  148  8.925  7.702  4.530   0.2548    0.3143    0.2549    0.1064
164     B         A          164           ALA        94.15         662  465  139  8.925  7.702  4.383   0.2521    0.3149    0.2555    0.1006
165     B         A          165           SER        88.74         662  465  135  8.925  7.702  4.316   0.2494    0.3138    0.2544    0.0973
166     B         A          166           ARG        79.19         662  465  126  8.925  7.702  4.159   0.2451    0.3097    0.2509    0.0894
167     B         A          167           PRO        76.61         662  465  124  8.925  7.702  4.123   0.2407    0.3051    0.2468    0.0862
168     B         A          168           ILE        85.90         662  465  126  8.925  7.702  4.159   0.2442    0.3046    0.2463    0.0874
169     B         A          169           GLY        78.30         662  465  133  8.925  7.702  4.282   0.2447    0.3054    0.2469    0.0924
170     B         A          170           ASP        81.02         662  465  142  8.925  7.702  4.433   0.2486    0.3065    0.2480    0.0989
171     B         A          171           LEU        83.65         662  465  131  8.925  7.702  4.247   0.2470    0.3086    0.2498    0.0924
172     B         A          172           LEU        94.71         662  465  167  8.925  7.702  4.818   0.2623    0.3165    0.2569    0.1198
173     B         A          173           SER        95.86         662  465  202  8.925  7.702  5.291   0.2733    0.3168    0.2572    0.1411
174     B         A          174           TRP        98.46         662  465  236  8.925  7.702  5.697   0.2868    0.3247    0.2644    0.1652
175     B         A          175           TYR        98.28         662  465  221  8.925  7.702  5.523   0.2807    0.3223    0.2622    0.1552
176     B         A          176           LYS        97.85         662  465  195  8.925  7.702  5.201   0.2706    0.3154    0.2559    0.1361
177     B         A          177           GLN        97.79         662  465  154  8.925  7.702  4.623   0.2570    0.3119    0.2527    0.1090
178     B         A          178           LYS        94.58         662  465  127  8.925  7.702  4.177   0.2465    0.3076    0.2489    0.0891
179     B         A          179           PRO        89.33         662  465  69  8.925  7.702  2.887   0.2169    0.2876    0.2312    0.0406
180     B         A          180           GLY        93.27         662  465  62  8.925  7.702  2.675   0.2152    0.2863    0.2301    0.0348
181     B         A          181           GLN        95.29         662  465  128  8.925  7.702  4.195   0.2468    0.3084    0.2496    0.0901
182     B         A          182           PRO        96.38         662  465  139  8.925  7.702  4.383   0.2504    0.3094    0.2505    0.0981
183     B         A          183           PRO        97.38         662  465  140  8.925  7.702  4.400   0.2524    0.3118    0.2526    0.0997
184     B         A          184           GLN        94.72         662  465  147  8.925  7.702  4.514   0.2546    0.3107    0.2517    0.1039
185     B         A          185           LEU        95.48         662  465  224  8.925  7.702  5.559   0.2792    0.3178    0.2581    0.1541
186     B         A          186           LEU        97.72         662  465  176  8.925  7.702  4.946   0.2649    0.3148    0.2554    0.1244
187     B         A          187           ILE        96.93         662  465  188  8.925  7.702  5.109   0.2697    0.3184    0.2587    0.1338
188     B         A          188           TYR        91.23         662  465  184  8.925  7.702  5.056   0.2670    0.3153    0.2558    0.1297
189     B         A          189           ARG        84.06         662  465  156  8.925  7.702  4.654   0.2583    0.3135    0.2542    0.1112
190     B         A          190           ALA        92.56         662  465  150  8.925  7.702  4.561   0.2545    0.3129    0.2536    0.1070
191     B         A          191           SER        92.05         662  465  147  8.925  7.702  4.514   0.2518    0.3121    0.2530    0.1047
192     B         A          192           THR        89.17         662  465  152  8.925  7.702  4.592   0.2547    0.3094    0.2506    0.1067
193     B         A          193           LEU        93.82         662  465  157  8.925  7.702  4.669   0.2575    0.3135    0.2542    0.1119
194     B         A          194           ALA        92.71         662  465  155  8.925  7.702  4.639   0.2570    0.3097    0.2508    0.1087
195     B         A          195           PRO        86.50         662  465  126  8.925  7.702  4.159   0.2429    0.3029    0.2448    0.0866
196     B         A          196           GLY        92.05         662  465  110  8.925  7.702  3.858   0.2363    0.3009    0.2429    0.0747
197     B         A          197           VAL        95.29         662  465  120  8.925  7.702  4.050   0.2423    0.3019    0.2438    0.0820
198     B         A          198           ASP        91.48         662  465  79  8.925  7.702  3.160   0.2226    0.2894    0.2329    0.0487
199     B         A          199           SER        93.54         662  465  90  8.925  7.702  3.429   0.2291    0.2954    0.2381    0.0585
200     B         A          200           ARG        95.69         662  465  121  8.925  7.702  4.068   0.2406    0.3011    0.2432    0.0825
201     B         A          201           TYR        97.52         662  465  175  8.925  7.702  4.932   0.2625    0.3111    0.2521    0.1219
202     B         A          202           SER        96.23         662  465  149  8.925  7.702  4.545   0.2550    0.3125    0.2533    0.1062
203     B         A          203           GLY        97.09         662  465  139  8.925  7.702  4.383   0.2519    0.3114    0.2523    0.0990
204     B         A          204           SER        95.27         662  465  128  8.925  7.702  4.195   0.2457    0.3110    0.2520    0.0913
205     B         A          205           GLY        94.32         662  465  102  8.925  7.702  3.694   0.2316    0.3016    0.2436    0.0693
206     B         A          206           SER        84.72         662  465  100  8.925  7.702  3.652   0.2282    0.2950    0.2378    0.0657
207     B         A          207           ASP        81.08         662  465  90  8.925  7.702  3.429   0.2281    0.2973    0.2398    0.0591
208     B         A          208           THR        91.30         662  465  112  8.925  7.702  3.897   0.2379    0.3050    0.2466    0.0777
209     B         A          209           SER        95.12         662  465  131  8.925  7.702  4.247   0.2444    0.3103    0.2514    0.0932
210     B         A          210           PHE        97.49         662  465  175  8.925  7.702  4.932   0.2644    0.3177    0.2580    0.1255
211     B         A          211           THR        97.17         662  465  153  8.925  7.702  4.608   0.2566    0.3126    0.2534    0.1089
212     B         A          212           LEU        98.20         662  465  171  8.925  7.702  4.875   0.2632    0.3139    0.2546    0.1209
213     B         A          213           THR        97.79         662  465  153  8.925  7.702  4.608   0.2562    0.3129    0.2537    0.1089
214     B         A          214           ILE        96.94         662  465  157  8.925  7.702  4.669   0.2570    0.3097    0.2508    0.1099
215     B         A          215           SER        95.15         662  465  102  8.925  7.702  3.694   0.2300    0.2975    0.2399    0.0679
216     B         A          216           SER        95.20         662  465  85  8.925  7.702  3.310   0.2270    0.2944    0.2372    0.0545
217     B         A          217           LEU        94.65         662  465  111  8.925  7.702  3.878   0.2365    0.2975    0.2400    0.0743
218     B         A          218           GLN        94.86         662  465  97  8.925  7.702  3.587   0.2311    0.2963    0.2389    0.0639
219     B         A          219           PRO        93.46         662  465  87  8.925  7.702  3.359   0.2254    0.2917    0.2349    0.0553
220     B         A          220           GLU        92.63         662  465  79  8.925  7.702  3.160   0.2233    0.2917    0.2348    0.0492
221     B         A          221           ASP        95.36         662  465  116  8.925  7.702  3.975   0.2400    0.3023    0.2442    0.0794
222     B         A          222           PHE        96.16         662  465  146  8.925  7.702  4.498   0.2544    0.3087    0.2498    0.1023
223     B         A          223           ALA        96.89         662  465  130  8.925  7.702  4.230   0.2489    0.3084    0.2496    0.0915
224     B         A          224           THR        97.59         662  465  159  8.925  7.702  4.699   0.2576    0.3108    0.2517    0.1118
225     B         A          225           TYR        98.50         662  465  217  8.925  7.702  5.476   0.2785    0.3210    0.2610    0.1521
226     B         A          226           TYR        98.44         662  465  203  8.925  7.702  5.304   0.2745    0.3187    0.2589    0.1427
227     B         A          227           CYS        97.81         662  465  188  8.925  7.702  5.109   0.2691    0.3195    0.2596    0.1344
228     B         A          228           GLN        96.54         662  465  158  8.925  7.702  4.684   0.2598    0.3149    0.2554    0.1131
229     B         A          229           GLN        92.51         662  465  141  8.925  7.702  4.416   0.2529    0.3127    0.2535    0.1009
230     B         A          230           THR        82.92         662  465  145  8.925  7.702  4.482   0.2519    0.3051    0.2467    0.1002
231     B         A          231           SER        77.22         662  465  116  8.925  7.702  3.975   0.2396    0.3031    0.2449    0.0798
232     B         A          232           ARG        69.98         662  465  117  8.925  7.702  3.994   0.2389    0.3053    0.2468    0.0813
233     B         A          233           PHE        75.32         662  465  123  8.925  7.702  4.105   0.2436    0.3066    0.2480    0.0860
234     B         A          234           PRO        83.24         662  465  123  8.925  7.702  4.105   0.2457    0.3124    0.2532    0.0883
235     B         A          235           ILE        88.85         662  465  146  8.925  7.702  4.498   0.2573    0.3138    0.2545    0.1048
236     B         A          236           THR        92.39         662  465  149  8.925  7.702  4.545   0.2563    0.3152    0.2558    0.1075
237     B         A          237           PHE        96.57         662  465  218  8.925  7.702  5.488   0.2794    0.3217    0.2617    0.1532
238     B         A          238           GLY        97.24         662  465  152  8.925  7.702  4.592   0.2564    0.3149    0.2554    0.1092
239     B         A          239           GLN        95.56         662  465  144  8.925  7.702  4.465   0.2527    0.3121    0.2529    0.1026
240     B         A          240           GLY        97.72         662  465  121  8.925  7.702  4.068   0.2438    0.3076    0.2489    0.0849
241     B         A          241           THR        97.61         662  465  154  8.925  7.702  4.623   0.2559    0.3113    0.2522    0.1088
242     B         A          242           THR        96.68         662  465  139  8.925  7.702  4.383   0.2518    0.3081    0.2493    0.0975
243     B         A          243           ILE        96.60         662  465  139  8.925  7.702  4.383   0.2515    0.3083    0.2495    0.0975
244     B         A          244           LYS        92.87         662  465  104  8.925  7.702  3.736   0.2319    0.2953    0.2380    0.0686
245     B         A          245           GLN        88.35         662  465  36  8.925  7.702  1.621   0.2036    0.2754    0.2207    0.0124
246     B         A          246           ALA        82.85         662  465  0  8.925  7.702  1.039   0.1476    0.0000    0.0000    0.0000
