i,AlignChn,ScoredChain,AlignResNum,AlignResType,AlignRespLDDT,n0chn,n0dom,n0res,d0chn,d0dom,d0res,ipTM_pae,ipSAE_d0chn,ipSAE_d0dom,ipSAE 
247     A         B            1           ILE        92.33         662  265  0  8.925  6.012  1.039   0.1135    0.0000    0.0000    0.0000
248     A         B            2           CYS        94.22         662  265  0  8.925  6.012  1.039   0.1277    0.0000    0.0000    0.0000
249     A         B            3           LEU        92.09         662  265  0  8.925  6.012  1.039   0.1289    0.0000    0.0000    0.0000
250     A         B            4           GLN        92.85         662  265  0  8.925  6.012  1.039   0.1339    0.0000    0.0000    0.0000
251     A         B            5           LYS        93.45         662  265  0  8.925  6.012  1.039   0.1355    0.0000    0.0000    0.0000
252     A         B            6           THR        93.25         662  265  0  8.925  6.012  1.039   0.1268    0.0000    0.0000    0.0000
253     A         B            7           SER        86.99         662  265  0  8.925  6.012  1.039   0.1225    0.0000    0.0000    0.0000
254     A         B            8           ASN        87.41         662  265  0  8.925  6.012  1.039   0.1168    0.0000    0.0000    0.0000
255     A         B            9           GLN        88.29         662  265  0  8.925  6.012  1.039   0.1198    0.0000    0.0000    0.0000
256     A         B           10           ILE        93.40         662  265  0  8.925  6.012  1.039   0.1345    0.0000    0.0000    0.0000
257     A         B           11           LEU        96.26         662  265  0  8.925  6.012  1.039   0.1667    0.0000    0.0000    0.0000
258     A         B           12           LYS        92.03         662  265  0  8.925  6.012  1.039   0.1689    0.0000    0.0000    0.0000
259     A         B           13           PRO        95.63         662  265  0  8.925  6.012  1.039   0.1822    0.0000    0.0000    0.0000
260     A         B           14           LYS        90.55         662  265  0  8.925  6.012  1.039   0.1856    0.0000    0.0000    0.0000
261     A         B           15           LEU        87.50         662  265  0  8.925  6.012  1.039   0.1907    0.0000    0.0000    0.0000
262     A         B           16           ILE        85.06         662  265  0  8.925  6.012  1.039   0.1854    0.0000    0.0000    0.0000
263     A         B           17           SER        60.10         662  265  0  8.925  6.012  1.039   0.1618    0.0000    0.0000    0.0000
264     A         B           18           TYR        60.78         662  265  0  8.925  6.012  1.039   0.1555    0.0000    0.0000    0.0000
265     A         B           19           THR        59.97         662  265  0  8.925  6.012  1.039   0.1628    0.0000    0.0000    0.0000
266     A         B           20           LEU        68.04         662  265  0  8.925  6.012  1.039   0.1649    0.0000    0.0000    0.0000
267     A         B           21           PRO        57.53         662  265  0  8.925  6.012  1.039   0.1532    0.0000    0.0000    0.0000
268     A         B           22           VAL        65.59         662  265  0  8.925  6.012  1.039   0.1556    0.0000    0.0000    0.0000
269     A         B           23           VAL        61.95         662  265  0  8.925  6.012  1.039   0.1563    0.0000    0.0000    0.0000
270     A         B           24           GLY        62.31         662  265  0  8.925  6.012  1.039   0.1431    0.0000    0.0000    0.0000
271     A         B           25           GLN        63.68         662  265  0  8.925  6.012  1.039   0.1501    0.0000    0.0000    0.0000
272     A         B           26           SER        67.45         662  265  0  8.925  6.012  1.039   0.1555    0.0000    0.0000    0.0000
273     A         B           27           GLY        73.93         662  265  0  8.925  6.012  1.039   0.1654    0.0000    0.0000    0.0000
274     A         B           28           THR        79.22         662  265  0  8.925  6.012  1.039   0.1774    0.0000    0.0000    0.0000
275     A         B           29           CYS        79.32         662  265  1  8.925  6.012  1.039   0.1863    0.2622    0.1388    0.0048
276     A         B           30           ILE        85.96         662  265  3  8.925  6.012  1.039   0.1955    0.2667    0.1416    0.0049
277     A         B           31           THR        85.84         662  265  4  8.925  6.012  1.039   0.1958    0.2645    0.1403    0.0048
278     A         B           32           ASP        91.85         662  265  8  8.925  6.012  1.039   0.2001    0.2728    0.1454    0.0051
279     A         B           33           PRO        93.55         662  265  6  8.925  6.012  1.039   0.1989    0.2743    0.1464    0.0051
280     A         B           34           LEU        96.35         662  265  11  8.925  6.012  1.039   0.2030    0.2725    0.1453    0.0051
281     A         B           35           LEU        96.80         662  265  12  8.925  6.012  1.039   0.2053    0.2766    0.1479    0.0052
282     A         B           36           ALA        98.33         662  265  13  8.925  6.012  1.039   0.2067    0.2719    0.1449    0.0050
283     A         B           37           MET        96.58         662  265  9  8.925  6.012  1.039   0.2011    0.2728    0.1454    0.0051
284     A         B           38           ASP        95.68         662  265  5  8.925  6.012  1.039   0.1948    0.2679    0.1424    0.0049
285     A         B           39           GLU        94.22         662  265  1  8.925  6.012  1.039   0.1859    0.2654    0.1408    0.0049
286     A         B           40           GLY        94.45         662  265  0  8.925  6.012  1.039   0.1849    0.0000    0.0000    0.0000
287     A         B           41           TYR        96.52         662  265  8  8.925  6.012  1.039   0.2006    0.2703    0.1439    0.0050
288     A         B           42           PHE        95.98         662  265  9  8.925  6.012  1.039   0.2024    0.2743    0.1464    0.0051
289     A         B           43           ALA        97.95         662  265  12  8.925  6.012  1.039   0.2064    0.2737    0.1460    0.0051
290     A         B           44           TYR        94.21         662  265  8  8.925  6.012  1.039   0.2018    0.2720    0.1450    0.0050
291     A         B           45           SER        96.23         662  265  5  8.925  6.012  1.039   0.1975    0.2696    0.1435    0.0050
292     A         B           46           HIS        92.05         662  265  9  8.925  6.012  1.039   0.2013    0.2699    0.1436    0.0050
293     A         B           47           LEU        91.79         662  265  7  8.925  6.012  1.039   0.1964    0.2701    0.1437    0.0050
294     A         B           48           GLU        86.56         662  265  2  8.925  6.012  1.039   0.1927    0.2683    0.1426    0.0049
295     A         B           49           ARG        82.84         662  265  0  8.925  6.012  1.039   0.1834    0.0000    0.0000    0.0000
296     A         B           50           ILE        81.02         662  265  0  8.925  6.012  1.039   0.1833    0.0000    0.0000    0.0000
297     A         B           51           GLY        73.53         662  265  0  8.925  6.012  1.039   0.1769    0.0000    0.0000    0.0000
298     A         B           52           SER        68.17         662  265  0  8.925  6.012  1.039   0.1805    0.0000    0.0000    0.0000
299     A         B           53           CYS        70.82         662  265  4  8.925  6.012  1.039   0.1902    0.2644    0.1402    0.0048
300     A         B           54           SER        62.47         662  265  1  8.925  6.012  1.039   0.1782    0.2620    0.1387    0.0048
301     A         B           55           ARG        63.73         662  265  0  8.925  6.012  1.039   0.1745    0.0000    0.0000    0.0000
302     A         B           56           GLY        73.67         662  265  0  8.925  6.012  1.039   0.1696    0.0000    0.0000    0.0000
303     A         B           57           VAL        81.39         662  265  0  8.925  6.012  1.039   0.1747    0.0000    0.0000    0.0000
304     A         B           58           SER        85.54         662  265  0  8.925  6.012  1.039   0.1762    0.0000    0.0000    0.0000
305     A         B           59           LYS        85.87         662  265  0  8.925  6.012  1.039   0.1777    0.0000    0.0000    0.0000
306     A         B           60           GLN        86.72         662  265  0  8.925  6.012  1.039   0.1771    0.0000    0.0000    0.0000
307     A         B           61           ARG        92.92         662  265  2  8.925  6.012  1.039   0.1933    0.2696    0.1434    0.0050
308     A         B           62           ILE        90.29         662  265  1  8.925  6.012  1.039   0.1888    0.2647    0.1404    0.0049
309     A         B           63           ILE        96.08         662  265  5  8.925  6.012  1.039   0.1970    0.2659    0.1412    0.0049
310     A         B           64           GLY        93.51         662  265  3  8.925  6.012  1.039   0.1939    0.2673    0.1420    0.0049
311     A         B           65           VAL        95.00         662  265  8  8.925  6.012  1.039   0.1980    0.2660    0.1412    0.0049
312     A         B           66           GLY        92.19         662  265  1  8.925  6.012  1.039   0.1909    0.2689    0.1430    0.0050
313     A         B           67           GLU        86.44         662  265  0  8.925  6.012  1.039   0.1878    0.0000    0.0000    0.0000
314     A         B           68           VAL        92.55         662  265  5  8.925  6.012  1.039   0.1938    0.2628    0.1392    0.0048
315     A         B           69           LEU        82.30         662  265  0  8.925  6.012  1.039   0.1732    0.0000    0.0000    0.0000
316     A         B           70           ASP        82.61         662  265  0  8.925  6.012  1.039   0.1654    0.0000    0.0000    0.0000
317     A         B           71           ARG        72.72         662  265  0  8.925  6.012  1.039   0.1420    0.0000    0.0000    0.0000
318     A         B           72           GLY        75.62         662  265  0  8.925  6.012  1.039   0.1435    0.0000    0.0000    0.0000
319     A         B           73           ASP        79.29         662  265  0  8.925  6.012  1.039   0.1526    0.0000    0.0000    0.0000
320     A         B           74           GLU        86.02         662  265  0  8.925  6.012  1.039   0.1657    0.0000    0.0000    0.0000
321     A         B           75           VAL        88.57         662  265  0  8.925  6.012  1.039   0.1789    0.0000    0.0000    0.0000
322     A         B           76           PRO        92.43         662  265  0  8.925  6.012  1.039   0.1876    0.0000    0.0000    0.0000
323     A         B           77           SER        85.05         662  265  0  8.925  6.012  1.039   0.1812    0.0000    0.0000    0.0000
324     A         B           78           LEU        88.81         662  265  7  8.925  6.012  1.039   0.1953    0.2666    0.1416    0.0049
325     A         B           79           PHE        84.02         662  265  3  8.925  6.012  1.039   0.1953    0.2659    0.1411    0.0049
326     A         B           80           MET        85.89         662  265  1  8.925  6.012  1.039   0.1915    0.2622    0.1388    0.0048
327     A         B           81           THR        86.91         662  265  0  8.925  6.012  1.039   0.1867    0.0000    0.0000    0.0000
328     A         B           82           ASN        89.19         662  265  0  8.925  6.012  1.039   0.1882    0.0000    0.0000    0.0000
329     A         B           83           VAL        87.69         662  265  0  8.925  6.012  1.039   0.1901    0.0000    0.0000    0.0000
330     A         B           84           TRP        92.81         662  265  0  8.925  6.012  1.039   0.1908    0.0000    0.0000    0.0000
331     A         B           85           THR        89.24         662  265  0  8.925  6.012  1.039   0.1800    0.0000    0.0000    0.0000
332     A         B           86           PRO        93.34         662  265  0  8.925  6.012  1.039   0.1774    0.0000    0.0000    0.0000
333     A         B           87           PRO        90.12         662  265  0  8.925  6.012  1.039   0.1648    0.0000    0.0000    0.0000
334     A         B           88           ASN        91.73         662  265  0  8.925  6.012  1.039   0.1684    0.0000    0.0000    0.0000
335     A         B           89           PRO        89.73         662  265  0  8.925  6.012  1.039   0.1679    0.0000    0.0000    0.0000
336     A         B           90           ASN        90.13         662  265  0  8.925  6.012  1.039   0.1678    0.0000    0.0000    0.0000
337     A         B           91           THR        94.97         662  265  0  8.925  6.012  1.039   0.1727    0.0000    0.0000    0.0000
338     A         B           92           VAL        96.49         662  265  1  8.925  6.012  1.039   0.1891    0.2647    0.1404    0.0049
339     A         B           93           TYR        96.67         662  265  4  8.925  6.012  1.039   0.1920    0.2679    0.1424    0.0049
340     A         B           94           HIS        97.84         662  265  7  8.925  6.012  1.039   0.2019    0.2754    0.1471    0.0051
341     A         B           95           CYS        98.15         662  265  9  8.925  6.012  1.039   0.2010    0.2712    0.1445    0.0050
342     A         B           96           SER        98.82         662  265  7  8.925  6.012  1.039   0.2013    0.2730    0.1456    0.0051
343     A         B           97           ALA        98.75         662  265  12  8.925  6.012  1.039   0.2046    0.2708    0.1442    0.0050
344     A         B           98           VAL        98.69         662  265  7  8.925  6.012  1.039   0.1998    0.2703    0.1439    0.0050
345     A         B           99           TYR        98.06         662  265  10  8.925  6.012  1.039   0.2041    0.2738    0.1461    0.0051
346     A         B          100           ASN        96.00         662  265  3  8.925  6.012  1.039   0.1931    0.2668    0.1417    0.0049
347     A         B          101           ASN        90.44         662  265  0  8.925  6.012  1.039   0.1680    0.0000    0.0000    0.0000
348     A         B          102           GLU        90.37         662  265  0  8.925  6.012  1.039   0.1758    0.0000    0.0000    0.0000
349     A         B          103           PHE        94.85         662  265  5  8.925  6.012  1.039   0.1987    0.2696    0.1435    0.0050
350     A         B          104           TYR        97.92         662  265  8  8.925  6.012  1.039   0.2013    0.2678    0.1423    0.0049
351     A         B          105           TYR        97.38         662  265  8  8.925  6.012  1.039   0.2018    0.2687    0.1429    0.0050
352     A         B          106           VAL        98.42         662  265  6  8.925  6.012  1.039   0.1978    0.2666    0.1416    0.0049
353     A         B          107           LEU        98.62         662  265  8  8.925  6.012  1.039   0.1985    0.2679    0.1424    0.0049
354     A         B          108           CYS        98.14         662  265  10  8.925  6.012  1.039   0.2019    0.2738    0.1461    0.0051
355     A         B          109           ALA        98.33         662  265  7  8.925  6.012  1.039   0.1983    0.2716    0.1447    0.0050
356     A         B          110           VAL        97.07         662  265  2  8.925  6.012  1.039   0.1912    0.2654    0.1408    0.0049
357     A         B          111           SER        97.03         662  265  2  8.925  6.012  1.039   0.1902    0.2643    0.1401    0.0048
358     A         B          112           THR        94.01         662  265  0  8.925  6.012  1.039   0.1812    0.0000    0.0000    0.0000
359     A         B          113           VAL        93.04         662  265  0  8.925  6.012  1.039   0.1871    0.0000    0.0000    0.0000
360     A         B          114           GLY        92.33         662  265  2  8.925  6.012  1.039   0.1874    0.2654    0.1408    0.0049
361     A         B          115           ASP        92.64         662  265  4  8.925  6.012  1.039   0.1953    0.2690    0.1431    0.0050
362     A         B          116           PRO        97.84         662  265  4  8.925  6.012  1.039   0.1962    0.2735    0.1459    0.0051
363     A         B          117           ILE        96.24         662  265  4  8.925  6.012  1.039   0.1959    0.2682    0.1426    0.0049
364     A         B          118           LEU        91.20         662  265  4  8.925  6.012  1.039   0.1930    0.2664    0.1414    0.0049
365     A         B          119           ASN        94.37         662  265  2  8.925  6.012  1.039   0.1876    0.2724    0.1452    0.0050
366     A         B          120           SER        96.06         662  265  2  8.925  6.012  1.039   0.1904    0.2655    0.1409    0.0049
367     A         B          121           THR        94.23         662  265  0  8.925  6.012  1.039   0.1837    0.0000    0.0000    0.0000
368     A         B          122           TYR        94.44         662  265  0  8.925  6.012  1.039   0.1856    0.0000    0.0000    0.0000
369     A         B          123           TRP        97.88         662  265  2  8.925  6.012  1.039   0.1902    0.2655    0.1409    0.0049
370     A         B          124           SER        95.55         662  265  0  8.925  6.012  1.039   0.1796    0.0000    0.0000    0.0000
371     A         B          125           GLY        97.83         662  265  0  8.925  6.012  1.039   0.1827    0.0000    0.0000    0.0000
372     A         B          126           SER        96.47         662  265  0  8.925  6.012  1.039   0.1852    0.0000    0.0000    0.0000
373     A         B          127           LEU        97.81         662  265  4  8.925  6.012  1.039   0.1945    0.2710    0.1443    0.0050
374     A         B          128           MET        95.72         662  265  1  8.925  6.012  1.039   0.1874    0.2650    0.1406    0.0049
375     A         B          129           MET        95.96         662  265  3  8.925  6.012  1.039   0.1930    0.2678    0.1424    0.0049
376     A         B          130           THR        96.16         662  265  3  8.925  6.012  1.039   0.1948    0.2680    0.1424    0.0049
377     A         B          131           ARG        94.13         662  265  1  8.925  6.012  1.039   0.1939    0.2688    0.1429    0.0050
378     A         B          132           LEU        95.36         662  265  4  8.925  6.012  1.039   0.1932    0.2654    0.1408    0.0049
379     A         B          133           ALA        92.26         662  265  3  8.925  6.012  1.039   0.1976    0.2666    0.1416    0.0049
380     A         B          134           VAL        93.28         662  265  0  8.925  6.012  1.039   0.1861    0.0000    0.0000    0.0000
381     A         B          135           LYS        85.03         662  265  0  8.925  6.012  1.039   0.1692    0.0000    0.0000    0.0000
382     A         B          136           PRO        79.92         662  265  0  8.925  6.012  1.039   0.1428    0.0000    0.0000    0.0000
383     A         B          137           LYS        73.03         662  265  0  8.925  6.012  1.039   0.1297    0.0000    0.0000    0.0000
384     A         B          138           SER        64.02         662  265  0  8.925  6.012  1.039   0.1070    0.0000    0.0000    0.0000
385     A         B          139           ASN        64.27         662  265  0  8.925  6.012  1.039   0.0993    0.0000    0.0000    0.0000
386     A         B          140           GLY        64.75         662  265  0  8.925  6.012  1.039   0.1025    0.0000    0.0000    0.0000
387     A         B          141           GLY        63.92         662  265  0  8.925  6.012  1.039   0.1083    0.0000    0.0000    0.0000
388     A         B          142           GLY        69.23         662  265  0  8.925  6.012  1.039   0.1172    0.0000    0.0000    0.0000
389     A         B          143           TYR        71.53         662  265  0  8.925  6.012  1.039   0.1338    0.0000    0.0000    0.0000
390     A         B          144           ASN        83.85         662  265  0  8.925  6.012  1.039   0.1552    0.0000    0.0000    0.0000
391     A         B          145           GLN        85.18         662  265  0  8.925  6.012  1.039   0.1675    0.0000    0.0000    0.0000
392     A         B          146           HIS        88.00         662  265  0  8.925  6.012  1.039   0.1787    0.0000    0.0000    0.0000
393     A         B          147           GLN        89.59         662  265  0  8.925  6.012  1.039   0.1778    0.0000    0.0000    0.0000
394     A         B          148           LEU        90.85         662  265  0  8.925  6.012  1.039   0.1730    0.0000    0.0000    0.0000
395     A         B          149           ALA        83.37         662  265  0  8.925  6.012  1.039   0.1519    0.0000    0.0000    0.0000
396     A         B          150           LEU        92.05         662  265  0  8.925  6.012  1.039   0.1594    0.0000    0.0000    0.0000
397     A         B          151           ARG        87.32         662  265  0  8.925  6.012  1.039   0.1482    0.0000    0.0000    0.0000
398     A         B          152           SER        91.00         662  265  0  8.925  6.012  1.039   0.1611    0.0000    0.0000    0.0000
399     A         B          153           ILE        96.65         662  265  0  8.925  6.012  1.039   0.1811    0.0000    0.0000    0.0000
400     A         B          154           GLU        96.32         662  265  1  8.925  6.012  1.039   0.1843    0.2631    0.1394    0.0048
401     A         B          155           LYS        97.17         662  265  0  8.925  6.012  1.039   0.1805    0.0000    0.0000    0.0000
402     A         B          156           GLY        97.26         662  265  0  8.925  6.012  1.039   0.1795    0.0000    0.0000    0.0000
403     A         B          157           ARG        95.39         662  265  0  8.925  6.012  1.039   0.1801    0.0000    0.0000    0.0000
404     A         B          158           TYR        98.67         662  265  2  8.925  6.012  1.039   0.1936    0.2728    0.1455    0.0051
405     A         B          159           ASP        97.76         662  265  2  8.925  6.012  1.039   0.1882    0.2630    0.1394    0.0048
406     A         B          160           LYS        98.51         662  265  1  8.925  6.012  1.039   0.1875    0.2662    0.1413    0.0049
407     A         B          161           VAL        98.81         662  265  4  8.925  6.012  1.039   0.1944    0.2724    0.1452    0.0050
408     A         B          162           MET        98.15         662  265  3  8.925  6.012  1.039   0.1871    0.2677    0.1423    0.0049
409     A         B          163           PRO        98.83         662  265  7  8.925  6.012  1.039   0.1980    0.2731    0.1457    0.0051
410     A         B          164           TYR        98.70         662  265  13  8.925  6.012  1.039   0.2017    0.2735    0.1459    0.0051
411     A         B          165           GLY        98.72         662  265  3  8.925  6.012  1.039   0.1907    0.2732    0.1457    0.0051
412     A         B          166           PRO        98.07         662  265  10  8.925  6.012  1.039   0.2004    0.2708    0.1443    0.0050
413     A         B          167           SER        98.20         662  265  5  8.925  6.012  1.039   0.1983    0.2701    0.1438    0.0050
414     A         B          168           GLY        98.79         662  265  9  8.925  6.012  1.039   0.1987    0.2702    0.1438    0.0050
415     A         B          169           ILE        98.28         662  265  9  8.925  6.012  1.039   0.1995    0.2709    0.1443    0.0050
416     A         B          170           LYS        96.98         662  265  6  8.925  6.012  1.039   0.1965    0.2716    0.1447    0.0050
417     A         B          171           GLN        94.93         662  265  2  8.925  6.012  1.039   0.1857    0.2644    0.1402    0.0048
418     A         B          172           GLY        93.83         662  265  0  8.925  6.012  1.039   0.1701    0.0000    0.0000    0.0000
419     A         B          173           ASP        91.60         662  265  0  8.925  6.012  1.039   0.1683    0.0000    0.0000    0.0000
420     A         B          174           THR        96.83         662  265  2  8.925  6.012  1.039   0.1916    0.2713    0.1445    0.0050
421     A         B          175           LEU        97.88         662  265  7  8.925  6.012  1.039   0.1964    0.2694    0.1433    0.0050
422     A         B          176           TYR        98.67         662  265  8  8.925  6.012  1.039   0.2002    0.2718    0.1449    0.0050
423     A         B          177           PHE        98.91         662  265  9  8.925  6.012  1.039   0.2018    0.2742    0.1463    0.0051
424     A         B          178           PRO        98.90         662  265  12  8.925  6.012  1.039   0.2025    0.2733    0.1458    0.0051
425     A         B          179           ALA        98.89         662  265  6  8.925  6.012  1.039   0.1991    0.2739    0.1462    0.0051
426     A         B          180           VAL        98.80         662  265  6  8.925  6.012  1.039   0.1958    0.2706    0.1441    0.0050
427     A         B          181           GLY        98.84         662  265  5  8.925  6.012  1.039   0.1947    0.2732    0.1458    0.0051
428     A         B          182           PHE        98.70         662  265  7  8.925  6.012  1.039   0.1985    0.2718    0.1448    0.0050
429     A         B          183           LEU        98.26         662  265  3  8.925  6.012  1.039   0.1939    0.2700    0.1437    0.0050
430     A         B          184           VAL        97.67         662  265  0  8.925  6.012  1.039   0.1866    0.0000    0.0000    0.0000
431     A         B          185           ARG        95.06         662  265  0  8.925  6.012  1.039   0.1819    0.0000    0.0000    0.0000
432     A         B          186           THR        94.74         662  265  0  8.925  6.012  1.039   0.1819    0.0000    0.0000    0.0000
433     A         B          187           GLU        95.95         662  265  0  8.925  6.012  1.039   0.1827    0.0000    0.0000    0.0000
434     A         B          188           PHE        96.32         662  265  0  8.925  6.012  1.039   0.1732    0.0000    0.0000    0.0000
435     A         B          189           LYS        91.34         662  265  0  8.925  6.012  1.039   0.1569    0.0000    0.0000    0.0000
436     A         B          190           TYR        94.02         662  265  0  8.925  6.012  1.039   0.1575    0.0000    0.0000    0.0000
437     A         B          191           ASN        92.75         662  265  0  8.925  6.012  1.039   0.1505    0.0000    0.0000    0.0000
438     A         B          192           ASP        90.39         662  265  0  8.925  6.012  1.039   0.1513    0.0000    0.0000    0.0000
439     A         B          193           SER        92.29         662  265  0  8.925  6.012  1.039   0.1507    0.0000    0.0000    0.0000
440     A         B          194           ASN        91.93         662  265  0  8.925  6.012  1.039   0.1533    0.0000    0.0000    0.0000
441     A         B          195           CYS        94.11         662  265  0  8.925  6.012  1.039   0.1605    0.0000    0.0000    0.0000
442     A         B          196           PRO        89.17         662  265  0  8.925  6.012  1.039   0.1525    0.0000    0.0000    0.0000
443     A         B          197           ILE        91.21         662  265  0  8.925  6.012  1.039   0.1514    0.0000    0.0000    0.0000
444     A         B          198           THR        88.34         662  265  0  8.925  6.012  1.039   0.1447    0.0000    0.0000    0.0000
445     A         B          199           LYS        85.08         662  265  0  8.925  6.012  1.039   0.1488    0.0000    0.0000    0.0000
446     A         B          200           CYS        90.10         662  265  0  8.925  6.012  1.039   0.1618    0.0000    0.0000    0.0000
447     A         B          201           GLN        82.46         662  265  0  8.925  6.012  1.039   0.1474    0.0000    0.0000    0.0000
448     A         B          202           TYR        81.35         662  265  0  8.925  6.012  1.039   0.1553    0.0000    0.0000    0.0000
449     A         B          203           SER        90.22         662  265  0  8.925  6.012  1.039   0.1598    0.0000    0.0000    0.0000
450     A         B          204           LYS        90.25         662  265  0  8.925  6.012  1.039   0.1666    0.0000    0.0000    0.0000
451     A         B          205           PRO        93.91         662  265  0  8.925  6.012  1.039   0.1685    0.0000    0.0000    0.0000
452     A         B          206           GLU        91.55         662  265  0  8.925  6.012  1.039   0.1789    0.0000    0.0000    0.0000
453     A         B          207           ASN        92.95         662  265  0  8.925  6.012  1.039   0.1812    0.0000    0.0000    0.0000
454     A         B          208           CYS        95.43         662  265  1  8.925  6.012  1.039   0.1890    0.2660    0.1412    0.0049
455     A         B          209           ARG        94.87         662  265  0  8.925  6.012  1.039   0.1827    0.0000    0.0000    0.0000
456     A         B          210           LEU        92.43         662  265  0  8.925  6.012  1.039   0.1848    0.0000    0.0000    0.0000
457     A         B          211           SER        93.77         662  265  0  8.925  6.012  1.039   0.1849    0.0000    0.0000    0.0000
458     A         B          212           MET        96.45         662  265  3  8.925  6.012  1.039   0.1889    0.2698    0.1436    0.0050
459     A         B          213           GLY        94.86         662  265  1  8.925  6.012  1.039   0.1832    0.2617    0.1385    0.0048
460     A         B          214           ILE        91.41         662  265  0  8.925  6.012  1.039   0.1825    0.0000    0.0000    0.0000
461     A         B          215           ARG        85.93         662  265  0  8.925  6.012  1.039   0.1799    0.0000    0.0000    0.0000
462     A         B          216           PRO        86.47         662  265  0  8.925  6.012  1.039   0.1772    0.0000    0.0000    0.0000
463     A         B          217           ASN        84.94         662  265  0  8.925  6.012  1.039   0.1732    0.0000    0.0000    0.0000
464     A         B          218           SER        92.52         662  265  0  8.925  6.012  1.039   0.1773    0.0000    0.0000    0.0000
465     A         B          219           HIS        96.31         662  265  0  8.925  6.012  1.039   0.1872    0.0000    0.0000    0.0000
466     A         B          220           TYR        98.07         662  265  2  8.925  6.012  1.039   0.1902    0.2636    0.1397    0.0048
467     A         B          221           ILE        97.46         662  265  2  8.925  6.012  1.039   0.1926    0.2633    0.1395    0.0048
468     A         B          222           LEU        97.88         662  265  7  8.925  6.012  1.039   0.1943    0.2704    0.1440    0.0050
469     A         B          223           ARG        98.21         662  265  3  8.925  6.012  1.039   0.1936    0.2719    0.1449    0.0050
470     A         B          224           SER        98.33         662  265  5  8.925  6.012  1.039   0.1974    0.2699    0.1436    0.0050
471     A         B          225           GLY        98.73         662  265  9  8.925  6.012  1.039   0.1970    0.2716    0.1447    0.0050
472     A         B          226           LEU        98.68         662  265  8  8.925  6.012  1.039   0.1974    0.2720    0.1450    0.0050
473     A         B          227           LEU        98.76         662  265  8  8.925  6.012  1.039   0.1982    0.2706    0.1441    0.0050
474     A         B          228           LYS        97.83         662  265  2  8.925  6.012  1.039   0.1928    0.2761    0.1475    0.0051
475     A         B          229           TYR        96.68         662  265  5  8.925  6.012  1.039   0.1938    0.2651    0.1407    0.0049
476     A         B          230           ASN        94.00         662  265  0  8.925  6.012  1.039   0.1819    0.0000    0.0000    0.0000
477     A         B          231           LEU        91.73         662  265  0  8.925  6.012  1.039   0.1747    0.0000    0.0000    0.0000
478     A         B          232           SER        87.72         662  265  0  8.925  6.012  1.039   0.1518    0.0000    0.0000    0.0000
479     A         B          233           ASP        78.07         662  265  0  8.925  6.012  1.039   0.1264    0.0000    0.0000    0.0000
480     A         B          234           GLY        75.47         662  265  0  8.925  6.012  1.039   0.1038    0.0000    0.0000    0.0000
481     A         B          235           GLU        68.08         662  265  0  8.925  6.012  1.039   0.1065    0.0000    0.0000    0.0000
482     A         B          236           ASN        70.95         662  265  0  8.925  6.012  1.039   0.1078    0.0000    0.0000    0.0000
483     A         B          237           PRO        80.28         662  265  0  8.925  6.012  1.039   0.1267    0.0000    0.0000    0.0000
484     A         B          238           LYS        90.59         662  265  0  8.925  6.012  1.039   0.1614    0.0000    0.0000    0.0000
485     A         B          239           VAL        96.50         662  265  0  8.925  6.012  1.039   0.1832    0.0000    0.0000    0.0000
486     A         B          240           VAL        97.25         662  265  1  8.925  6.012  1.039   0.1891    0.2654    0.1408    0.0049
487     A         B          241           PHE        98.69         662  265  7  8.925  6.012  1.039   0.1963    0.2720    0.1449    0.0050
488     A         B          242           ILE        98.19         662  265  2  8.925  6.012  1.039   0.1910    0.2657    0.1410    0.0049
489     A         B          243           GLU        97.26         662  265  2  8.925  6.012  1.039   0.1912    0.2705    0.1440    0.0050
490     A         B          244           ILE        97.32         662  265  1  8.925  6.012  1.039   0.1830    0.2618    0.1386    0.0048
491     A         B          245           SER        92.84         662  265  0  8.925  6.012  1.039   0.1561    0.0000    0.0000    0.0000
492     A         B          246           ASP        89.10         662  265  0  8.925  6.012  1.039   0.1560    0.0000    0.0000    0.0000
493     A         B          247           GLN        90.34         662  265  0  8.925  6.012  1.039   0.1565    0.0000    0.0000    0.0000
494     A         B          248           ARG        91.16         662  265  0  8.925  6.012  1.039   0.1629    0.0000    0.0000    0.0000
495     A         B          249           LEU        93.98         662  265  0  8.925  6.012  1.039   0.1696    0.0000    0.0000    0.0000
496     A         B          250           SER        95.85         662  265  0  8.925  6.012  1.039   0.1740    0.0000    0.0000    0.0000
497     A         B          251           ILE        96.58         662  265  0  8.925  6.012  1.039   0.1818    0.0000    0.0000    0.0000
498     A         B          252           GLY        98.07         662  265  2  8.925  6.012  1.039   0.1834    0.2751    0.1469    0.0051
499     A         B          253           SER        97.55         662  265  3  8.925  6.012  1.039   0.1895    0.2685    0.1428    0.0050
500     A         B          254           PRO        98.14         662  265  15  8.925  6.012  1.039   0.2017    0.2743    0.1464    0.0051
501     A         B          255           SER        98.60         662  265  13  8.925  6.012  1.039   0.2027    0.2741    0.1463    0.0051
502     A         B          256           LYS        98.81         662  265  12  8.925  6.012  1.039   0.2038    0.2751    0.1469    0.0051
503     A         B          257           ILE        98.80         662  265  12  8.925  6.012  1.039   0.2027    0.2746    0.1466    0.0051
504     A         B          258           TYR        98.52         662  265  8  8.925  6.012  1.039   0.1982    0.2711    0.1444    0.0050
505     A         B          259           ASP        95.72         662  265  2  8.925  6.012  1.039   0.1899    0.2749    0.1468    0.0051
506     A         B          260           SER        97.34         662  265  0  8.925  6.012  1.039   0.1779    0.0000    0.0000    0.0000
507     A         B          261           LEU        94.18         662  265  0  8.925  6.012  1.039   0.1794    0.0000    0.0000    0.0000
508     A         B          262           GLY        95.11         662  265  0  8.925  6.012  1.039   0.1660    0.0000    0.0000    0.0000
509     A         B          263           GLN        95.26         662  265  2  8.925  6.012  1.039   0.1818    0.2672    0.1420    0.0049
510     A         B          264           PRO        97.66         662  265  13  8.925  6.012  1.039   0.1992    0.2713    0.1445    0.0050
511     A         B          265           VAL        98.63         662  265  11  8.925  6.012  1.039   0.1999    0.2712    0.1445    0.0050
512     A         B          266           PHE        98.70         662  265  13  8.925  6.012  1.039   0.2008    0.2745    0.1465    0.0051
513     A         B          267           TYR        98.88         662  265  14  8.925  6.012  1.039   0.2033    0.2734    0.1458    0.0051
514     A         B          268           GLN        98.63         662  265  10  8.925  6.012  1.039   0.1988    0.2754    0.1471    0.0051
515     A         B          269           ALA        98.01         662  265  11  8.925  6.012  1.039   0.1998    0.2734    0.1458    0.0051
516     A         B          270           SER        96.61         662  265  7  8.925  6.012  1.039   0.1903    0.2721    0.1451    0.0050
517     A         B          271           PHE        95.51         662  265  5  8.925  6.012  1.039   0.1960    0.2665    0.1415    0.0049
518     A         B          272           SER        94.29         662  265  2  8.925  6.012  1.039   0.1838    0.2673    0.1420    0.0049
519     A         B          273           TRP        94.09         662  265  1  8.925  6.012  1.039   0.1873    0.2628    0.1392    0.0048
520     A         B          274           ASP        95.66         662  265  5  8.925  6.012  1.039   0.1905    0.2702    0.1439    0.0050
521     A         B          275           THR        93.34         662  265  8  8.925  6.012  1.039   0.1931    0.2714    0.1446    0.0050
522     A         B          276           MET        94.90         662  265  8  8.925  6.012  1.039   0.1943    0.2749    0.1468    0.0051
523     A         B          277           ILE        98.38         662  265  11  8.925  6.012  1.039   0.2009    0.2730    0.1456    0.0051
524     A         B          278           LYS        97.78         662  265  10  8.925  6.012  1.039   0.1964    0.2733    0.1458    0.0051
525     A         B          279           PHE        98.48         662  265  10  8.925  6.012  1.039   0.1983    0.2740    0.1462    0.0051
526     A         B          280           GLY        98.16         662  265  11  8.925  6.012  1.039   0.1973    0.2734    0.1458    0.0051
527     A         B          281           ASP        96.97         662  265  4  8.925  6.012  1.039   0.1917    0.2695    0.1434    0.0050
528     A         B          282           VAL        97.78         662  265  4  8.925  6.012  1.039   0.1958    0.2704    0.1440    0.0050
529     A         B          283           LEU        95.23         662  265  2  8.925  6.012  1.039   0.1864    0.2707    0.1441    0.0050
530     A         B          284           THR        94.90         662  265  0  8.925  6.012  1.039   0.1753    0.0000    0.0000    0.0000
531     A         B          285           VAL        95.12         662  265  0  8.925  6.012  1.039   0.1769    0.0000    0.0000    0.0000
532     A         B          286           ASN        94.04         662  265  0  8.925  6.012  1.039   0.1670    0.0000    0.0000    0.0000
533     A         B          287           PRO        93.59         662  265  0  8.925  6.012  1.039   0.1723    0.0000    0.0000    0.0000
534     A         B          288           LEU        97.51         662  265  0  8.925  6.012  1.039   0.1859    0.0000    0.0000    0.0000
535     A         B          289           VAL        95.92         662  265  0  8.925  6.012  1.039   0.1854    0.0000    0.0000    0.0000
536     A         B          290           VAL        97.56         662  265  2  8.925  6.012  1.039   0.1922    0.2659    0.1412    0.0049
537     A         B          291           ASN        96.07         662  265  3  8.925  6.012  1.039   0.1876    0.2694    0.1434    0.0050
538     A         B          292           TRP        97.43         662  265  6  8.925  6.012  1.039   0.1943    0.2681    0.1425    0.0049
539     A         B          293           ARG        97.71         662  265  2  8.925  6.012  1.039   0.1870    0.2689    0.1430    0.0050
540     A         B          294           ASN        93.19         662  265  0  8.925  6.012  1.039   0.1786    0.0000    0.0000    0.0000
541     A         B          295           ASN        97.09         662  265  4  8.925  6.012  1.039   0.1895    0.2655    0.1409    0.0049
542     A         B          296           THR        90.93         662  265  3  8.925  6.012  1.039   0.1869    0.2672    0.1419    0.0049
543     A         B          297           VAL        93.66         662  265  8  8.925  6.012  1.039   0.1920    0.2691    0.1431    0.0050
544     A         B          298           ILE        97.29         662  265  11  8.925  6.012  1.039   0.2036    0.2766    0.1479    0.0052
545     A         B          299           SER        95.82         662  265  13  8.925  6.012  1.039   0.2000    0.2803    0.1502    0.0053
546     A         B          300           ARG        96.10         662  265  13  8.925  6.012  1.039   0.1994    0.2794    0.1496    0.0052
547     A         B          301           PRO        89.27         662  265  11  8.925  6.012  1.039   0.1988    0.2801    0.1501    0.0052
548     A         B          302           GLY        83.57         662  265  7  8.925  6.012  1.039   0.1900    0.2717    0.1447    0.0050
549     A         B          303           GLN        69.14         662  265  9  8.925  6.012  1.039   0.1927    0.2725    0.1453    0.0051
550     A         B          304           SER        61.93         662  265  4  8.925  6.012  1.039   0.1875    0.2696    0.1435    0.0050
551     A         B          305           GLN        69.86         662  265  2  8.925  6.012  1.039   0.1867    0.2684    0.1427    0.0049
552     A         B          306           CYS        85.61         662  265  8  8.925  6.012  1.039   0.1917    0.2705    0.1440    0.0050
553     A         B          307           PRO        82.52         662  265  3  8.925  6.012  1.039   0.1871    0.2701    0.1438    0.0050
554     A         B          308           ARG        88.72         662  265  6  8.925  6.012  1.039   0.1931    0.2745    0.1465    0.0051
555     A         B          309           PHE        84.80         662  265  8  8.925  6.012  1.039   0.1930    0.2725    0.1453    0.0051
556     A         B          310           ASN        86.48         662  265  0  8.925  6.012  1.039   0.1833    0.0000    0.0000    0.0000
557     A         B          311           THR        89.16         662  265  0  8.925  6.012  1.039   0.1784    0.0000    0.0000    0.0000
558     A         B          312           CYS        90.98         662  265  0  8.925  6.012  1.039   0.1793    0.0000    0.0000    0.0000
559     A         B          313           PRO        93.68         662  265  0  8.925  6.012  1.039   0.1777    0.0000    0.0000    0.0000
560     A         B          314           GLU        87.81         662  265  0  8.925  6.012  1.039   0.1796    0.0000    0.0000    0.0000
561     A         B          315           ILE        85.88         662  265  1  8.925  6.012  1.039   0.1875    0.2631    0.1394    0.0048
562     A         B          316           CYS        87.00         662  265  4  8.925  6.012  1.039   0.1895    0.2708    0.1442    0.0050
563     A         B          317           TRP        89.20         662  265  7  8.925  6.012  1.039   0.1963    0.2680    0.1425    0.0049
564     A         B          318           GLU        87.84         662  265  4  8.925  6.012  1.039   0.1911    0.2705    0.1440    0.0050
565     A         B          319           GLY        92.75         662  265  4  8.925  6.012  1.039   0.1877    0.2668    0.1417    0.0049
566     A         B          320           VAL        94.32         662  265  7  8.925  6.012  1.039   0.1942    0.2647    0.1404    0.0049
567     A         B          321           TYR        97.71         662  265  14  8.925  6.012  1.039   0.2022    0.2756    0.1473    0.0051
568     A         B          322           ASN        98.38         662  265  8  8.925  6.012  1.039   0.1975    0.2766    0.1479    0.0052
569     A         B          323           ASP        97.76         662  265  15  8.925  6.012  1.039   0.2022    0.2740    0.1462    0.0051
570     A         B          324           ALA        98.47         662  265  12  8.925  6.012  1.039   0.1995    0.2748    0.1467    0.0051
571     A         B          325           PHE        98.80         662  265  16  8.925  6.012  1.039   0.2056    0.2763    0.1477    0.0051
572     A         B          326           LEU        98.32         662  265  12  8.925  6.012  1.039   0.1993    0.2750    0.1468    0.0051
573     A         B          327           ILE        97.92         662  265  11  8.925  6.012  1.039   0.2022    0.2719    0.1449    0.0050
574     A         B          328           ASP        96.44         662  265  7  8.925  6.012  1.039   0.1939    0.2705    0.1440    0.0050
575     A         B          329           ARG        95.26         662  265  1  8.925  6.012  1.039   0.1851    0.2644    0.1402    0.0048
576     A         B          330           ILE        92.58         662  265  0  8.925  6.012  1.039   0.1805    0.0000    0.0000    0.0000
577     A         B          331           ASN        94.94         662  265  4  8.925  6.012  1.039   0.1895    0.2698    0.1436    0.0050
578     A         B          332           TRP        97.41         662  265  9  8.925  6.012  1.039   0.1946    0.2699    0.1437    0.0050
579     A         B          333           ILE        97.96         662  265  10  8.925  6.012  1.039   0.1997    0.2744    0.1464    0.0051
580     A         B          334           SER        98.59         662  265  11  8.925  6.012  1.039   0.1979    0.2741    0.1463    0.0051
581     A         B          335           ALA        98.72         662  265  10  8.925  6.012  1.039   0.1994    0.2724    0.1452    0.0050
582     A         B          336           GLY        98.86         662  265  15  8.925  6.012  1.039   0.2019    0.2759    0.1474    0.0051
583     A         B          337           VAL        98.65         662  265  14  8.925  6.012  1.039   0.2046    0.2782    0.1489    0.0052
584     A         B          338           PHE        97.94         662  265  14  8.925  6.012  1.039   0.2064    0.2786    0.1492    0.0052
585     A         B          339           LEU        95.05         662  265  18  8.925  6.012  1.039   0.2080    0.2812    0.1508    0.0053
586     A         B          340           ASP        90.93         662  265  11  8.925  6.012  1.039   0.1990    0.2785    0.1491    0.0052
587     A         B          341           SER        86.59         662  265  14  8.925  6.012  1.039   0.1977    0.2799    0.1499    0.0052
588     A         B          342           ASN        79.29         662  265  14  8.925  6.012  1.039   0.2000    0.2743    0.1464    0.0051
589     A         B          343           GLN        73.91         662  265  15  8.925  6.012  1.039   0.2009    0.2746    0.1466    0.0051
590     A         B          344           THR        80.25         662  265  20  8.925  6.012  1.039   0.2042    0.2785    0.1491    0.0052
591     A         B          345           ALA        86.47         662  265  17  8.925  6.012  1.039   0.2061    0.2758    0.1474    0.0051
592     A         B          346           GLU        85.64         662  265  19  8.925  6.012  1.039   0.2076    0.2813    0.1509    0.0053
593     A         B          347           ASN        91.67         662  265  16  8.925  6.012  1.039   0.2055    0.2781    0.1488    0.0052
594     A         B          348           PRO        95.91         662  265  20  8.925  6.012  1.039   0.2080    0.2751    0.1469    0.0051
595     A         B          349           VAL        97.07         662  265  12  8.925  6.012  1.039   0.2026    0.2762    0.1476    0.0051
596     A         B          350           PHE        98.50         662  265  24  8.925  6.012  1.039   0.2124    0.2800    0.1501    0.0052
597     A         B          351           THR        97.79         662  265  10  8.925  6.012  1.039   0.2000    0.2718    0.1448    0.0050
598     A         B          352           VAL        98.41         662  265  11  8.925  6.012  1.039   0.2016    0.2757    0.1473    0.0051
599     A         B          353           PHE        98.08         662  265  11  8.925  6.012  1.039   0.2015    0.2760    0.1474    0.0051
600     A         B          354           LYS        97.34         662  265  4  8.925  6.012  1.039   0.1899    0.2693    0.1433    0.0050
601     A         B          355           ASP        96.31         662  265  2  8.925  6.012  1.039   0.1848    0.2626    0.1391    0.0048
602     A         B          356           ASN        92.54         662  265  0  8.925  6.012  1.039   0.1752    0.0000    0.0000    0.0000
603     A         B          357           GLU        93.10         662  265  0  8.925  6.012  1.039   0.1788    0.0000    0.0000    0.0000
604     A         B          358           ILE        94.60         662  265  8  8.925  6.012  1.039   0.1946    0.2697    0.1435    0.0050
605     A         B          359           LEU        97.16         662  265  9  8.925  6.012  1.039   0.1956    0.2741    0.1463    0.0051
606     A         B          360           TYR        96.42         662  265  5  8.925  6.012  1.039   0.1868    0.2642    0.1401    0.0048
607     A         B          361           ARG        92.55         662  265  0  8.925  6.012  1.039   0.1810    0.0000    0.0000    0.0000
608     A         B          362           ALA        96.58         662  265  12  8.925  6.012  1.039   0.1989    0.2722    0.1451    0.0050
609     A         B          363           GLN        92.91         662  265  6  8.925  6.012  1.039   0.1925    0.2679    0.1424    0.0049
610     A         B          364           LEU        95.88         662  265  18  8.925  6.012  1.039   0.2049    0.2744    0.1465    0.0051
611     A         B          365           ALA        88.35         662  265  9  8.925  6.012  1.039   0.1958    0.2699    0.1437    0.0050
612     A         B          366           SER        81.85         662  265  14  8.925  6.012  1.039   0.1973    0.2704    0.1440    0.0050
613     A         B          367           GLU        79.72         662  265  15  8.925  6.012  1.039   0.2004    0.2786    0.1491    0.0052
614     A         B          368           ASP        71.12         662  265  14  8.925  6.012  1.039   0.2000    0.2747    0.1467    0.0051
615     A         B          369           THR        84.54         662  265  14  8.925  6.012  1.039   0.1998    0.2712    0.1445    0.0050
616     A         B          370           ASN        80.70         662  265  21  8.925  6.012  1.039   0.2077    0.2809    0.1506    0.0053
617     A         B          371           ALA        91.52         662  265  13  8.925  6.012  1.039   0.2045    0.2762    0.1476    0.0051
618     A         B          372           GLN        88.61         662  265  13  8.925  6.012  1.039   0.1996    0.2726    0.1453    0.0051
619     A         B          373           LYS        94.16         662  265  16  8.925  6.012  1.039   0.2060    0.2764    0.1478    0.0052
620     A         B          374           THR        97.93         662  265  14  8.925  6.012  1.039   0.2068    0.2746    0.1466    0.0051
621     A         B          375           ILE        98.48         662  265  19  8.925  6.012  1.039   0.2107    0.2758    0.1474    0.0051
622     A         B          376           THR        98.80         662  265  11  8.925  6.012  1.039   0.2035    0.2733    0.1458    0.0051
623     A         B          377           ASN        98.35         662  265  14  8.925  6.012  1.039   0.2041    0.2725    0.1453    0.0051
624     A         B          378           CYS        98.40         662  265  16  8.925  6.012  1.039   0.2066    0.2741    0.1463    0.0051
625     A         B          379           PHE        96.78         662  265  15  8.925  6.012  1.039   0.2049    0.2730    0.1456    0.0051
626     A         B          380           LEU        94.86         662  265  3  8.925  6.012  1.039   0.1927    0.2693    0.1433    0.0050
627     A         B          381           LEU        93.26         662  265  0  8.925  6.012  1.039   0.1869    0.0000    0.0000    0.0000
628     A         B          382           LYS        88.69         662  265  0  8.925  6.012  1.039   0.1765    0.0000    0.0000    0.0000
629     A         B          383           ASN        91.60         662  265  0  8.925  6.012  1.039   0.1702    0.0000    0.0000    0.0000
630     A         B          384           LYS        93.72         662  265  6  8.925  6.012  1.039   0.1894    0.2669    0.1418    0.0049
631     A         B          385           ILE        96.99         662  265  10  8.925  6.012  1.039   0.2006    0.2720    0.1450    0.0050
632     A         B          386           TRP        96.93         662  265  12  8.925  6.012  1.039   0.2053    0.2750    0.1469    0.0051
633     A         B          387           CYS        98.38         662  265  16  8.925  6.012  1.039   0.2057    0.2748    0.1467    0.0051
634     A         B          388           ILE        96.58         662  265  11  8.925  6.012  1.039   0.2039    0.2737    0.1460    0.0051
635     A         B          389           SER        97.94         662  265  10  8.925  6.012  1.039   0.2007    0.2730    0.1456    0.0051
636     A         B          390           LEU        95.63         662  265  16  8.925  6.012  1.039   0.2066    0.2750    0.1469    0.0051
637     A         B          391           VAL        95.64         662  265  14  8.925  6.012  1.039   0.2036    0.2746    0.1466    0.0051
638     A         B          392           GLU        89.76         662  265  16  8.925  6.012  1.039   0.2057    0.2745    0.1466    0.0051
639     A         B          393           ILE        87.58         662  265  10  8.925  6.012  1.039   0.1995    0.2718    0.1448    0.0050
640     A         B          394           TYR        70.80         662  265  11  8.925  6.012  1.039   0.1944    0.2721    0.1450    0.0050
641     A         B          395           ASP        60.73         662  265  0  8.925  6.012  1.039   0.1678    0.0000    0.0000    0.0000
642     A         B          396           THR        51.93         662  265  0  8.925  6.012  1.039   0.1558    0.0000    0.0000    0.0000
643     A         B          397           GLY        53.37         662  265  0  8.925  6.012  1.039   0.1532    0.0000    0.0000    0.0000
644     A         B          398           ASP        51.48         662  265  0  8.925  6.012  1.039   0.1606    0.0000    0.0000    0.0000
645     A         B          399           ASN        52.17         662  265  0  8.925  6.012  1.039   0.1705    0.0000    0.0000    0.0000
646     A         B          400           VAL        64.23         662  265  0  8.925  6.012  1.039   0.1736    0.0000    0.0000    0.0000
647     A         B          401           ILE        70.45         662  265  0  8.925  6.012  1.039   0.1865    0.0000    0.0000    0.0000
648     A         B          402           ARG        78.43         662  265  0  8.925  6.012  1.039   0.1880    0.0000    0.0000    0.0000
649     A         B          403           PRO        88.10         662  265  9  8.925  6.012  1.039   0.1991    0.2694    0.1434    0.0050
650     A         B          404           LYS        89.62         662  265  11  8.925  6.012  1.039   0.1988    0.2692    0.1432    0.0050
651     A         B          405           LEU        92.54         662  265  13  8.925  6.012  1.039   0.2059    0.2746    0.1466    0.0051
652     A         B          406           PHE        96.32         662  265  14  8.925  6.012  1.039   0.2039    0.2744    0.1465    0.0051
653     A         B          407           ALA        95.16         662  265  13  8.925  6.012  1.039   0.2044    0.2721    0.1450    0.0050
654     A         B          408           VAL        97.82         662  265  9  8.925  6.012  1.039   0.1977    0.2717    0.1447    0.0050
655     A         B          409           LYS        96.25         662  265  7  8.925  6.012  1.039   0.1962    0.2685    0.1428    0.0050
656     A         B          410           ILE        97.55         662  265  9  8.925  6.012  1.039   0.1956    0.2660    0.1412    0.0049
657     A         B          411           PRO        94.34         662  265  0  8.925  6.012  1.039   0.1733    0.0000    0.0000    0.0000
658     A         B          412           GLU        90.00         662  265  0  8.925  6.012  1.039   0.1499    0.0000    0.0000    0.0000
659     A         B          413           GLN        87.96         662  265  0  8.925  6.012  1.039   0.1164    0.0000    0.0000    0.0000
660     A         B          414           CYS        89.52         662  265  0  8.925  6.012  1.039   0.1150    0.0000    0.0000    0.0000
661     A         B          415           THR        77.60         662  265  0  8.925  6.012  1.039   0.0928    0.0000    0.0000    0.0000
662     A         B          416           HIS        62.71         662  265  0  8.925  6.012  1.039   0.0869    0.0000    0.0000    0.0000
1       B         A            1           ALA        76.75         662  353  0  8.925  6.838  1.039   0.1076    0.0000    0.0000    0.0000
2       B         A            2           VAL        89.87         662  353  0  8.925  6.838  1.039   0.1711    0.0000    0.0000    0.0000
3       B         A            3           SER        93.90         662  353  3  8.925  6.838  1.039   0.1802    0.2707    0.1789    0.0050
4       B         A            4           LEU        96.64         662  353  53  8.925  6.838  2.369   0.2078    0.2852    0.1899    0.0274
5       B         A            5           VAL        97.09         662  353  67  8.925  6.838  2.828   0.2160    0.2855    0.1901    0.0387
6       B         A            6           GLU        96.54         662  353  49  8.925  6.838  2.217   0.2054    0.2827    0.1880    0.0238
7       B         A            7           SER        97.07         662  353  41  8.925  6.838  1.873   0.2037    0.2827    0.1879    0.0171
8       B         A            8           GLY        97.78         662  353  22  8.925  6.838  1.039   0.1916    0.2704    0.1787    0.0050
9       B         A            9           GLY        95.55         662  353  1  8.925  6.838  1.039   0.1824    0.2678    0.1768    0.0049
10      B         A           10           GLY        95.50         662  353  6  8.925  6.838  1.039   0.1876    0.2659    0.1753    0.0049
11      B         A           11           THR        91.87         662  353  11  8.925  6.838  1.039   0.1907    0.2691    0.1777    0.0050
12      B         A           12           VAL        92.54         662  353  14  8.925  6.838  1.039   0.1879    0.2696    0.1781    0.0050
13      B         A           13           LYS        88.06         662  353  6  8.925  6.838  1.039   0.1824    0.2656    0.1751    0.0049
14      B         A           14           PRO        86.56         662  353  34  8.925  6.838  1.509   0.1972    0.2783    0.1846    0.0109
15      B         A           15           GLY        89.45         662  353  30  8.925  6.838  1.258   0.1963    0.2786    0.1848    0.0076
16      B         A           16           GLU        91.61         662  353  16  8.925  6.838  1.039   0.1900    0.2701    0.1785    0.0050
17      B         A           17           SER        96.65         662  353  39  8.925  6.838  1.777   0.1988    0.2829    0.1881    0.0154
18      B         A           18           VAL        96.53         662  353  52  8.925  6.838  2.332   0.2078    0.2822    0.1876    0.0262
19      B         A           19           THR        98.16         662  353  69  8.925  6.838  2.887   0.2161    0.2933    0.1961    0.0417
20      B         A           20           LEU        98.44         662  353  74  8.925  6.838  3.027   0.2171    0.2950    0.1973    0.0461
21      B         A           21           SER        97.79         662  353  68  8.925  6.838  2.858   0.2138    0.2910    0.1943    0.0405
22      B         A           22           CYS        98.08         662  353  64  8.925  6.838  2.738   0.2131    0.2890    0.1927    0.0369
23      B         A           23           GLN        96.51         662  353  51  8.925  6.838  2.294   0.2063    0.2855    0.1901    0.0258
24      B         A           24           ALA        95.30         662  353  37  8.925  6.838  1.675   0.1989    0.2795    0.1855    0.0135
25      B         A           25           SER        94.58         662  353  25  8.925  6.838  1.039   0.1933    0.2744    0.1817    0.0051
26      B         A           26           GLY        93.19         662  353  22  8.925  6.838  1.039   0.1927    0.2724    0.1802    0.0051
27      B         A           27           PHE        89.04         662  353  25  8.925  6.838  1.039   0.1922    0.2746    0.1818    0.0051
28      B         A           28           ASN        85.14         662  353  29  8.925  6.838  1.189   0.1926    0.2788    0.1850    0.0068
29      B         A           29           PHE        92.89         662  353  43  8.925  6.838  1.965   0.2005    0.2863    0.1907    0.0191
30      B         A           30           SER        81.44         662  353  39  8.925  6.838  1.777   0.1954    0.2850    0.1897    0.0156
31      B         A           31           LYS        79.02         662  353  35  8.925  6.838  1.566   0.1941    0.2820    0.1874    0.0120
32      B         A           32           TYR        88.59         662  353  48  8.925  6.838  2.177   0.2078    0.2939    0.1965    0.0242
33      B         A           33           GLN        85.30         662  353  69  8.925  6.838  2.887   0.2160    0.2945    0.1970    0.0420
34      B         A           34           TRP        95.43         662  353  80  8.925  6.838  3.186   0.2251    0.3012    0.2022    0.0523
35      B         A           35           VAL        94.85         662  353  79  8.925  6.838  3.160   0.2253    0.2976    0.1994    0.0506
36      B         A           36           TRP        98.33         662  353  93  8.925  6.838  3.498   0.2311    0.3039    0.2043    0.0631
37      B         A           37           VAL        97.54         662  353  87  8.925  6.838  3.359   0.2272    0.2977    0.1994    0.0568
38      B         A           38           ARG        96.20         662  353  80  8.925  6.838  3.186   0.2237    0.2987    0.2002    0.0516
39      B         A           39           GLN        95.88         662  353  74  8.925  6.838  3.027   0.2200    0.2948    0.1972    0.0460
40      B         A           40           ALA        90.15         662  353  74  8.925  6.838  3.027   0.2203    0.2905    0.1939    0.0451
41      B         A           41           PRO        86.96         662  353  31  8.925  6.838  1.325   0.1964    0.2756    0.1826    0.0083
42      B         A           42           GLY        89.26         662  353  14  8.925  6.838  1.039   0.1888    0.2686    0.1774    0.0050
43      B         A           43           LYS        88.42         662  353  53  8.925  6.838  2.369   0.2066    0.2811    0.1867    0.0268
44      B         A           44           GLY        94.17         662  353  55  8.925  6.838  2.441   0.2092    0.2855    0.1901    0.0291
45      B         A           45           LEU        96.82         662  353  82  8.925  6.838  3.236   0.2210    0.2963    0.1984    0.0526
46      B         A           46           GLU        92.60         662  353  83  8.925  6.838  3.261   0.2254    0.3004    0.2015    0.0544
47      B         A           47           TRP        94.03         662  353  87  8.925  6.838  3.359   0.2278    0.3009    0.2020    0.0577
48      B         A           48           VAL        96.37         662  353  87  8.925  6.838  3.359   0.2274    0.2997    0.2011    0.0574
49      B         A           49           GLY        93.87         662  353  66  8.925  6.838  2.798   0.2164    0.2945    0.1970    0.0395
50      B         A           50           GLN        89.35         662  353  67  8.925  6.838  2.828   0.2159    0.2946    0.1971    0.0404
51      B         A           51           ILE        92.84         662  353  70  8.925  6.838  2.916   0.2160    0.2964    0.1985    0.0432
52      B         A           52           SER        77.97         662  353  57  8.925  6.838  2.510   0.2092    0.2893    0.1931    0.0313
53      B         A           53           PRO        80.76         662  353  47  8.925  6.838  2.137   0.2041    0.2889    0.1927    0.0228
54      B         A           54           ASP        70.50         662  353  33  8.925  6.838  1.450   0.1952    0.2812    0.1868    0.0102
55      B         A           55           GLY        83.79         662  353  33  8.925  6.838  1.450   0.1936    0.2817    0.1872    0.0103
56      B         A           56           SER        70.88         662  353  31  8.925  6.838  1.325   0.1920    0.2825    0.1878    0.0086
57      B         A           57           LYS        72.47         662  353  43  8.925  6.838  1.965   0.1972    0.2847    0.1895    0.0190
58      B         A           58           THR        88.28         662  353  59  8.925  6.838  2.578   0.2071    0.2930    0.1959    0.0335
59      B         A           59           ARG        80.84         662  353  57  8.925  6.838  2.510   0.2063    0.2928    0.1957    0.0318
60      B         A           60           TYR        91.39         662  353  77  8.925  6.838  3.108   0.2177    0.2989    0.2004    0.0494
61      B         A           61           HIS        89.95         662  353  71  8.925  6.838  2.944   0.2187    0.2955    0.1978    0.0438
62      B         A           62           PRO        81.18         662  353  59  8.925  6.838  2.578   0.2099    0.2898    0.1934    0.0330
63      B         A           63           SER        84.23         662  353  68  8.925  6.838  2.858   0.2143    0.2944    0.1969    0.0412
64      B         A           64           VAL        93.29         662  353  62  8.925  6.838  2.675   0.2126    0.2921    0.1952    0.0358
65      B         A           65           ALA        85.29         662  353  33  8.925  6.838  1.450   0.1969    0.2812    0.1868    0.0102
66      B         A           66           GLY        89.47         662  353  56  8.925  6.838  2.476   0.2063    0.2894    0.1931    0.0305
67      B         A           67           ARG        93.60         662  353  59  8.925  6.838  2.578   0.2104    0.2935    0.1962    0.0336
68      B         A           68           PHE        97.26         662  353  76  8.925  6.838  3.081   0.2190    0.2972    0.1991    0.0482
69      B         A           69           THR        97.41         662  353  69  8.925  6.838  2.887   0.2155    0.2955    0.1978    0.0422
70      B         A           70           ILE        97.23         662  353  70  8.925  6.838  2.916   0.2151    0.2953    0.1976    0.0430
71      B         A           71           SER        96.80         662  353  58  8.925  6.838  2.544   0.2083    0.2944    0.1969    0.0329
72      B         A           72           ARG        92.99         662  353  35  8.925  6.838  1.566   0.1929    0.2832    0.1883    0.0120
73      B         A           73           ASP        95.84         662  353  39  8.925  6.838  1.777   0.1971    0.2846    0.1894    0.0156
74      B         A           74           ASN        90.19         662  353  12  8.925  6.838  1.039   0.1805    0.2730    0.1806    0.0051
75      B         A           75           SER        93.48         662  353  22  8.925  6.838  1.039   0.1862    0.2771    0.1837    0.0052
76      B         A           76           ASN        94.53         662  353  5  8.925  6.838  1.039   0.1803    0.2712    0.1793    0.0050
77      B         A           77           SER        95.39         662  353  36  8.925  6.838  1.621   0.1969    0.2818    0.1873    0.0128
78      B         A           78           THR        97.61         662  353  56  8.925  6.838  2.476   0.2070    0.2896    0.1933    0.0305
79      B         A           79           LEU        97.90         662  353  64  8.925  6.838  2.738   0.2118    0.2898    0.1934    0.0371
80      B         A           80           TYR        98.38         662  353  70  8.925  6.838  2.916   0.2156    0.2967    0.1987    0.0432
81      B         A           81           LEU        98.66         662  353  73  8.925  6.838  3.000   0.2168    0.2957    0.1979    0.0454
82      B         A           82           HIS        98.08         662  353  69  8.925  6.838  2.887   0.2147    0.2935    0.1963    0.0418
83      B         A           83           MET        97.48         662  353  67  8.925  6.838  2.828   0.2109    0.2900    0.1936    0.0395
84      B         A           84           SER        95.25         662  353  40  8.925  6.838  1.826   0.1991    0.2839    0.1889    0.0163
85      B         A           85           ASN        91.46         662  353  49  8.925  6.838  2.217   0.2057    0.2863    0.1907    0.0242
86      B         A           86           LEU        93.14         662  353  54  8.925  6.838  2.405   0.2073    0.2870    0.1912    0.0285
87      B         A           87           ARG        85.69         662  353  34  8.925  6.838  1.509   0.1970    0.2805    0.1863    0.0110
88      B         A           88           PRO        84.61         662  353  32  8.925  6.838  1.388   0.1996    0.2816    0.1871    0.0094
89      B         A           89           GLU        84.36         662  353  38  8.925  6.838  1.726   0.1997    0.2805    0.1863    0.0144
90      B         A           90           ASP        93.03         662  353  68  8.925  6.838  2.858   0.2125    0.2910    0.1943    0.0405
91      B         A           91           THR        91.98         662  353  71  8.925  6.838  2.944   0.2172    0.2894    0.1930    0.0425
92      B         A           92           ALA        95.21         662  353  66  8.925  6.838  2.798   0.2168    0.2878    0.1918    0.0383
93      B         A           93           VAL        97.14         662  353  85  8.925  6.838  3.310   0.2273    0.2941    0.1967    0.0544
94      B         A           94           TYR        98.49         662  353  94  8.925  6.838  3.521   0.2306    0.2988    0.2003    0.0624
95      B         A           95           TYR        98.25         662  353  92  8.925  6.838  3.475   0.2322    0.2992    0.2006    0.0610
96      B         A           96           CYS        96.51         662  353  82  8.925  6.838  3.236   0.2226    0.2927    0.1956    0.0518
97      B         A           97           GLY        97.11         662  353  68  8.925  6.838  2.858   0.2190    0.2941    0.1966    0.0411
98      B         A           98           ILE        93.04         662  353  74  8.925  6.838  3.027   0.2250    0.2987    0.2002    0.0469
99      B         A           99           ILE        86.65         662  353  70  8.925  6.838  2.916   0.2221    0.2944    0.1969    0.0428
100     B         A          100           PRO        78.41         662  353  30  8.925  6.838  1.258   0.1941    0.2740    0.1814    0.0075
101     B         A          101           GLN        61.50         662  353  0  8.925  6.838  1.039   0.1685    0.0000    0.0000    0.0000
102     B         A          102           ASP        54.16         662  353  0  8.925  6.838  1.039   0.1729    0.0000    0.0000    0.0000
103     B         A          103           ASN        54.54         662  353  0  8.925  6.838  1.039   0.1775    0.0000    0.0000    0.0000
104     B         A          104           VAL        48.43         662  353  1  8.925  6.838  1.039   0.1759    0.2693    0.1778    0.0050
105     B         A          105           HIS        48.68         662  353  7  8.925  6.838  1.039   0.1804    0.2673    0.1764    0.0049
106     B         A          106           GLY        54.91         662  353  6  8.925  6.838  1.039   0.1761    0.2696    0.1781    0.0050
107     B         A          107           ASP        68.41         662  353  10  8.925  6.838  1.039   0.1825    0.2655    0.1750    0.0049
108     B         A          108           TYR        73.07         662  353  33  8.925  6.838  1.450   0.1981    0.2788    0.1850    0.0101
109     B         A          109           SER        83.84         662  353  58  8.925  6.838  2.544   0.2149    0.2949    0.1972    0.0329
110     B         A          110           ILE        94.36         662  353  77  8.925  6.838  3.108   0.2256    0.2953    0.1976    0.0485
111     B         A          111           SER        88.38         662  353  68  8.925  6.838  2.858   0.2205    0.2959    0.1980    0.0414
112     B         A          112           HIS        94.12         662  353  71  8.925  6.838  2.944   0.2228    0.2929    0.1957    0.0432
113     B         A          113           TRP        97.18         662  353  86  8.925  6.838  3.335   0.2292    0.2951    0.1975    0.0554
114     B         A          114           GLY        97.70         662  353  75  8.925  6.838  3.054   0.2206    0.2896    0.1932    0.0457
115     B         A          115           GLN        94.53         662  353  45  8.925  6.838  2.053   0.2071    0.2807    0.1864    0.0203
116     B         A          116           GLY        97.74         662  353  46  8.925  6.838  2.095   0.2063    0.2818    0.1873    0.0212
117     B         A          117           THR        97.54         662  353  63  8.925  6.838  2.706   0.2149    0.2866    0.1910    0.0357
118     B         A          118           LEU        96.54         662  353  77  8.925  6.838  3.108   0.2224    0.2920    0.1951    0.0477
119     B         A          119           LEU        96.54         662  353  62  8.925  6.838  2.675   0.2122    0.2864    0.1908    0.0349
120     B         A          120           THR        93.44         662  353  47  8.925  6.838  2.137   0.2080    0.2793    0.1854    0.0218
121     B         A          121           VAL        90.68         662  353  13  8.925  6.838  1.039   0.1878    0.2686    0.1773    0.0050
122     B         A          122           SER        76.17         662  353  0  8.925  6.838  1.039   0.1074    0.0000    0.0000    0.0000
123     B         A          123           ALA        55.67         662  353  0  8.925  6.838  1.039   0.0873    0.0000    0.0000    0.0000
124     B         A          124           GLY        58.98         662  353  0  8.925  6.838  1.039   0.0824    0.0000    0.0000    0.0000
125     B         A          125           GLY        49.16         662  353  0  8.925  6.838  1.039   0.0797    0.0000    0.0000    0.0000
126     B         A          126           GLY        50.19         662  353  0  8.925  6.838  1.039   0.0791    0.0000    0.0000    0.0000
127     B         A          127           SER        45.27         662  353  0  8.925  6.838  1.039   0.0797    0.0000    0.0000    0.0000
128     B         A          128           GLY        44.75         662  353  0  8.925  6.838  1.039   0.0793    0.0000    0.0000    0.0000
129     B         A          129           GLY        43.34         662  353  0  8.925  6.838  1.039   0.0792    0.0000    0.0000    0.0000
130     B         A          130           GLY        43.47         662  353  0  8.925  6.838  1.039   0.0807    0.0000    0.0000    0.0000
131     B         A          131           SER        42.39         662  353  0  8.925  6.838  1.039   0.0840    0.0000    0.0000    0.0000
132     B         A          132           GLY        42.85         662  353  0  8.925  6.838  1.039   0.0844    0.0000    0.0000    0.0000
133     B         A          133           GLY        40.87         662  353  0  8.925  6.838  1.039   0.0859    0.0000    0.0000    0.0000
134     B         A          134           GLY        42.15         662  353  0  8.925  6.838  1.039   0.0867    0.0000    0.0000    0.0000
135     B         A          135           SER        43.36         662  353  0  8.925  6.838  1.039   0.0874    0.0000    0.0000    0.0000
136     B         A          136           GLY        43.40         662  353  0  8.925  6.838  1.039   0.0898    0.0000    0.0000    0.0000
137     B         A          137           GLY        41.28         662  353  0  8.925  6.838  1.039   0.0936    0.0000    0.0000    0.0000
138     B         A          138           GLY        47.23         662  353  0  8.925  6.838  1.039   0.1015    0.0000    0.0000    0.0000
139     B         A          139           SER        53.01         662  353  0  8.925  6.838  1.039   0.1168    0.0000    0.0000    0.0000
140     B         A          140           ALA        76.35         662  353  1  8.925  6.838  1.039   0.1669    0.2669    0.1761    0.0049
141     B         A          141           ILE        87.86         662  353  69  8.925  6.838  2.887   0.2154    0.2917    0.1948    0.0414
142     B         A          142           LYS        91.07         662  353  84  8.925  6.838  3.286   0.2245    0.2985    0.2001    0.0547
143     B         A          143           LEU        96.82         662  353  90  8.925  6.838  3.429   0.2280    0.3002    0.2014    0.0598
144     B         A          144           THR        96.91         662  353  81  8.925  6.838  3.211   0.2226    0.2947    0.1972    0.0515
145     B         A          145           GLN        97.48         662  353  79  8.925  6.838  3.160   0.2191    0.2929    0.1958    0.0495
146     B         A          146           SER        96.01         662  353  44  8.925  6.838  2.010   0.2004    0.2785    0.1848    0.0192
147     B         A          147           PRO        96.29         662  353  35  8.925  6.838  1.566   0.2016    0.2787    0.1849    0.0118
148     B         A          148           LYS        93.40         662  353  38  8.925  6.838  1.726   0.2046    0.2819    0.1874    0.0145
149     B         A          149           SER        93.93         662  353  27  8.925  6.838  1.039   0.1978    0.2771    0.1837    0.0052
150     B         A          150           LEU        91.75         662  353  11  8.925  6.838  1.039   0.1919    0.2680    0.1769    0.0049
151     B         A          151           SER        94.85         662  353  25  8.925  6.838  1.039   0.1998    0.2753    0.1824    0.0051
152     B         A          152           ALA        95.25         662  353  28  8.925  6.838  1.116   0.2031    0.2735    0.1810    0.0059
153     B         A          153           SER        95.70         662  353  22  8.925  6.838  1.039   0.2019    0.2724    0.1802    0.0050
154     B         A          154           VAL        95.43         662  353  45  8.925  6.838  2.053   0.2124    0.2799    0.1858    0.0202
155     B         A          155           GLY        96.30         662  353  42  8.925  6.838  1.920   0.2093    0.2796    0.1856    0.0177
156     B         A          156           ASP        95.56         662  353  55  8.925  6.838  2.441   0.2150    0.2820    0.1874    0.0286
157     B         A          157           THR        96.62         662  353  69  8.925  6.838  2.887   0.2186    0.2865    0.1909    0.0404
158     B         A          158           VAL        95.95         662  353  75  8.925  6.838  3.054   0.2220    0.2889    0.1927    0.0455
159     B         A          159           THR        96.68         662  353  72  8.925  6.838  2.972   0.2195    0.2911    0.1944    0.0437
160     B         A          160           ILE        98.06         662  353  85  8.925  6.838  3.310   0.2271    0.2967    0.1987    0.0550
161     B         A          161           ASN        97.75         662  353  79  8.925  6.838  3.160   0.2219    0.2954    0.1977    0.0501
162     B         A          162           CYS        98.02         662  353  88  8.925  6.838  3.382   0.2281    0.2982    0.1999    0.0577
163     B         A          163           THR        96.43         662  353  75  8.925  6.838  3.054   0.2215    0.2958    0.1980    0.0470
164     B         A          164           ALA        93.23         662  353  77  8.925  6.838  3.108   0.2221    0.2947    0.1972    0.0484
165     B         A          165           SER        89.18         662  353  88  8.925  6.838  3.382   0.2267    0.3037    0.2041    0.0592
166     B         A          166           ARG        77.23         662  353  80  8.925  6.838  3.186   0.2216    0.2967    0.1987    0.0512
167     B         A          167           PRO        72.74         662  353  74  8.925  6.838  3.027   0.2189    0.2950    0.1974    0.0461
168     B         A          168           ILE        83.04         662  353  57  8.925  6.838  2.510   0.2171    0.2908    0.1942    0.0315
169     B         A          169           GLY        73.98         662  353  63  8.925  6.838  2.706   0.2164    0.2883    0.1922    0.0360
170     B         A          170           ASP        77.03         662  353  72  8.925  6.838  2.972   0.2200    0.2911    0.1944    0.0437
171     B         A          171           LEU        79.39         662  353  73  8.925  6.838  3.000   0.2208    0.2926    0.1956    0.0448
172     B         A          172           LEU        93.09         662  353  100  8.925  6.838  3.652   0.2365    0.3052    0.2054    0.0689
173     B         A          173           SER        95.30         662  353  108  8.925  6.838  3.818   0.2387    0.3021    0.2029    0.0737
174     B         A          174           TRP        98.14         662  353  117  8.925  6.838  3.994   0.2427    0.3071    0.2069    0.0820
175     B         A          175           TYR        98.11         662  353  125  8.925  6.838  4.141   0.2438    0.3047    0.2050    0.0866
176     B         A          176           LYS        97.86         662  353  104  8.925  6.838  3.736   0.2365    0.2972    0.1991    0.0692
177     B         A          177           GLN        97.88         662  353  94  8.925  6.838  3.521   0.2310    0.2957    0.1979    0.0615
178     B         A          178           LYS        95.71         662  353  77  8.925  6.838  3.108   0.2244    0.2893    0.1930    0.0471
179     B         A          179           PRO        91.92         662  353  40  8.925  6.838  1.826   0.2067    0.2794    0.1854    0.0160
180     B         A          180           GLY        93.88         662  353  30  8.925  6.838  1.258   0.2015    0.2745    0.1817    0.0075
181     B         A          181           LYS        95.24         662  353  72  8.925  6.838  2.972   0.2221    0.2881    0.1921    0.0430
182     B         A          182           PRO        96.07         662  353  79  8.925  6.838  3.160   0.2246    0.2936    0.1963    0.0497
183     B         A          183           PRO        97.34         662  353  78  8.925  6.838  3.134   0.2230    0.2921    0.1951    0.0485
184     B         A          184           GLN        94.86         662  353  82  8.925  6.838  3.236   0.2267    0.2934    0.1961    0.0519
185     B         A          185           LEU        95.59         662  353  112  8.925  6.838  3.897   0.2387    0.3009    0.2020    0.0762
186     B         A          186           LEU        97.61         662  353  92  8.925  6.838  3.475   0.2316    0.2982    0.1999    0.0607
187     B         A          187           ILE        96.19         662  353  117  8.925  6.838  3.994   0.2426    0.3036    0.2042    0.0807
188     B         A          188           TYR        90.40         662  353  88  8.925  6.838  3.382   0.2305    0.2988    0.2003    0.0579
189     B         A          189           ARG        79.04         662  353  78  8.925  6.838  3.134   0.2239    0.2955    0.1978    0.0493
190     B         A          190           SER        89.71         662  353  72  8.925  6.838  2.972   0.2199    0.2918    0.1949    0.0438
191     B         A          191           SER        87.75         662  353  75  8.925  6.838  3.054   0.2198    0.2936    0.1963    0.0466
192     B         A          192           THR        84.43         662  353  83  8.925  6.838  3.261   0.2258    0.2931    0.1959    0.0526
193     B         A          193           LEU        92.32         662  353  85  8.925  6.838  3.310   0.2266    0.2958    0.1980    0.0548
194     B         A          194           ALA        92.33         662  353  81  8.925  6.838  3.211   0.2267    0.2930    0.1958    0.0511
195     B         A          195           SER        84.89         662  353  58  8.925  6.838  2.544   0.2142    0.2872    0.1914    0.0318
196     B         A          196           GLY        92.49         662  353  50  8.925  6.838  2.256   0.2098    0.2824    0.1878    0.0246
197     B         A          197           VAL        95.74         662  353  59  8.925  6.838  2.578   0.2160    0.2837    0.1887    0.0320
198     B         A          198           SER        93.28         662  353  29  8.925  6.838  1.189   0.2028    0.2744    0.1816    0.0067
199     B         A          199           SER        93.94         662  353  40  8.925  6.838  1.826   0.2069    0.2796    0.1856    0.0160
200     B         A          200           ARG        95.61         662  353  50  8.925  6.838  2.256   0.2126    0.2835    0.1886    0.0247
201     B         A          201           TYR        97.62         662  353  83  8.925  6.838  3.261   0.2279    0.2937    0.1963    0.0527
202     B         A          202           SER        95.28         662  353  84  8.925  6.838  3.286   0.2255    0.2956    0.1979    0.0540
203     B         A          203           GLY        95.34         662  353  76  8.925  6.838  3.081   0.2219    0.2920    0.1951    0.0470
204     B         A          204           SER        92.48         662  353  69  8.925  6.838  2.887   0.2145    0.2892    0.1929    0.0409
205     B         A          205           GLY        90.43         662  353  42  8.925  6.838  1.920   0.2036    0.2864    0.1907    0.0183
206     B         A          206           SER        78.02         662  353  24  8.925  6.838  1.039   0.1952    0.2761    0.1830    0.0051
207     B         A          207           ASP        76.25         662  353  27  8.925  6.838  1.039   0.1978    0.2821    0.1875    0.0053
208     B         A          208           THR        89.36         662  353  54  8.925  6.838  2.405   0.2104    0.2900    0.1935    0.0289
209     B         A          209           ASN        91.57         662  353  62  8.925  6.838  2.675   0.2120    0.2911    0.1944    0.0357
210     B         A          210           PHE        96.18         662  353  83  8.925  6.838  3.261   0.2255    0.3018    0.2027    0.0548
211     B         A          211           THR        96.04         662  353  78  8.925  6.838  3.134   0.2205    0.2942    0.1968    0.0491
212     B         A          212           LEU        98.26         662  353  89  8.925  6.838  3.406   0.2282    0.2971    0.1991    0.0582
213     B         A          213           THR        97.41         662  353  81  8.925  6.838  3.211   0.2242    0.2942    0.1968    0.0514
214     B         A          214           ILE        97.41         662  353  84  8.925  6.838  3.286   0.2278    0.2943    0.1968    0.0537
215     B         A          215           SER        95.59         662  353  40  8.925  6.838  1.826   0.2045    0.2809    0.1866    0.0161
216     B         A          216           SER        95.93         662  353  43  8.925  6.838  1.965   0.2076    0.2794    0.1855    0.0185
217     B         A          217           LEU        96.09         662  353  47  8.925  6.838  2.137   0.2099    0.2790    0.1852    0.0217
218     B         A          218           GLN        94.89         662  353  39  8.925  6.838  1.777   0.2085    0.2809    0.1866    0.0153
219     B         A          219           SER        93.32         662  353  22  8.925  6.838  1.039   0.1987    0.2731    0.1807    0.0051
220     B         A          220           SER        93.48         662  353  33  8.925  6.838  1.450   0.2030    0.2772    0.1838    0.0100
221     B         A          221           ASP        96.73         662  353  58  8.925  6.838  2.544   0.2144    0.2842    0.1891    0.0313
222     B         A          222           PHE        97.03         662  353  77  8.925  6.838  3.108   0.2263    0.2910    0.1943    0.0475
223     B         A          223           ALA        97.22         662  353  74  8.925  6.838  3.027   0.2212    0.2868    0.1911    0.0443
224     B         A          224           THR        97.77         662  353  93  8.925  6.838  3.498   0.2316    0.2959    0.1980    0.0608
225     B         A          225           TYR        98.67         662  353  106  8.925  6.838  3.777   0.2375    0.3032    0.2038    0.0726
226     B         A          226           TYR        98.48         662  353  115  8.925  6.838  3.956   0.2409    0.3038    0.2042    0.0793
227     B         A          227           CYS        97.72         662  353  99  8.925  6.838  3.631   0.2330    0.3019    0.2027    0.0671
228     B         A          228           ARG        96.06         662  353  82  8.925  6.838  3.236   0.2248    0.2966    0.1986    0.0527
229     B         A          229           GLN        91.37         662  353  87  8.925  6.838  3.359   0.2285    0.2995    0.2009    0.0573
230     B         A          230           THR        82.55         662  353  72  8.925  6.838  2.972   0.2213    0.2897    0.1933    0.0434
231     B         A          231           SER        75.70         662  353  50  8.925  6.838  2.256   0.2087    0.2885    0.1924    0.0253
232     B         A          232           ARG        69.28         662  353  57  8.925  6.838  2.510   0.2091    0.2949    0.1973    0.0321
233     B         A          233           PHE        75.77         662  353  66  8.925  6.838  2.798   0.2137    0.2908    0.1942    0.0389
234     B         A          234           PRO        83.50         662  353  73  8.925  6.838  3.000   0.2190    0.2970    0.1990    0.0457
235     B         A          235           ILE        90.07         662  353  96  8.925  6.838  3.565   0.2346    0.3004    0.2016    0.0644
236     B         A          236           THR        92.40         662  353  78  8.925  6.838  3.134   0.2218    0.2966    0.1986    0.0496
237     B         A          237           PHE        96.50         662  353  115  8.925  6.838  3.956   0.2417    0.3069    0.2067    0.0804
238     B         A          238           GLY        97.13         662  353  82  8.925  6.838  3.236   0.2247    0.2982    0.1998    0.0531
239     B         A          239           GLU        93.33         662  353  76  8.925  6.838  3.081   0.2191    0.2934    0.1962    0.0473
240     B         A          240           GLY        97.77         662  353  61  8.925  6.838  2.643   0.2141    0.2893    0.1929    0.0345
241     B         A          241           THR        97.94         662  353  84  8.925  6.838  3.286   0.2270    0.2967    0.1986    0.0542
242     B         A          242           THR        96.75         662  353  85  8.925  6.838  3.310   0.2280    0.2950    0.1974    0.0546
243     B         A          243           ILE        96.97         662  353  79  8.925  6.838  3.160   0.2231    0.2895    0.1931    0.0487
244     B         A          244           ASN        94.29         662  353  58  8.925  6.838  2.544   0.2130    0.2818    0.1873    0.0309
245     B         A          245           LYS        91.85         662  353  8  8.925  6.838  1.039   0.1917    0.2671    0.1762    0.0049
246     B         A          246           LYS        82.54         662  353  0  8.925  6.838  1.039   0.1217    0.0000    0.0000    0.0000
